0,1.046875
1,2.125
2,3.140625
3,4.125
4,5.109375
5,6.09375
6,7.078125
7,8.0625
8,8.984375
9,9.8125
10,10.71875
11,11.5625
12,12.328125
13,13.125
14,14.0
15,14.71875
16,15.390625
17,16.0625
18,16.734375
19,17.515625
20,18.1875
21,18.890625
22,19.59375
23,20.234375
24,20.9375
25,21.8125
26,22.625
27,23.265625
28,24.0
29,24.734375
30,25.46875
31,26.203125
32,26.9375
33,27.8125
34,28.453125
35,29.1875
36,29.921875
37,30.65625
38,31.265625
39,32.0
40,32.734375
41,33.46875
42,34.203125
43,34.96875
44,35.703125
45,36.4375
46,37.203125
47,37.984375
48,38.578125
49,39.359375
50,40.140625
51,40.8125
52,41.546875
53,42.1875
54,42.9375
55,43.625
56,44.328125
57,45.0
58,45.609375
59,46.28125
60,46.953125
61,47.5625
62,48.296875
63,49.015625
64,49.6875
65,50.359375
66,51.0
67,51.671875
68,52.3125
69,53.078125
70,53.84375
71,54.515625
72,55.1875
73,55.828125
74,56.46875
75,57.171875
76,57.890625
77,58.625
78,59.390625
79,60.15625
80,60.921875
81,61.6875
82,62.453125
83,63.21875
84,63.984375
85,64.71875
86,65.484375
87,66.25
88,67.015625
89,67.78125
90,68.546875
91,69.3125
92,70.015625
93,70.671875
94,71.28125
95,71.96875
96,72.734375
97,73.4375
98,74.125
99,74.828125
100,75.484375
101,76.140625
102,76.796875
103,77.453125
104,78.109375
105,78.765625
106,79.328125
107,80.0
108,80.828125
109,81.328125
110,81.984375
111,82.640625
112,83.203125
113,83.875
114,84.703125
115,85.203125
116,85.859375
117,86.484375
118,87.28125
119,87.9375
120,88.53125
121,89.1875
122,90.015625
123,90.609375
124,91.265625
125,92.09375
126,92.71875
127,93.515625
128,94.078125
129,94.75
130,95.578125
131,96.265625
132,96.875
133,97.53125
134,98.1875
135,98.875
136,99.703125
137,100.265625
138,100.859375
139,101.515625
140,102.3125
141,102.875
142,103.703125
143,104.296875
144,105.125
145,105.78125
146,106.40625
147,107.171875
148,107.765625
149,108.53125
150,109.125
151,109.921875
152,110.546875
153,111.34375
154,111.90625
155,112.671875
156,113.359375
157,113.953125
158,114.609375
159,115.234375
160,116.03125
161,116.6875
162,117.34375
163,118.0
164,118.65625
165,119.3125
166,119.9375
167,120.734375
168,121.328125
169,121.984375
170,122.640625
171,123.296875
172,123.953125
173,124.609375
174,125.234375
175,125.921875
176,126.578125
177,127.234375
178,127.859375
179,128.51562
180,129.17188
181,129.82812
182,130.48438
183,131.10938
184,131.79688
185,132.45312
186,133.10938
187,133.73438
188,134.39062
189,135.1875
190,135.84375
191,136.5
192,137.1875
193,137.84375
194,138.5
195,139.125
196,139.78125
197,140.57812
198,141.23438
199,141.89062
200,142.57812
201,143.23438
202,143.89062
203,144.51562
204,145.17188
205,145.82812
206,146.51562
207,147.10938
208,147.79688
209,148.45312
210,149.10938
211,149.76562
212,150.39062
213,151.07812
214,151.73438
215,152.39062
216,153.01562
217,153.70312
218,154.35938
219,155.01562
220,155.64062
221,156.32812
222,156.98438
223,157.64062
224,158.26562
225,158.92188
226,159.57812
227,160.20312
228,160.85938
229,161.51562
230,162.17188
231,162.82812
232,163.45312
233,164.14062
234,164.79688
235,165.45312
236,166.07812
237,166.73438
238,167.39062
239,168.07812
240,168.73438
241,169.5
242,170.125
243,170.75
244,171.40625
245,172.0625
246,172.71875
247,173.34375
248,174.0
249,174.65625
250,175.3125
251,175.96875
252,176.59375
253,177.25
254,177.90625
255,178.5625
256,179.21875
257,179.84375
258,180.53125
259,181.1875
260,181.84375
261,182.46875
262,183.125
263,183.78125
264,184.4375
265,185.09375
266,185.75
267,186.375
268,187.03125
269,187.6875
270,188.34375
271,189.0
272,189.625
273,190.28125
274,190.9375
275,191.59375
276,192.25
277,192.875
278,193.53125
279,194.1875
280,194.84375
281,195.5
282,196.125
283,196.8125
284,197.46875
285,198.125
286,198.75
287,199.40625
288,200.0625
289,200.71875
290,201.375
291,202.03125
292,202.65625
293,203.3125
294,203.96875
295,204.625
296,205.28125
297,205.90625
298,206.5625
299,207.21875
300,207.875
301,208.53125
302,209.15625
303,209.8125
304,210.46875
305,211.125
306,211.78125
307,212.40625
308,213.09375
309,213.75
310,214.40625
311,215.03125
312,215.6875
313,216.34375
314,217.0
315,217.65625
316,218.3125
317,218.9375
318,219.59375
319,220.25
320,220.90625
321,221.5625
322,222.1875
323,222.84375
324,223.5
325,224.15625
326,224.8125
327,225.4375
328,226.09375
329,226.75
330,227.40625
331,228.0625
332,228.6875
333,229.375
334,230.03125
335,230.6875
336,231.3125
337,231.96875
338,232.625
339,233.28125
340,233.9375
341,234.59375
342,235.21875
343,235.875
344,236.53125
345,237.1875
346,237.84375
347,238.46875
348,239.125
349,239.78125
350,240.4375
351,241.09375
352,241.71875
353,242.375
354,243.03125
355,243.6875
356,244.34375
357,244.96875
358,245.65625
359,246.3125
360,246.96875
361,247.59375
362,248.25
363,248.90625
364,249.5625
365,250.21875
366,250.875
367,251.5
368,252.15625
369,252.8125
370,253.46875
371,254.125
372,254.75
373,255.40625
374,256.0625
375,256.71875
376,257.375
377,258.0
378,258.65625
379,259.3125
380,259.96875
381,260.625
382,261.25
383,261.9375
384,262.59375
385,263.25
386,263.875
387,264.53125
388,265.1875
389,265.84375
390,266.5
391,267.15625
392,267.78125
393,268.4375
394,269.09375
395,269.75
396,270.40625
397,271.03125
398,271.6875
399,272.34375
400,273.0
401,273.65625
402,274.28125
403,274.9375
404,275.59375
405,276.25
406,276.90625
407,277.53125
408,278.21875
409,278.875
410,279.53125
411,280.15625
412,280.8125
413,281.46875
414,282.125
415,282.78125
416,283.4375
417,284.0625
418,284.71875
419,285.375
420,286.03125
421,286.6875
422,287.3125
423,287.96875
424,288.625
425,289.28125
426,289.9375
427,290.5625
428,291.21875
429,291.875
430,292.53125
431,293.1875
432,293.8125
433,294.5
434,295.15625
435,295.8125
436,296.4375
437,297.09375
438,297.75
439,298.40625
440,299.0625
441,299.71875
442,300.34375
443,301.0
444,301.65625
445,302.3125
446,302.96875
447,303.59375
448,304.25
449,304.90625
450,305.5625
451,306.21875
452,306.84375
453,307.5
454,308.15625
455,308.8125
456,309.46875
457,310.09375
458,310.78125
459,311.4375
460,312.09375
461,312.71875
462,313.375
463,314.03125
464,314.6875
465,315.34375
466,316.0
467,316.625
468,317.28125
469,317.9375
470,318.59375
471,319.25
472,319.875
473,320.53125
474,321.1875
475,321.84375
476,322.5
477,323.125
478,323.78125
479,324.4375
480,325.09375
481,325.75
482,326.375
483,327.0625
484,327.71875
485,328.375
486,329.0
487,329.65625
488,330.3125
489,330.96875
490,331.625
491,332.28125
492,332.90625
493,333.5625
494,334.21875
495,334.875
496,335.53125
497,336.15625
498,336.8125
499,337.46875
0,0.953125
1,1.96875
2,2.921875
3,3.90625
4,4.890625
5,5.84375
6,6.890625
7,7.6875
8,8.59375
9,9.40625
10,10.171875
11,10.953125
12,11.859375
13,12.6875
14,13.46875
15,14.25
16,14.921875
17,15.890625
18,16.578125
19,17.28125
20,18.0625
21,18.765625
22,19.515625
23,20.25
24,21.09375
25,21.9375
26,22.640625
27,23.390625
28,24.125
29,24.859375
30,25.53125
31,26.265625
32,26.9375
33,27.609375
34,28.28125
35,28.953125
36,29.65625
37,30.328125
38,31.0
39,31.703125
40,32.40625
41,33.109375
42,33.78125
43,34.453125
44,35.15625
45,35.9375
46,36.609375
47,37.28125
48,37.984375
49,38.734375
50,39.4375
51,40.046875
52,40.75
53,41.359375
54,41.96875
55,42.578125
56,43.21875
57,43.859375
58,44.5625
59,45.265625
60,45.9375
61,46.671875
62,47.34375
63,48.046875
64,48.75
65,49.453125
66,50.125
67,50.828125
68,51.53125
69,52.234375
70,52.9375
71,53.640625
72,54.34375
73,55.046875
74,55.71875
75,56.421875
76,57.125
77,57.828125
78,58.53125
79,59.234375
80,59.9375
81,60.609375
82,61.28125
83,61.953125
84,62.65625
85,63.359375
86,64.0625
87,64.703125
88,65.265625
89,65.96875
90,66.609375
91,67.171875
92,67.875
93,68.515625
94,69.078125
95,69.71875
96,70.28125
97,70.921875
98,71.453125
99,72.015625
100,72.546875
101,73.109375
102,73.640625
103,74.203125
104,74.734375
105,75.296875
106,75.828125
107,76.390625
108,76.921875
109,77.484375
110,78.015625
111,78.578125
112,79.109375
113,79.671875
114,80.203125
115,80.765625
116,81.296875
117,81.859375
118,82.390625
119,82.953125
120,83.484375
121,84.046875
122,84.578125
123,85.140625
124,85.671875
125,86.234375
126,86.765625
127,87.328125
128,87.859375
129,88.421875
130,88.953125
131,89.515625
132,90.046875
133,90.609375
134,91.140625
135,91.703125
136,92.234375
137,92.796875
138,93.328125
139,93.890625
140,94.421875
141,94.984375
142,95.515625
143,96.078125
144,96.609375
145,97.171875
146,97.703125
147,98.265625
148,98.796875
149,99.359375
150,99.890625
151,100.453125
152,100.984375
153,101.546875
154,102.078125
155,102.640625
156,103.171875
157,103.734375
158,104.265625
159,104.828125
160,105.359375
161,105.921875
162,106.453125
163,107.015625
164,107.546875
165,108.109375
166,108.640625
167,109.203125
168,109.734375
169,110.296875
170,110.828125
171,111.390625
172,111.921875
173,112.484375
174,113.015625
175,113.578125
176,114.109375
177,114.671875
178,115.203125
179,115.765625
180,116.296875
181,116.859375
182,117.390625
183,117.953125
184,118.484375
185,119.046875
186,119.578125
187,120.140625
188,120.671875
189,121.234375
190,121.765625
191,122.328125
192,122.859375
193,123.421875
194,123.953125
195,124.515625
196,125.046875
197,125.609375
198,126.140625
199,126.703125
200,127.234375
201,127.796875
202,128.32812
203,128.89062
204,129.42188
205,129.98438
206,130.51562
207,131.07812
208,131.60938
209,132.17188
210,132.70312
211,133.26562
212,133.79688
213,134.35938
214,134.89062
215,135.45312
216,135.98438
217,136.54688
218,137.07812
219,137.64062
220,138.17188
221,138.73438
222,139.26562
223,139.82812
224,140.35938
225,140.92188
226,141.45312
227,142.01562
228,142.54688
229,143.10938
230,143.64062
231,144.20312
232,144.73438
233,145.29688
234,145.82812
235,146.39062
236,146.92188
237,147.48438
238,148.01562
239,148.57812
240,149.10938
241,149.67188
242,150.20312
243,150.76562
244,151.29688
245,151.85938
246,152.39062
247,152.95312
248,153.48438
249,154.04688
250,154.57812
251,155.14062
252,155.67188
253,156.23438
254,156.76562
255,157.32812
256,157.85938
257,158.42188
258,158.95312
259,159.51562
260,160.04688
261,160.60938
262,161.14062
263,161.70312
264,162.23438
265,162.79688
266,163.32812
267,163.89062
268,164.42188
269,164.98438
270,165.51562
271,166.07812
272,166.60938
273,167.17188
274,167.70312
275,168.26562
276,168.79688
277,169.35938
278,169.89062
279,170.45312
280,170.98438
281,171.54688
282,172.07812
283,172.64062
284,173.17188
285,173.73438
286,174.26562
287,174.82812
288,175.35938
289,175.92188
290,176.45312
291,177.01562
292,177.54688
293,178.10938
294,178.64062
295,179.20312
296,179.73438
297,180.29688
298,180.82812
299,181.39062
300,181.92188
301,182.48438
302,183.01562
303,183.57812
304,184.10938
305,184.67188
306,185.20312
307,185.76562
308,186.29688
309,186.85938
310,187.39062
311,187.95312
312,188.48438
313,189.04688
314,189.57812
315,190.14062
316,190.67188
317,191.23438
318,191.76562
319,192.32812
320,192.85938
321,193.42188
322,193.95312
323,194.51562
324,195.04688
325,195.60938
326,196.14062
327,196.70312
328,197.23438
329,197.79688
330,198.32812
331,198.89062
332,199.42188
333,199.98438
334,200.51562
335,201.07812
336,201.60938
337,202.17188
338,202.70312
339,203.26562
340,203.79688
341,204.35938
342,204.89062
343,205.45312
344,205.98438
345,206.54688
346,207.07812
347,207.64062
348,208.17188
349,208.73438
350,209.26562
351,209.82812
352,210.35938
353,210.92188
354,211.45312
355,212.01562
356,212.54688
357,213.10938
358,213.64062
359,214.20312
360,214.73438
361,215.29688
362,215.82812
363,216.39062
364,216.92188
365,217.48438
366,218.01562
367,218.57812
368,219.10938
369,219.67188
370,220.20312
371,220.76562
372,221.29688
373,221.85938
374,222.39062
375,222.95312
376,223.48438
377,224.04688
378,224.57812
379,225.14062
380,225.67188
381,226.23438
382,226.76562
383,227.32812
384,227.85938
385,228.42188
386,228.95312
387,229.51562
388,230.04688
389,230.60938
390,231.14062
391,231.70312
392,232.23438
393,232.79688
394,233.32812
395,233.89062
396,234.42188
397,234.98438
398,235.51562
399,236.07812
400,236.60938
401,237.17188
402,237.70312
403,238.26562
404,238.79688
405,239.35938
406,239.89062
407,240.45312
408,240.98438
409,241.54688
410,242.07812
411,242.64062
412,243.17188
413,243.73438
414,244.26562
415,244.82812
416,245.35938
417,245.92188
418,246.45312
419,247.01562
420,247.54688
421,248.10938
422,248.64062
423,249.20312
424,249.73438
425,250.29688
426,250.82812
427,251.39062
428,251.92188
429,252.48438
430,253.01562
431,253.57812
432,254.10938
433,254.67188
434,255.20312
435,255.76562
436,256.29688
437,256.85938
438,257.39062
439,257.95312
440,258.48438
441,259.04688
442,259.57812
443,260.14062
444,260.67188
445,261.23438
446,261.76562
447,262.32812
448,262.85938
449,263.42188
450,263.95312
451,264.51562
452,265.04688
453,265.60938
454,266.14062
455,266.70312
456,267.23438
457,267.79688
458,268.32812
459,268.89062
460,269.42188
461,269.98438
462,270.51562
463,271.07812
464,271.60938
465,272.17188
466,272.70312
467,273.26562
468,273.79688
469,274.35938
470,274.89062
471,275.45312
472,275.98438
473,276.54688
474,277.07812
475,277.64062
476,278.17188
477,278.73438
478,279.26562
479,279.82812
480,280.35938
481,280.92188
482,281.45312
483,282.01562
484,282.54688
485,283.10938
486,283.64062
487,284.20312
488,284.73438
489,285.29688
490,285.82812
491,286.39062
492,286.92188
493,287.48438
494,288.01562
495,288.57812
496,289.10938
497,289.67188
498,290.20312
499,290.76562
0,0.9375
1,1.875
2,2.875
3,3.890625
4,4.8125
5,5.703125
6,6.6875
7,7.640625
8,8.5625
9,9.390625
10,10.265625
11,11.125
12,11.84375
13,12.5625
14,13.34375
15,14.0625
16,14.71875
17,15.375
18,16.03125
19,16.734375
20,17.625
21,18.234375
22,19.15625
23,19.765625
24,20.59375
25,21.34375
26,21.984375
27,22.703125
28,23.34375
29,24.0625
30,24.703125
31,25.515625
32,26.265625
33,27.078125
34,27.859375
35,28.671875
36,29.25
37,30.03125
38,30.640625
39,31.421875
40,32.03125
41,32.8125
42,33.453125
43,34.203125
44,34.8125
45,35.453125
46,36.09375
47,36.734375
48,37.375
49,38.015625
50,38.65625
51,39.296875
52,39.9375
53,40.578125
54,41.21875
55,41.796875
56,42.34375
57,42.984375
58,43.5625
59,44.203125
60,44.8125
61,45.453125
62,46.09375
63,46.734375
64,47.375
65,48.015625
66,48.65625
67,49.234375
68,49.78125
69,50.421875
70,51.0625
71,51.640625
72,52.25
73,52.859375
74,53.4375
75,54.046875
76,54.71875
77,55.390625
78,55.96875
79,56.515625
80,57.21875
81,57.859375
82,58.4375
83,58.984375
84,59.625
85,60.296875
86,61.03125
87,61.640625
88,62.25
89,62.859375
90,63.46875
91,64.078125
92,64.625
93,65.125
94,65.671875
95,66.34375
96,66.8125
97,67.390625
98,67.9375
99,68.375
100,68.921875
101,69.359375
102,69.96875
103,70.375
104,71.046875
105,71.75
106,72.25
107,72.828125
108,73.4375
109,74.171875
110,74.84375
111,75.546875
112,76.046875
113,76.71875
114,77.09375
115,77.765625
116,78.4375
117,78.84375
118,79.515625
119,80.21875
120,80.625
121,81.296875
122,82.0
123,82.46875
124,83.140625
125,83.515625
126,84.1875
127,84.5625
128,85.234375
129,85.9375
130,86.34375
131,87.015625
132,87.453125
133,88.125
134,88.53125
135,89.203125
136,89.640625
137,90.3125
138,90.6875
139,91.359375
140,91.734375
141,92.40625
142,92.96875
143,93.625
144,94.203125
145,94.84375
146,95.578125
147,96.3125
148,96.875
149,97.53125
150,98.109375
151,98.765625
152,99.28125
153,99.78125
154,100.359375
155,101.125
156,101.6875
157,102.34375
158,103.09375
159,103.65625
160,104.3125
161,105.0625
162,105.625
163,106.28125
164,107.0625
165,107.59375
166,108.09375
167,108.671875
168,109.40625
169,109.96875
170,110.625
171,111.375
172,111.9375
173,112.59375
174,113.34375
175,114.109375
176,114.734375
177,115.171875
178,115.671875
179,116.265625
180,116.875
181,117.4375
182,117.90625
183,118.5625
184,119.3125
185,119.875
186,120.5
187,121.109375
188,121.640625
189,122.109375
190,122.765625
191,123.46875
192,124.078125
193,124.703125
194,125.203125
195,125.703125
196,126.296875
197,126.90625
198,127.4375
199,128.0625
200,128.67188
201,129.23438
202,129.73438
203,130.23438
204,130.82812
205,131.4375
206,131.90625
207,132.5
208,133.10938
209,133.57812
210,134.17188
211,134.78125
212,135.3125
213,135.8125
214,136.28125
215,136.875
216,137.48438
217,137.95312
218,138.54688
219,139.15625
220,139.6875
221,140.1875
222,140.65625
223,141.25
224,141.85938
225,142.39062
226,142.89062
227,143.35938
228,143.95312
229,144.5625
230,145.125
231,145.625
232,146.09375
233,146.6875
234,147.29688
235,147.76562
236,148.35938
237,148.96875
238,149.53125
239,150.03125
240,150.5625
241,151.0625
242,151.625
243,152.125
244,152.6875
245,153.1875
246,153.75
247,154.25
248,154.8125
249,155.3125
250,155.875
251,156.375
252,156.9375
253,157.4375
254,158.0
255,158.5
256,159.0625
257,159.5625
258,160.125
259,160.625
260,161.1875
261,161.6875
262,162.25
263,162.75
264,163.3125
265,163.8125
266,164.375
267,164.875
268,165.4375
269,165.9375
270,166.5
271,167.0
272,167.5625
273,168.0625
274,168.625
275,169.125
276,169.6875
277,170.1875
278,170.75
279,171.25
280,171.8125
281,172.3125
282,172.875
283,173.375
284,173.9375
285,174.4375
286,175.0
287,175.5
288,176.0625
289,176.5625
290,177.125
291,177.625
292,178.1875
293,178.6875
294,179.25
295,179.75
296,180.3125
297,180.8125
298,181.375
299,181.875
300,182.4375
301,182.9375
302,183.5
303,184.0
304,184.5625
305,185.0625
306,185.625
307,186.125
308,186.6875
309,187.1875
310,187.75
311,188.25
312,188.8125
313,189.3125
314,189.875
315,190.375
316,190.9375
317,191.4375
318,192.0
319,192.5
320,193.0625
321,193.5625
322,194.125
323,194.625
324,195.1875
325,195.6875
326,196.25
327,196.75
328,197.3125
329,197.8125
330,198.375
331,198.875
332,199.4375
333,199.9375
334,200.5
335,201.0
336,201.5625
337,202.0625
338,202.625
339,203.125
340,203.6875
341,204.1875
342,204.75
343,205.25
344,205.8125
345,206.3125
346,206.875
347,207.375
348,207.9375
349,208.4375
350,209.0
351,209.5
352,210.0625
353,210.5625
354,211.125
355,211.625
356,212.1875
357,212.6875
358,213.25
359,213.75
360,214.3125
361,214.8125
362,215.375
363,215.875
364,216.4375
365,216.9375
366,217.5
367,218.0
368,218.5625
369,219.0625
370,219.625
371,220.125
372,220.6875
373,221.1875
374,221.75
375,222.25
376,222.8125
377,223.3125
378,223.875
379,224.375
380,224.9375
381,225.4375
382,226.0
383,226.5
384,227.0625
385,227.5625
386,228.125
387,228.625
388,229.1875
389,229.6875
390,230.25
391,230.75
392,231.3125
393,231.8125
394,232.375
395,232.875
396,233.4375
397,233.9375
398,234.5
399,235.0
400,235.5625
401,236.0625
402,236.625
403,237.125
404,237.6875
405,238.1875
406,238.75
407,239.25
408,239.8125
409,240.3125
410,240.875
411,241.375
412,241.9375
413,242.4375
414,243.0
415,243.5
416,244.0625
417,244.5625
418,245.125
419,245.625
420,246.1875
421,246.6875
422,247.25
423,247.75
424,248.3125
425,248.8125
426,249.375
427,249.875
428,250.4375
429,250.9375
430,251.5
431,252.0
432,252.5625
433,253.0625
434,253.625
435,254.125
436,254.6875
437,255.1875
438,255.75
439,256.25
440,256.8125
441,257.3125
442,257.875
443,258.375
444,258.9375
445,259.4375
446,260.0
447,260.5
448,261.0625
449,261.5625
450,262.125
451,262.625
452,263.1875
453,263.6875
454,264.25
455,264.75
456,265.3125
457,265.8125
458,266.375
459,266.875
460,267.4375
461,267.9375
462,268.5
463,269.0
464,269.5625
465,270.0625
466,270.625
467,271.125
468,271.6875
469,272.1875
470,272.75
471,273.25
472,273.8125
473,274.3125
474,274.875
475,275.375
476,275.9375
477,276.4375
478,277.0
479,277.5
480,278.0625
481,278.5625
482,279.125
483,279.625
484,280.1875
485,280.6875
486,281.25
487,281.75
488,282.3125
489,282.8125
490,283.375
491,283.875
492,284.4375
493,284.9375
494,285.5
495,286.0
496,286.5625
497,287.0625
498,287.625
499,288.125
0,1.140625
1,2.21875
2,3.296875
3,4.375
4,5.453125
5,6.53125
6,7.609375
7,8.6875
8,9.6875
9,10.65625
10,11.65625
11,12.609375
12,13.53125
13,14.5
14,15.46875
15,16.5
16,17.46875
17,18.40625
18,19.40625
19,20.4375
20,21.34375
21,22.203125
22,23.140625
23,23.8125
24,24.421875
25,25.28125
26,26.125
27,27.15625
28,28.0625
29,29.03125
30,29.875
31,30.703125
32,31.671875
33,32.640625
34,33.484375
35,34.15625
36,34.796875
37,35.5
38,36.390625
39,37.171875
40,37.90625
41,38.609375
42,39.375
43,40.171875
44,40.9375
45,41.609375
46,42.375
47,43.109375
48,43.90625
49,44.671875
50,45.5
51,46.265625
52,47.125
53,47.984375
54,48.84375
55,49.671875
56,50.46875
57,51.265625
58,52.09375
59,52.890625
60,53.59375
61,54.296875
62,55.0
63,55.703125
64,56.40625
65,57.109375
66,57.8125
67,58.484375
68,59.109375
69,59.9375
70,60.5625
71,61.265625
72,62.03125
73,62.828125
74,63.625
75,64.453125
76,65.15625
77,65.828125
78,66.53125
79,67.15625
80,67.828125
81,68.53125
82,69.203125
83,69.90625
84,70.609375
85,71.375
86,72.140625
87,72.90625
88,73.671875
89,74.375
90,75.0
91,75.796875
92,76.53125
93,77.265625
94,78.0
95,78.734375
96,79.46875
97,80.203125
98,80.9375
99,81.671875
100,82.40625
101,83.140625
102,83.875
103,84.609375
104,85.34375
105,86.078125
106,86.78125
107,87.546875
108,88.34375
109,88.96875
110,89.734375
111,90.5625
112,91.265625
113,92.03125
114,92.859375
115,93.65625
116,94.3125
117,95.046875
118,95.78125
119,96.484375
120,97.25
121,98.078125
122,98.765625
123,99.46875
124,100.234375
125,100.953125
126,101.65625
127,102.421875
128,103.078125
129,103.8125
130,104.578125
131,105.203125
132,105.96875
133,106.5625
134,107.328125
135,107.921875
136,108.6875
137,109.34375
138,110.046875
139,110.8125
140,111.609375
141,112.265625
142,112.9375
143,113.6875
144,114.296875
145,114.859375
146,115.453125
147,116.21875
148,116.8125
149,117.5625
150,118.171875
151,118.734375
152,119.484375
153,120.09375
154,120.65625
155,121.40625
156,122.015625
157,122.578125
158,123.328125
159,123.9375
160,124.5
161,125.25
162,125.859375
163,126.390625
164,127.140625
165,127.75
166,128.3125
167,129.0625
168,129.67188
169,130.26562
170,130.96875
171,131.71875
172,132.48438
173,133.1875
174,133.9375
175,134.79688
176,135.5625
177,136.29688
178,137.04688
179,137.90625
180,138.67188
181,139.32812
182,140.03125
183,140.625
184,141.375
185,142.10938
186,142.67188
187,143.29688
188,143.82812
189,144.57812
190,145.3125
191,145.875
192,146.5
193,147.09375
194,147.6875
195,148.4375
196,149.17188
197,149.70312
198,150.26562
199,150.89062
200,151.48438
201,152.04688
202,152.67188
203,153.26562
204,153.79688
205,154.35938
206,154.98438
207,155.57812
208,156.14062
209,156.76562
210,157.35938
211,157.95312
212,158.48438
213,159.10938
214,159.70312
215,160.23438
216,160.79688
217,161.42188
218,162.01562
219,162.57812
220,163.20312
221,163.79688
222,164.32812
223,164.89062
224,165.51562
225,166.10938
226,166.67188
227,167.29688
228,167.89062
229,168.48438
230,169.01562
231,169.64062
232,170.23438
233,170.76562
234,171.32812
235,171.95312
236,172.54688
237,173.10938
238,173.73438
239,174.32812
240,174.85938
241,175.42188
242,176.04688
243,176.64062
244,177.20312
245,177.82812
246,178.42188
247,179.01562
248,179.54688
249,180.17188
250,180.76562
251,181.51562
252,182.25
253,182.84375
254,183.46875
255,184.0625
256,184.65625
257,185.40625
258,186.07812
259,186.70312
260,187.26562
261,187.89062
262,188.48438
263,189.07812
264,189.70312
265,190.29688
266,190.89062
267,191.64062
268,192.3125
269,192.9375
270,193.46875
271,194.09375
272,194.6875
273,195.21875
274,195.78125
275,196.40625
276,197.0
277,197.5625
278,198.1875
279,198.78125
280,199.375
281,199.90625
282,200.53125
283,201.125
284,201.75
285,202.34375
286,202.9375
287,203.53125
288,204.28125
289,204.95312
290,205.57812
291,206.10938
292,206.73438
293,207.32812
294,207.95312
295,208.54688
296,209.14062
297,209.82812
298,210.45312
299,211.01562
300,211.64062
301,212.23438
302,212.85938
303,213.45312
304,214.04688
305,214.73438
306,215.35938
307,215.89062
308,216.51562
309,217.10938
310,217.73438
311,218.32812
312,218.92188
313,219.60938
314,220.23438
315,220.79688
316,221.42188
317,222.01562
318,222.64062
319,223.23438
320,223.82812
321,224.51562
322,225.14062
323,225.67188
324,226.29688
325,226.89062
326,227.51562
327,228.10938
328,228.70312
329,229.39062
330,230.01562
331,230.54688
332,231.17188
333,231.76562
334,232.29688
335,232.85938
336,233.48438
337,234.07812
338,234.64062
339,235.26562
340,235.85938
341,236.39062
342,237.01562
343,237.60938
344,238.20312
345,238.82812
346,239.42188
347,240.01562
348,240.70312
349,241.32812
350,241.85938
351,242.48438
352,243.07812
353,243.60938
354,244.17188
355,244.79688
356,245.39062
357,245.95312
358,246.57812
359,247.17188
360,247.70312
361,248.32812
362,248.92188
363,249.51562
364,250.14062
365,250.73438
366,251.32812
367,252.01562
368,252.64062
369,253.17188
370,253.79688
371,254.39062
372,254.92188
373,255.48438
374,256.10938
375,256.70312
376,257.26562
377,257.89062
378,258.48438
379,259.01562
380,259.64062
381,260.23438
382,260.82812
383,261.45312
384,262.04688
385,262.64062
386,263.32812
387,263.95312
388,264.48438
389,265.10938
390,265.70312
391,266.23438
392,266.79688
393,267.42188
394,268.01562
395,268.57812
396,269.20312
397,269.79688
398,270.32812
399,270.95312
400,271.54688
401,272.14062
402,272.76562
403,273.35938
404,273.95312
405,274.64062
406,275.26562
407,275.79688
408,276.42188
409,277.01562
410,277.54688
411,278.10938
412,278.73438
413,279.32812
414,279.89062
415,280.51562
416,281.10938
417,281.64062
418,282.26562
419,282.85938
420,283.45312
421,284.07812
422,284.67188
423,285.26562
424,285.95312
425,286.57812
426,287.10938
427,287.73438
428,288.32812
429,288.85938
430,289.42188
431,290.04688
432,290.64062
433,291.20312
434,291.82812
435,292.42188
436,292.95312
437,293.57812
438,294.17188
439,294.76562
440,295.39062
441,295.98438
442,296.57812
443,297.17188
444,297.85938
445,298.48438
446,299.01562
447,299.64062
448,300.17188
449,300.73438
450,301.35938
451,301.95312
452,302.51562
453,303.14062
454,303.73438
455,304.26562
456,304.89062
457,305.48438
458,306.07812
459,306.70312
460,307.29688
461,307.89062
462,308.48438
463,309.17188
464,309.79688
465,310.32812
466,310.95312
467,311.48438
468,312.04688
469,312.67188
470,313.26562
471,313.82812
472,314.45312
473,315.04688
474,315.57812
475,316.20312
476,316.79688
477,317.39062
478,318.01562
479,318.60938
480,319.20312
481,319.79688
482,320.48438
483,321.10938
484,321.64062
485,322.26562
486,322.79688
487,323.35938
488,323.98438
489,324.57812
490,325.14062
491,325.76562
492,326.35938
493,326.89062
494,327.51562
495,328.10938
496,328.70312
497,329.32812
498,329.92188
499,330.51562
0,1.078125
1,2.078125
2,3.15625
3,4.140625
4,5.15625
5,6.171875
6,7.1875
7,8.203125
8,9.1875
9,10.171875
10,11.15625
11,12.03125
12,12.875
13,13.71875
14,14.5625
15,15.40625
16,16.25
17,17.03125
18,17.875
19,18.6875
20,19.46875
21,20.25
22,21.09375
23,21.9375
24,22.78125
25,23.65625
26,24.5625
27,25.375
28,26.1875
29,27.03125
30,27.875
31,28.65625
32,29.5
33,30.28125
34,31.0625
35,31.84375
36,32.625
37,33.40625
38,34.15625
39,34.9375
40,35.609375
41,36.25
42,36.890625
43,37.53125
44,38.171875
45,38.8125
46,39.484375
47,40.15625
48,40.828125
49,41.421875
50,42.0625
51,42.734375
52,43.40625
53,44.078125
54,44.75
55,45.421875
56,46.09375
57,46.765625
58,47.359375
59,48.0
60,48.671875
61,49.34375
62,50.015625
63,50.6875
64,51.359375
65,51.921875
66,52.453125
67,52.984375
68,53.546875
69,54.046875
70,54.515625
71,55.046875
72,55.609375
73,56.109375
74,56.609375
75,57.171875
76,57.703125
77,58.203125
78,58.671875
79,59.171875
80,59.875
81,60.375
82,60.84375
83,61.34375
84,61.90625
85,62.4375
86,62.9375
87,63.40625
88,63.90625
89,64.59375
90,65.171875
91,65.640625
92,66.140625
93,66.84375
94,67.34375
95,67.8125
96,68.515625
97,69.078125
98,69.640625
99,70.375
100,70.96875
101,71.53125
102,72.09375
103,72.6875
104,73.25
105,73.8125
106,74.546875
107,75.140625
108,75.734375
109,76.296875
110,76.859375
111,77.59375
112,78.1875
113,78.78125
114,79.375
115,79.9375
116,80.53125
117,81.09375
118,81.65625
119,82.21875
120,82.953125
121,83.546875
122,84.140625
123,84.703125
124,85.296875
125,85.859375
126,86.421875
127,86.984375
128,87.703125
129,88.375
130,88.90625
131,89.46875
132,90.203125
133,90.796875
134,91.390625
135,91.984375
136,92.546875
137,93.140625
138,93.703125
139,94.265625
140,94.796875
141,95.296875
142,95.796875
143,96.484375
144,97.15625
145,97.75
146,98.3125
147,98.84375
148,99.34375
149,99.875
150,100.34375
151,100.8125
152,101.3125
153,101.78125
154,102.46875
155,103.078125
156,103.609375
157,104.140625
158,104.609375
159,105.109375
160,105.640625
161,106.109375
162,106.578125
163,107.21875
164,107.9375
165,108.609375
166,109.171875
167,109.703125
168,110.171875
169,110.671875
170,111.203125
171,111.671875
172,112.3125
173,113.015625
174,113.546875
175,114.015625
176,114.484375
177,115.015625
178,115.515625
179,115.984375
180,116.640625
181,117.25
182,117.8125
183,118.3125
184,118.78125
185,119.4375
186,120.046875
187,120.609375
188,121.109375
189,121.578125
190,122.234375
191,122.84375
192,123.40625
193,123.90625
194,124.375
195,125.03125
196,125.640625
197,126.140625
198,126.609375
199,127.328125
200,127.9375
201,128.65625
202,129.32812
203,129.92188
204,130.5
205,131.10938
206,131.60938
207,132.32812
208,133.0
209,133.59375
210,134.1875
211,134.76562
212,135.375
213,135.89062
214,136.625
215,137.26562
216,137.8125
217,138.42188
218,138.92188
219,139.64062
220,140.32812
221,141.09375
222,141.70312
223,142.26562
224,142.8125
225,143.54688
226,144.1875
227,144.73438
228,145.46875
229,146.10938
230,146.65625
231,147.42188
232,148.0625
233,148.78125
234,149.39062
235,149.95312
236,150.5
237,151.26562
238,151.90625
239,152.625
240,153.23438
241,153.8125
242,154.57812
243,155.23438
244,155.96875
245,156.60938
246,157.1875
247,157.78125
248,158.42188
249,159.0
250,159.73438
251,160.375
252,160.95312
253,161.54688
254,162.1875
255,162.76562
256,163.35938
257,164.0
258,164.5
259,165.0
260,165.53125
261,166.0625
262,166.53125
263,167.1875
264,167.82812
265,168.29688
266,168.95312
267,169.53125
268,170.03125
269,170.57812
270,171.20312
271,171.76562
272,172.40625
273,172.875
274,173.42188
275,174.04688
276,174.64062
277,175.28125
278,175.75
279,176.25
280,176.79688
281,177.42188
282,177.98438
283,178.625
284,179.09375
285,179.64062
286,180.26562
287,180.85938
288,181.5
289,181.96875
290,182.46875
291,183.01562
292,183.64062
293,184.20312
294,184.84375
295,185.3125
296,185.85938
297,186.48438
298,187.07812
299,187.71875
300,188.1875
301,188.6875
302,189.23438
303,189.85938
304,190.42188
305,191.0625
306,191.53125
307,192.07812
308,192.70312
309,193.29688
310,193.9375
311,194.40625
312,194.90625
313,195.45312
314,196.07812
315,196.64062
316,197.28125
317,197.75
318,198.29688
319,198.92188
320,199.51562
321,200.15625
322,200.625
323,201.125
324,201.67188
325,202.29688
326,202.85938
327,203.5
328,203.96875
329,204.51562
330,205.14062
331,205.73438
332,206.375
333,206.84375
334,207.34375
335,207.89062
336,208.51562
337,209.07812
338,209.71875
339,210.1875
340,210.73438
341,211.35938
342,211.95312
343,212.59375
344,213.0625
345,213.5625
346,214.10938
347,214.73438
348,215.29688
349,215.9375
350,216.40625
351,216.95312
352,217.57812
353,218.17188
354,218.8125
355,219.28125
356,219.78125
357,220.32812
358,220.95312
359,221.51562
360,222.15625
361,222.625
362,223.17188
363,223.79688
364,224.39062
365,225.03125
366,225.5
367,226.0
368,226.54688
369,227.17188
370,227.73438
371,228.375
372,228.84375
373,229.39062
374,230.01562
375,230.60938
376,231.25
377,231.71875
378,232.21875
379,232.76562
380,233.39062
381,233.95312
382,234.59375
383,235.0625
384,235.60938
385,236.23438
386,236.82812
387,237.46875
388,237.9375
389,238.4375
390,238.98438
391,239.60938
392,240.17188
393,240.8125
394,241.28125
395,241.82812
396,242.45312
397,243.04688
398,243.6875
399,244.15625
400,244.65625
401,245.20312
402,245.82812
403,246.39062
404,247.03125
405,247.5
406,248.04688
407,248.67188
408,249.26562
409,249.90625
410,250.375
411,250.875
412,251.42188
413,252.04688
414,252.60938
415,253.25
416,253.71875
417,254.26562
418,254.89062
419,255.48438
420,256.125
421,256.59375
422,257.09375
423,257.64062
424,258.26562
425,258.82812
426,259.46875
427,259.9375
428,260.48438
429,261.10938
430,261.70312
431,262.34375
432,262.8125
433,263.3125
434,263.85938
435,264.48438
436,265.04688
437,265.6875
438,266.15625
439,266.70312
440,267.32812
441,267.92188
442,268.5625
443,269.03125
444,269.53125
445,270.07812
446,270.70312
447,271.26562
448,271.90625
449,272.375
450,272.92188
451,273.54688
452,274.14062
453,274.78125
454,275.25
455,275.75
456,276.29688
457,276.92188
458,277.48438
459,278.125
460,278.59375
461,279.14062
462,279.76562
463,280.35938
464,281.0
465,281.46875
466,281.96875
467,282.51562
468,283.14062
469,283.70312
470,284.34375
471,284.8125
472,285.35938
473,285.98438
474,286.57812
475,287.21875
476,287.6875
477,288.1875
478,288.73438
479,289.35938
480,289.92188
481,290.5625
482,291.03125
483,291.57812
484,292.20312
485,292.79688
486,293.4375
487,293.90625
488,294.40625
489,294.95312
490,295.57812
491,296.14062
492,296.78125
493,297.25
494,297.79688
495,298.42188
496,299.01562
497,299.65625
498,300.125
499,300.625
