0,0.875
1,0.78125
2,0.25
3,0.1875
4,0.125
5,0.0625
6,0.125
7,0.125
8,0.125
9,0.15625
10,0.0625
11,0.0625
12,0.0625
13,0.0625
14,0.0625
15,0.0625
16,0.0625
17,0.15625
18,0.0625
19,0.0625
20,0.0625
21,0.0625
22,0.0625
23,0.0625
24,0.15625
25,0.125
26,0.0625
27,0.0625
28,0.0625
29,0.0625
30,0.15625
31,0.125
32,0.0625
33,0.0625
34,0.0625
35,0.0625
36,0.0625
37,0.15625
38,0.125
39,0.0625
40,0.0625
41,0.0625
42,0.0625
43,0.0625
44,0.125
45,0.09375
46,0.0625
47,0.0625
48,0.0625
49,0.0625
50,0.0625
51,0.0625
52,0.125
53,0.09375
54,0.0625
55,0.0625
56,0.0625
57,0.0625
58,0.0625
59,0.09375
60,0.0625
61,0.0625
62,0.0625
63,0.0625
64,0.0625
65,0.0625
66,0.0625
67,0.0625
68,0.09375
69,0.0625
70,0.0625
71,0.0625
72,0.0625
73,0.0625
74,0.09375
75,0.0625
76,0.0625
77,0.0625
78,0.0625
79,0.0625
80,0.09375
81,0.0625
82,0.0625
83,0.0625
84,0.0625
85,0.0625
86,0.09375
87,0.0625
88,0.0625
89,0.0625
90,0.0625
91,0.0625
92,0.09375
93,0.0625
94,0.0625
95,0.0625
96,0.0625
97,0.0625
98,0.09375
99,0.0625
100,0.0625
101,0.0625
102,0.0625
103,0.0625
104,0.09375
105,0.0625
106,0.0625
107,0.0625
108,0.0625
109,0.0625
110,0.09375
111,0.0625
112,0.0625
113,0.0625
114,0.0625
115,0.0625
116,0.09375
117,0.0625
118,0.0625
119,0.0625
120,0.0625
121,0.0625
122,0.0625
123,0.0625
124,0.09375
125,0.0625
126,0.0625
127,0.0625
128,0.0625
129,0.0625
130,0.0625
131,0.09375
132,0.0625
133,0.0625
134,0.0625
135,0.0625
136,0.0625
137,0.0625
138,0.0625
139,0.09375
140,0.0625
141,0.0625
142,0.0625
143,0.0625
144,0.0625
145,0.0625
146,0.09375
147,0.0625
148,0.0625
149,0.0625
150,0.0625
151,0.0625
152,0.0625
153,0.0625
154,0.09375
155,0.0625
156,0.0625
157,0.0625
158,0.0625
159,0.0625
160,0.0625
161,0.09375
162,0.0625
163,0.0625
164,0.0625
165,0.0625
166,0.0625
167,0.0625
168,0.09375
169,0.0625
170,0.0625
171,0.0625
172,0.0625
173,0.0625
174,0.0625
175,0.0625
176,0.09375
177,0.0625
178,0.0625
179,0.0625
180,0.0625
181,0.0625
182,0.0625
183,0.09375
184,0.0625
185,0.0625
186,0.0625
187,0.0625
188,0.0625
189,0.0625
190,0.0625
191,0.09375
192,0.0625
193,0.0625
194,0.0625
195,0.0625
196,0.0625
197,0.0625
198,0.09375
199,0.0625
200,0.0625
201,0.0625
202,0.0625
203,0.0625
204,0.0625
205,0.0625
206,0.09375
207,0.0625
208,0.0625
209,0.0625
210,0.0625
211,0.0625
212,0.0625
213,0.09375
214,0.0625
215,0.0625
216,0.0625
217,0.0625
218,0.0625
219,0.0625
220,0.0625
221,0.09375
222,0.0625
223,0.0625
224,0.0625
225,0.0625
226,0.0625
227,0.0625
228,0.09375
229,0.0625
230,0.0625
231,0.0625
232,0.0625
233,0.0625
234,0.0625
235,0.09375
236,0.0625
237,0.0625
238,0.0625
239,0.0625
240,0.0625
241,0.0625
242,0.0625
243,0.09375
244,0.0625
245,0.0625
246,0.0625
247,0.0625
248,0.0625
249,0.0625
250,0.09375
251,0.0625
252,0.0625
253,0.0625
254,0.0625
255,0.0625
256,0.0625
257,0.0625
258,0.09375
259,0.0625
260,0.0625
261,0.0625
262,0.0625
263,0.0625
264,0.0625
265,0.0625
266,0.0625
267,0.09375
268,0.0625
269,0.0625
270,0.0625
271,0.0625
272,0.0625
273,0.0625
274,0.0625
275,0.0625
276,0.09375
277,0.0625
278,0.0625
279,0.0625
280,0.0625
281,0.0625
282,0.0625
283,0.0625
284,0.09375
285,0.0625
286,0.0625
287,0.0625
288,0.0625
289,0.0625
290,0.0625
291,0.0625
292,0.09375
293,0.0625
294,0.0625
295,0.0625
296,0.0625
297,0.0625
298,0.0625
299,0.0625
300,0.0625
301,0.09375
302,0.0625
303,0.0625
304,0.0625
305,0.0625
306,0.0625
307,0.0625
308,0.0625
309,0.0625
310,0.09375
311,0.0625
312,0.0625
313,0.0625
314,0.0625
315,0.0625
316,0.0625
317,0.0625
318,0.0625
319,0.0625
320,0.03125
321,0.0
322,0.0
323,0.0
324,0.0
325,0.0
326,0.0
327,0.0
328,0.0
329,0.0
330,0.0
331,0.0
332,0.0
333,0.0
334,0.0
335,0.0
336,0.0
337,0.0
338,0.0
339,0.0
340,0.0
341,0.0
342,0.0
343,0.0
344,0.0
345,0.0
346,0.0
347,0.0
348,0.0
349,0.0
350,0.0
351,0.0
352,0.0
353,0.0
354,0.0
355,0.0
356,0.0
357,0.0
358,0.0
359,0.0
360,0.0
361,0.0
362,0.0
363,0.0
364,0.0
365,0.0
366,0.0
367,0.0
368,0.0
369,0.0
370,0.0
371,0.0
372,0.0
373,0.0
374,0.0
375,0.0
376,0.0
377,0.0
378,0.0
379,0.0
380,0.0
381,0.0
382,0.0
383,0.0
384,0.0
385,0.0
386,0.0
387,0.0
388,0.0
389,0.0
390,0.0
391,0.0
392,0.0
393,0.0
394,0.0
395,0.0
396,0.0
397,0.0
398,0.0
399,0.0
400,0.0
401,0.0
402,0.0
403,0.0
404,0.0
405,0.0
406,0.0
407,0.0
408,0.0
409,0.0
410,0.0
411,0.0
412,0.0
413,0.0
414,0.0
415,0.0
416,0.0
417,0.0
418,0.0
419,0.0
420,0.0
421,0.0
422,0.0
423,0.0
424,0.0
425,0.0
426,0.0
427,0.0
428,0.0
429,0.0
430,0.0
431,0.0
432,0.0
433,0.0
434,0.0
435,0.0
436,0.0
437,0.0
438,0.0
439,0.0
440,0.0
441,0.0
442,0.0
443,0.0
444,0.0
445,0.0
446,0.0
447,0.0
448,0.0
449,0.0
450,0.0
451,0.0
452,0.0
453,0.0
454,0.0
455,0.0
456,0.0
457,0.0
458,0.0
459,0.0
460,0.0
461,0.0
462,0.0
463,0.0
464,0.0
465,0.0
466,0.0
467,0.0
468,0.0
469,0.0
470,0.0
471,0.0
472,0.0
473,0.0
474,0.0
475,0.0
476,0.0
477,0.0
478,0.0
479,0.0
480,0.0
481,0.0
482,0.0
483,0.0
484,0.0
485,0.0
486,0.0
487,0.0
488,0.0
489,0.0
490,0.0
491,0.0
492,0.0
493,0.0
494,0.0
495,0.0
496,0.0
497,0.0
498,0.0
499,0.0
0,0.09375
1,0.0625
2,0.0625
3,0.09375
4,0.0625
5,0.0625
6,0.0625
7,0.0625
8,0.0625
9,0.0625
10,0.09375
11,0.0625
12,0.0625
13,0.0625
14,0.0625
15,0.0625
16,0.0625
17,0.09375
18,0.0625
19,0.0625
20,0.0625
21,0.0625
22,0.0625
23,0.0625
24,0.0625
25,0.09375
26,0.0625
27,0.0625
28,0.0625
29,0.0625
30,0.0625
31,0.0625
32,0.09375
33,0.0625
34,0.0625
35,0.0625
36,0.0625
37,0.0625
38,0.0625
39,0.0625
40,0.09375
41,0.0625
42,0.0625
43,0.0625
44,0.0625
45,0.0625
46,0.0625
47,0.09375
48,0.0625
49,0.0625
50,0.0625
51,0.0625
52,0.0625
53,0.0625
54,0.0625
55,0.09375
56,0.0625
57,0.0625
58,0.0625
59,0.0625
60,0.0625
61,0.0625
62,0.09375
63,0.0625
64,0.0625
65,0.0625
66,0.0625
67,0.0625
68,0.0625
69,0.09375
70,0.0625
71,0.0625
72,0.0625
73,0.0625
74,0.0625
75,0.0625
76,0.0625
77,0.09375
78,0.0625
79,0.0625
80,0.0625
81,0.0625
82,0.0625
83,0.0625
84,0.09375
85,0.0625
86,0.0625
87,0.0625
88,0.0625
89,0.0625
90,0.0625
91,0.0625
92,0.09375
93,0.0625
94,0.0625
95,0.0625
96,0.0625
97,0.0625
98,0.0625
99,0.09375
100,0.0625
101,0.0625
102,0.0625
103,0.0625
104,0.0625
105,0.0625
106,0.0625
107,0.09375
108,0.0625
109,0.0625
110,0.0625
111,0.0625
112,0.0625
113,0.0625
114,0.0625
115,0.0625
116,0.09375
117,0.0625
118,0.0625
119,0.0625
120,0.0625
121,0.0625
122,0.0625
123,0.0625
124,0.09375
125,0.0625
126,0.0625
127,0.0625
128,0.0625
129,0.0625
130,0.0625
131,0.0625
132,0.09375
133,0.0625
134,0.0625
135,0.0625
136,0.0625
137,0.0625
138,0.0625
139,0.0625
140,0.0625
141,0.09375
142,0.0625
143,0.0625
144,0.0625
145,0.0625
146,0.0625
147,0.0625
148,0.0625
149,0.0625
150,0.09375
151,0.0625
152,0.0625
153,0.0625
154,0.0625
155,0.0625
156,0.0625
157,0.0625
158,0.0625
159,0.09375
160,0.0625
161,0.0625
162,0.0625
163,0.0625
164,0.0625
165,0.0625
166,0.0625
167,0.09375
168,0.0625
169,0.0625
170,0.0625
171,0.0625
172,0.0625
173,0.0625
174,0.0625
175,0.0625
176,0.09375
177,0.0625
178,0.0625
179,0.0625
180,0.0625
181,0.0625
182,0.0625
183,0.0625
184,0.0625
185,0.09375
186,0.0625
187,0.0625
188,0.0625
189,0.0625
190,0.0625
191,0.0625
192,0.0625
193,0.0625
194,0.09375
195,0.0625
196,0.0625
197,0.0625
198,0.0625
199,0.0625
200,0.0625
201,0.0625
202,0.0625
203,0.09375
204,0.0625
205,0.0625
206,0.0625
207,0.0625
208,0.0625
209,0.0625
210,0.0625
211,0.0625
212,0.09375
213,0.0625
214,0.0625
215,0.0625
216,0.0625
217,0.0625
218,0.0625
219,0.0625
220,0.0625
221,0.09375
222,0.0625
223,0.0625
224,0.0625
225,0.0625
226,0.0625
227,0.0625
228,0.0625
229,0.0625
230,0.09375
231,0.0625
232,0.0625
233,0.0625
234,0.0625
235,0.0625
236,0.0625
237,0.0625
238,0.0625
239,0.09375
240,0.0625
241,0.0625
242,0.0625
243,0.0625
244,0.0625
245,0.0625
246,0.0625
247,0.03125
248,0.0
249,0.0
250,0.0
251,0.0
252,0.0
253,0.0
254,0.0
255,0.0
256,0.0
257,0.0
258,0.0
259,0.0
260,0.0
261,0.0
262,0.0
263,0.0
264,0.0
265,0.0
266,0.0
267,0.0
268,0.0
269,0.0
270,0.0
271,0.0
272,0.0
273,0.0
274,0.0
275,0.0
276,0.0
277,0.0
278,0.0
279,0.0
280,0.0
281,0.0
282,0.0
283,0.0
284,0.0
285,0.0
286,0.0
287,0.0
288,0.0
289,0.0
290,0.0
291,0.0
292,0.0
293,0.0
294,0.0
295,0.0
296,0.0
297,0.0
298,0.0
299,0.0
300,0.0
301,0.0
302,0.0
303,0.0
304,0.0
305,0.0
306,0.0
307,0.0
308,0.0
309,0.0
310,0.0
311,0.0
312,0.0
313,0.0
314,0.0
315,0.0
316,0.0
317,0.0
318,0.0
319,0.0
320,0.0
321,0.0
322,0.0
323,0.0
324,0.0
325,0.0
326,0.0
327,0.0
328,0.0
329,0.0
330,0.0
331,0.0
332,0.0
333,0.0
334,0.0
335,0.0
336,0.0
337,0.0
338,0.0
339,0.0
340,0.0
341,0.0
342,0.0
343,0.0
344,0.0
345,0.0
346,0.0
347,0.0
348,0.0
349,0.0
350,0.0
351,0.0
352,0.0
353,0.0
354,0.0
355,0.0
356,0.0
357,0.0
358,0.0
359,0.0
360,0.0
361,0.0
362,0.0
363,0.0
364,0.0
365,0.0
366,0.0
367,0.0
368,0.0
369,0.0
370,0.0
371,0.0
372,0.0
373,0.0
374,0.0
375,0.0
376,0.0
377,0.0
378,0.0
379,0.0
380,0.0
381,0.0
382,0.0
383,0.0
384,0.0
385,0.0
386,0.0
387,0.0
388,0.0
389,0.0
390,0.0
391,0.0
392,0.0
393,0.0
394,0.0
395,0.0
396,0.0
397,0.0
398,0.0
399,0.0
400,0.0
401,0.0
402,0.0
403,0.0
404,0.0
405,0.0
406,0.0
407,0.0
408,0.0
409,0.0
410,0.0
411,0.0
412,0.0
413,0.0
414,0.0
415,0.0
416,0.0
417,0.0
418,0.0
419,0.0
420,0.0
421,0.0
422,0.0
423,0.0
424,0.0
425,0.0
426,0.0
427,0.0
428,0.0
429,0.0
430,0.0
431,0.0
432,0.0
433,0.0
434,0.0
435,0.0
436,0.0
437,0.0
438,0.0
439,0.0
440,0.0
441,0.0
442,0.0
443,0.0
444,0.0
445,0.0
446,0.0
447,0.0
448,0.0
449,0.0
450,0.0
451,0.0
452,0.0
453,0.0
454,0.0
455,0.0
456,0.0
457,0.0
458,0.0
459,0.0
460,0.0
461,0.0
462,0.0
463,0.0
464,0.0
465,0.0
466,0.0
467,0.0
468,0.0
469,0.0
470,0.0
471,0.0
472,0.0
473,0.0
474,0.0
475,0.0
476,0.0
477,0.0
478,0.0
479,0.0
480,0.0
481,0.0
482,0.0
483,0.0
484,0.0
485,0.0
486,0.0
487,0.0
488,0.0
489,0.0
490,0.0
491,0.0
492,0.0
493,0.0
494,0.0
495,0.0
496,0.0
497,0.0
498,0.0
499,0.0
0,0.0
1,0.0
2,0.0
3,0.0
4,0.0
5,0.0
6,0.0
7,0.0
8,0.0
9,0.0
10,0.0
11,0.0
12,0.0
13,0.0
14,0.0
15,0.0
16,0.0
17,0.0
18,0.0
19,0.0
20,0.0
21,0.0
22,0.0
23,0.0
24,0.0
25,0.0
26,0.0
27,0.0
28,0.0
29,0.0
30,0.0
31,0.0
32,0.0
33,0.0
34,0.0
35,0.0
36,0.0
37,0.0
38,0.0
39,0.0
40,0.0
41,0.0
42,0.0
43,0.0
44,0.0
45,0.0
46,0.0
47,0.0
48,0.0
49,0.0
50,0.0
51,0.0
52,0.0
53,0.0
54,0.0
55,0.0
56,0.0
57,0.0
58,0.0
59,0.0
60,0.0
61,0.0
62,0.0
63,0.0
64,0.0
65,0.0
66,0.0
67,0.0
68,0.0
69,0.0
70,0.0
71,0.0
72,0.0
73,0.0
74,0.0
75,0.0
76,0.0
77,0.0
78,0.0
79,0.0
80,0.0
81,0.0
82,0.0
83,0.0
84,0.0
85,0.0
86,0.0
87,0.0
88,0.0
89,0.0
90,0.0
91,0.0
92,0.0
93,0.0
94,0.0
95,0.0
96,0.0
97,0.0
98,0.0
99,0.0
100,0.0
101,0.0
102,0.0
103,0.0
104,0.0
105,0.0
106,0.0
107,0.0
108,0.0
109,0.0
110,0.0
111,0.0
112,0.0
113,0.0
114,0.0
115,0.0
116,0.0
117,0.0
118,0.0
119,0.0
120,0.0
121,0.0
122,0.0
123,0.0
124,0.0
125,0.0
126,0.0
127,0.0
128,0.0
129,0.0
130,0.0
131,0.0
132,0.0
133,0.0
134,0.0
135,0.0
136,0.0
137,0.0
138,0.0
139,0.0
140,0.0
141,0.0
142,0.0
143,0.0
144,0.0
145,0.0
146,0.0
147,0.0
148,0.0
149,0.0
150,0.0
151,0.0
152,0.0
153,0.0
154,0.0
155,0.0
156,0.0
157,0.0
158,0.0
159,0.0
160,0.0
161,0.0
162,0.0
163,0.0
164,0.0
165,0.0
166,0.0
167,0.0
168,0.0
169,0.0
170,0.0
171,0.0
172,0.0
173,0.0
174,0.0
175,0.0
176,0.0
177,0.0
178,0.0
179,0.0
180,0.0
181,0.0
182,0.0
183,0.0
184,0.0
185,0.0
186,0.0
187,0.0
188,0.0
189,0.0
190,0.0
191,0.0
192,0.0
193,0.0
194,0.0
195,0.0
196,0.0
197,0.0
198,0.0
199,0.0
200,0.0
201,0.0
202,0.0
203,0.0
204,0.0
205,0.0
206,0.0
207,0.0
208,0.0
209,0.0
210,0.0
211,0.0
212,0.0
213,0.0
214,0.0
215,0.0
216,0.0
217,0.0
218,0.0
219,0.0
220,0.0
221,0.0
222,0.0
223,0.0
224,0.0
225,0.0
226,0.0
227,0.0
228,0.0
229,0.0
230,0.0
231,0.0
232,0.0
233,0.0
234,0.0
235,0.0
236,0.0
237,0.0
238,0.0
239,0.0
240,0.0
241,0.0
242,0.0
243,0.0
244,0.0
245,0.0
246,0.0
247,0.0
248,0.0
249,0.0
250,0.0
251,0.0
252,0.0
253,0.0
254,0.0
255,0.0
256,0.0
257,0.0
258,0.0
259,0.0
260,0.0
261,0.0
262,0.0
263,0.0
264,0.0
265,0.0
266,0.0
267,0.0
268,0.0
269,0.0
270,0.0
271,0.0
272,0.0
273,0.0
274,0.0
275,0.0
276,0.0
277,0.0
278,0.0
279,0.0
280,0.0
281,0.0
282,0.0
283,0.0
284,0.0
285,0.0
286,0.0
287,0.0
288,0.0
289,0.0
290,0.0
291,0.0
292,0.0
293,0.0
294,0.0
295,0.0
296,0.0
297,0.0
298,0.0
299,0.0
300,0.0
301,0.0
302,0.0
303,0.0
304,0.0
305,0.0
306,0.0
307,0.0
308,0.0
309,0.0
310,0.0
311,0.0
312,0.0
313,0.0
314,0.0
315,0.0
316,0.0
317,0.0
318,0.0
319,0.0
320,0.0
321,0.0
322,0.0
323,0.0
324,0.0
325,0.0
326,0.0
327,0.0
328,0.0
329,0.0
330,0.0
331,0.0
332,0.0
333,0.0
334,0.0
335,0.0
336,0.0
337,0.0
338,0.0
339,0.0
340,0.0
341,0.0
342,0.0
343,0.0
344,0.0
345,0.0
346,0.0
347,0.0
348,0.0
349,0.0
350,0.0
351,0.0
352,0.0
353,0.0
354,0.0
355,0.0
356,0.0
357,0.0
358,0.0
359,0.0
360,0.0
361,0.0
362,0.0
363,0.0
364,0.0
365,0.0
366,0.0
367,0.0
368,0.0
369,0.0
370,0.0
371,0.0
372,0.0
373,0.0
374,0.0
375,0.0
376,0.0
377,0.0
378,0.0
379,0.0
380,0.0
381,0.0
382,0.0
383,0.0
384,0.0
385,0.0
386,0.0
387,0.0
388,0.0
389,0.0
390,0.0
391,0.0
392,0.0
393,0.0
394,0.0
395,0.0
396,0.0
397,0.0
398,0.0
399,0.0
400,0.0
401,0.0
402,0.0
403,0.0
404,0.0
405,0.0
406,0.0
407,0.0
408,0.0
409,0.0
410,0.0
411,0.0
412,0.0
413,0.0
414,0.0
415,0.0
416,0.0
417,0.0
418,0.0
419,0.0
420,0.0
421,0.0
422,0.0
423,0.0
424,0.0
425,0.0
426,0.0
427,0.0
428,0.0
429,0.0
430,0.0
431,0.0
432,0.0
433,0.0
434,0.0
435,0.0
436,0.0
437,0.0
438,0.0
439,0.0
440,0.0
441,0.0
442,0.0
443,0.0
444,0.0
445,0.0
446,0.0
447,0.0
448,0.0
449,0.0
450,0.0
451,0.0
452,0.0
453,0.0
454,0.0
455,0.0
456,0.0
457,0.0
458,0.0
459,0.0
460,0.0
461,0.0
462,0.0
463,0.0
464,0.0
465,0.0
466,0.0
467,0.0
468,0.0
469,0.0
470,0.0
471,0.0
472,0.0
473,0.0
474,0.0
475,0.0
476,0.0
477,0.0
478,0.0
479,0.0
480,0.0
481,0.0
482,0.0
483,0.0
484,0.0
485,0.0
486,0.0
487,0.0
488,0.0
489,0.0
490,0.0
491,0.0
492,0.0
493,0.0
494,0.0
495,0.0
496,0.0
497,0.0
498,0.0
499,0.0
0,0.09375
1,0.0625
2,0.0625
3,0.0625
4,0.0625
5,0.0625
6,0.0625
7,0.0625
8,0.0625
9,0.09375
10,0.0625
11,0.0625
12,0.0625
13,0.0625
14,0.0625
15,0.0625
16,0.0625
17,0.0625
18,0.0625
19,0.09375
20,0.0625
21,0.0625
22,0.0625
23,0.0625
24,0.0625
25,0.0625
26,0.0625
27,0.0625
28,0.0625
29,0.09375
30,0.0625
31,0.0625
32,0.0625
33,0.0625
34,0.0625
35,0.0625
36,0.0625
37,0.0625
38,0.0625
39,0.09375
40,0.0625
41,0.0625
42,0.0625
43,0.0625
44,0.0625
45,0.0625
46,0.0625
47,0.0625
48,0.0625
49,0.09375
50,0.0625
51,0.0625
52,0.0625
53,0.0625
54,0.0625
55,0.0625
56,0.0625
57,0.0625
58,0.0625
59,0.09375
60,0.0625
61,0.0625
62,0.0625
63,0.0625
64,0.0625
65,0.0625
66,0.0625
67,0.0625
68,0.0625
69,0.09375
70,0.0625
71,0.0625
72,0.0625
73,0.0625
74,0.0625
75,0.0625
76,0.0625
77,0.0625
78,0.0625
79,0.09375
80,0.0625
81,0.0625
82,0.0625
83,0.0625
84,0.0625
85,0.0625
86,0.0625
87,0.0625
88,0.0625
89,0.09375
90,0.0625
91,0.0625
92,0.0625
93,0.0625
94,0.0625
95,0.0625
96,0.0625
97,0.0625
98,0.0625
99,0.09375
100,0.0625
101,0.0625
102,0.0625
103,0.0625
104,0.0625
105,0.0625
106,0.0625
107,0.0625
108,0.0625
109,0.09375
110,0.0625
111,0.0625
112,0.0625
113,0.0625
114,0.0625
115,0.0625
116,0.0625
117,0.0625
118,0.0625
119,0.09375
120,0.0625
121,0.0625
122,0.0625
123,0.0625
124,0.0625
125,0.0625
126,0.0625
127,0.0625
128,0.0625
129,0.09375
130,0.0625
131,0.0625
132,0.0625
133,0.0625
134,0.0625
135,0.0625
136,0.0625
137,0.0625
138,0.0625
139,0.09375
140,0.0625
141,0.0625
142,0.0625
143,0.0625
144,0.0625
145,0.0625
146,0.0625
147,0.0625
148,0.0625
149,0.09375
150,0.0625
151,0.0625
152,0.0625
153,0.0625
154,0.0625
155,0.0625
156,0.0625
157,0.0625
158,0.0625
159,0.09375
160,0.0625
161,0.0625
162,0.0625
163,0.0625
164,0.0625
165,0.0625
166,0.0625
167,0.0625
168,0.0625
169,0.09375
170,0.0625
171,0.0625
172,0.0625
173,0.0625
174,0.0625
175,0.0625
176,0.0625
177,0.0625
178,0.0625
179,0.09375
180,0.0625
181,0.0625
182,0.0625
183,0.0625
184,0.0625
185,0.0625
186,0.0625
187,0.0625
188,0.0625
189,0.09375
190,0.0625
191,0.0625
192,0.0625
193,0.0625
194,0.0625
195,0.0625
196,0.0625
197,0.0625
198,0.0625
199,0.09375
200,0.0625
201,0.0625
202,0.0625
203,0.0625
204,0.0625
205,0.0625
206,0.0625
207,0.0625
208,0.0625
209,0.09375
210,0.0625
211,0.0625
212,0.0625
213,0.0625
214,0.0625
215,0.0625
216,0.0625
217,0.0625
218,0.0625
219,0.09375
220,0.0625
221,0.0625
222,0.0625
223,0.0625
224,0.0625
225,0.0625
226,0.0625
227,0.0625
228,0.0625
229,0.09375
230,0.0625
231,0.0625
232,0.0625
233,0.0625
234,0.0625
235,0.0625
236,0.0625
237,0.0625
238,0.0625
239,0.09375
240,0.0625
241,0.0625
242,0.0625
243,0.0625
244,0.0625
245,0.0625
246,0.0625
247,0.0625
248,0.0625
249,0.09375
250,0.0625
251,0.0625
252,0.0625
253,0.0625
254,0.0625
255,0.0625
256,0.0625
257,0.0625
258,0.0625
259,0.09375
260,0.0625
261,0.0625
262,0.0625
263,0.0625
264,0.0625
265,0.0625
266,0.0625
267,0.0625
268,0.0625
269,0.09375
270,0.0625
271,0.0625
272,0.0625
273,0.0625
274,0.0625
275,0.0625
276,0.0625
277,0.0625
278,0.0625
279,0.09375
280,0.0625
281,0.0625
282,0.0625
283,0.0625
284,0.0625
285,0.0625
286,0.0625
287,0.0625
288,0.0625
289,0.09375
290,0.0625
291,0.0625
292,0.0625
293,0.0625
294,0.0625
295,0.0625
296,0.0625
297,0.0625
298,0.0625
299,0.09375
300,0.0625
301,0.0625
302,0.0625
303,0.0625
304,0.0625
305,0.0625
306,0.0625
307,0.0625
308,0.0625
309,0.03125
310,0.0
311,0.0
312,0.0
313,0.0
314,0.0
315,0.0
316,0.0
317,0.0
318,0.0
319,0.0
320,0.0
321,0.0
322,0.0
323,0.0
324,0.0
325,0.0
326,0.0
327,0.0
328,0.0
329,0.0
330,0.0
331,0.0
332,0.0
333,0.0
334,0.0
335,0.0
336,0.0
337,0.0
338,0.0
339,0.0
340,0.0
341,0.0
342,0.0
343,0.0
344,0.0
345,0.0
346,0.0
347,0.0
348,0.0
349,0.0
350,0.0
351,0.0
352,0.0
353,0.0
354,0.0
355,0.0
356,0.0
357,0.0
358,0.0
359,0.0
360,0.0
361,0.0
362,0.0
363,0.0
364,0.0
365,0.0
366,0.0
367,0.0
368,0.0
369,0.0
370,0.0
371,0.0
372,0.0
373,0.0
374,0.0
375,0.0
376,0.0
377,0.0
378,0.0
379,0.0
380,0.0
381,0.0
382,0.0
383,0.0
384,0.0
385,0.0
386,0.0
387,0.0
388,0.0
389,0.0
390,0.0
391,0.0
392,0.0
393,0.0
394,0.0
395,0.0
396,0.0
397,0.0
398,0.0
399,0.0
400,0.0
401,0.0
402,0.0
403,0.0
404,0.0
405,0.0
406,0.0
407,0.0
408,0.0
409,0.0
410,0.0
411,0.0
412,0.0
413,0.0
414,0.0
415,0.0
416,0.0
417,0.0
418,0.0
419,0.0
420,0.0
421,0.0
422,0.0
423,0.0
424,0.0
425,0.0
426,0.0
427,0.0
428,0.0
429,0.0
430,0.0
431,0.0
432,0.0
433,0.0
434,0.0
435,0.0
436,0.0
437,0.0
438,0.0
439,0.0
440,0.0
441,0.0
442,0.0
443,0.0
444,0.0
445,0.0
446,0.0
447,0.0
448,0.0
449,0.0
450,0.0
451,0.0
452,0.0
453,0.0
454,0.0
455,0.0
456,0.0
457,0.0
458,0.0
459,0.0
460,0.0
461,0.0
462,0.0
463,0.0
464,0.0
465,0.0
466,0.0
467,0.0
468,0.0
469,0.0
470,0.0
471,0.0
472,0.0
473,0.0
474,0.0
475,0.0
476,0.0
477,0.0
478,0.0
479,0.0
480,0.0
481,0.0
482,0.0
483,0.0
484,0.0
485,0.0
486,0.0
487,0.0
488,0.0
489,0.0
490,0.0
491,0.0
492,0.0
493,0.0
494,0.0
495,0.0
496,0.0
497,0.0
498,0.0
499,0.0
0,0.09375
1,0.0625
2,0.0625
3,0.0625
4,0.0625
5,0.0625
6,0.0625
7,0.125
8,0.09375
9,0.0625
10,0.0625
11,0.125
12,0.09375
13,0.0625
14,0.125
15,0.09375
16,0.0625
17,0.0625
18,0.125
19,0.09375
20,0.0625
21,0.0625
22,0.125
23,0.09375
24,0.0625
25,0.0625
26,0.125
27,0.09375
28,0.0625
29,0.0625
30,0.09375
31,0.0625
32,0.0625
33,0.0625
34,0.0625
35,0.09375
36,0.0625
37,0.0625
38,0.0625
39,0.125
40,0.09375
41,0.0625
42,0.0625
43,0.125
44,0.09375
45,0.0625
46,0.0625
47,0.09375
48,0.0625
49,0.0625
50,0.0625
51,0.0625
52,0.0625
53,0.0625
54,0.0625
55,0.0625
56,0.09375
57,0.0625
58,0.0625
59,0.0625
60,0.0625
61,0.09375
62,0.0625
63,0.0625
64,0.0625
65,0.0625
66,0.09375
67,0.0625
68,0.0625
69,0.0625
70,0.09375
71,0.0625
72,0.0625
73,0.0625
74,0.0625
75,0.0625
76,0.0625
77,0.0625
78,0.0625
79,0.09375
80,0.0625
81,0.0625
82,0.0625
83,0.0625
84,0.0625
85,0.0625
86,0.0625
87,0.0625
88,0.09375
89,0.0625
90,0.0625
91,0.0625
92,0.0625
93,0.0625
94,0.0625
95,0.0625
96,0.0625
97,0.09375
98,0.0625
99,0.0625
100,0.0625
101,0.0625
102,0.0625
103,0.0625
104,0.0625
105,0.0625
106,0.09375
107,0.0625
108,0.0625
109,0.0625
110,0.0625
111,0.09375
112,0.0625
113,0.0625
114,0.0625
115,0.0625
116,0.09375
117,0.0625
118,0.0625
119,0.0625
120,0.0625
121,0.09375
122,0.0625
123,0.0625
124,0.0625
125,0.03125
126,0.0
127,0.0
128,0.0
129,0.0
130,0.0
131,0.0
132,0.0
133,0.0
134,0.0
135,0.0
136,0.0
137,0.0
138,0.0
139,0.0
140,0.0
141,0.0
142,0.0
143,0.0
144,0.0
145,0.0
146,0.0
147,0.0
148,0.0
149,0.0
150,0.0
151,0.0
152,0.0
153,0.0
154,0.0
155,0.0
156,0.0
157,0.0
158,0.0
159,0.0
160,0.0
161,0.0
162,0.0
163,0.0
164,0.0
165,0.0
166,0.0
167,0.0
168,0.0
169,0.0
170,0.0
171,0.0
172,0.0
173,0.0
174,0.0
175,0.0
176,0.0
177,0.0
178,0.0
179,0.0
180,0.0
181,0.0
182,0.0
183,0.0
184,0.0
185,0.0
186,0.0
187,0.0
188,0.0
189,0.0
190,0.0
191,0.0
192,0.0
193,0.0
194,0.0
195,0.0
196,0.0
197,0.0
198,0.0
199,0.0
200,0.0
201,0.0
202,0.0
203,0.0
204,0.0
205,0.0
206,0.0
207,0.0
208,0.0
209,0.0
210,0.0
211,0.0
212,0.0
213,0.0
214,0.0
215,0.0
216,0.0
217,0.0
218,0.0
219,0.0
220,0.0
221,0.0
222,0.0
223,0.0
224,0.0
225,0.0
226,0.0
227,0.0
228,0.0
229,0.0
230,0.0
231,0.0
232,0.0
233,0.0
234,0.0
235,0.0
236,0.0
237,0.0
238,0.0
239,0.0
240,0.0
241,0.0
242,0.0
243,0.0
244,0.0
245,0.0
246,0.0
247,0.0
248,0.0
249,0.0
250,0.0
251,0.0
252,0.0
253,0.0
254,0.0
255,0.0
256,0.0
257,0.0
258,0.0
259,0.0
260,0.0
261,0.0
262,0.0
263,0.0
264,0.0
265,0.0
266,0.0
267,0.0
268,0.0
269,0.0
270,0.0
271,0.0
272,0.0
273,0.0
274,0.0
275,0.0
276,0.0
277,0.0
278,0.0
279,0.0
280,0.0
281,0.0
282,0.0
283,0.0
284,0.0
285,0.0
286,0.0
287,0.0
288,0.0
289,0.0
290,0.0
291,0.0
292,0.0
293,0.0
294,0.0
295,0.0
296,0.0
297,0.0
298,0.0
299,0.0
300,0.0
301,0.0
302,0.0
303,0.0
304,0.0
305,0.0
306,0.0
307,0.0
308,0.0
309,0.0
310,0.0
311,0.0
312,0.0
313,0.0
314,0.0
315,0.0
316,0.0
317,0.0
318,0.0
319,0.0
320,0.0
321,0.0
322,0.0
323,0.0
324,0.0
325,0.0
326,0.0
327,0.0
328,0.0
329,0.0
330,0.0
331,0.0
332,0.0
333,0.0
334,0.0
335,0.0
336,0.0
337,0.0
338,0.0
339,0.0
340,0.0
341,0.0
342,0.0
343,0.0
344,0.0
345,0.0
346,0.0
347,0.0
348,0.0
349,0.0
350,0.0
351,0.0
352,0.0
353,0.0
354,0.0
355,0.0
356,0.0
357,0.0
358,0.0
359,0.0
360,0.0
361,0.0
362,0.0
363,0.0
364,0.0
365,0.0
366,0.0
367,0.0
368,0.0
369,0.0
370,0.0
371,0.0
372,0.0
373,0.0
374,0.0
375,0.0
376,0.0
377,0.0
378,0.0
379,0.0
380,0.0
381,0.0
382,0.0
383,0.0
384,0.0
385,0.0
386,0.0
387,0.0
388,0.0
389,0.0
390,0.0
391,0.0
392,0.0
393,0.0
394,0.0
395,0.0
396,0.0
397,0.0
398,0.0
399,0.0
400,0.0
401,0.0
402,0.0
403,0.0
404,0.0
405,0.0
406,0.0
407,0.0
408,0.0
409,0.0
410,0.0
411,0.0
412,0.0
413,0.0
414,0.0
415,0.0
416,0.0
417,0.0
418,0.0
419,0.0
420,0.0
421,0.0
422,0.0
423,0.0
424,0.0
425,0.0
426,0.0
427,0.0
428,0.0
429,0.0
430,0.0
431,0.0
432,0.0
433,0.0
434,0.0
435,0.0
436,0.0
437,0.0
438,0.0
439,0.0
440,0.0
441,0.0
442,0.0
443,0.0
444,0.0
445,0.0
446,0.0
447,0.0
448,0.0
449,0.0
450,0.0
451,0.0
452,0.0
453,0.0
454,0.0
455,0.0
456,0.0
457,0.0
458,0.0
459,0.0
460,0.0
461,0.0
462,0.0
463,0.0
464,0.0
465,0.0
466,0.0
467,0.0
468,0.0
469,0.0
470,0.0
471,0.0
472,0.0
473,0.0
474,0.0
475,0.0
476,0.0
477,0.0
478,0.0
479,0.0
480,0.0
481,0.0
482,0.0
483,0.0
484,0.0
485,0.0
486,0.0
487,0.0
488,0.0
489,0.0
490,0.0
491,0.0
492,0.0
493,0.0
494,0.0
495,0.0
496,0.0
497,0.0
498,0.0
499,0.0
