0,0.3392857
1,0.3392857
2,0.3392857
3,0.3392857
4,0.3392857
5,0.3392857
6,0.3392857
7,0.3392857
8,0.3392857
9,0.3392857
10,0.3392857
11,0.3392857
12,0.3392857
13,0.3392857
14,0.3392857
15,0.3392857
16,0.3392857
17,0.3392857
18,0.3392857
19,0.3392857
20,0.3392857
21,0.3392857
22,0.3392857
23,0.3392857
24,0.3392857
25,0.3392857
26,0.3392857
27,0.3392857
28,0.3392857
29,0.3392857
30,0.3392857
31,0.3392857
32,0.3392857
33,0.3392857
34,0.3392857
35,0.3392857
36,0.3392857
37,0.3392857
38,0.3392857
39,0.3392857
40,0.3392857
41,0.3392857
42,0.3392857
43,0.3392857
44,0.3392857
45,0.3392857
46,0.3392857
47,0.3392857
48,0.3392857
49,0.3392857
50,0.3392857
51,0.3392857
52,0.3392857
53,0.3392857
54,0.3392857
55,0.3392857
56,0.3392857
57,0.3392857
58,0.3392857
59,0.3392857
60,0.3392857
61,0.3392857
62,0.3392857
63,0.3392857
64,0.3392857
65,0.3392857
66,0.3392857
67,0.3392857
68,0.3392857
69,0.3392857
70,0.3392857
71,0.3392857
72,0.3392857
73,0.3392857
74,0.3392857
75,0.3392857
76,0.3392857
77,0.3392857
78,0.3392857
79,0.3392857
80,0.3392857
81,0.3392857
82,0.3392857
83,0.3392857
84,0.3392857
85,0.3392857
86,0.3392857
87,0.3392857
88,0.3392857
89,0.3392857
90,0.3392857
91,0.3392857
92,0.3392857
93,0.3392857
94,0.3392857
95,0.3392857
96,0.3392857
97,0.3392857
98,0.3392857
99,0.3392857
100,0.3392857
101,0.3392857
102,0.3392857
103,0.3392857
104,0.3392857
105,0.3392857
106,0.3392857
107,0.3392857
108,0.3392857
109,0.3392857
110,0.3392857
111,0.3392857
112,0.3392857
113,0.3392857
114,0.3392857
115,0.3392857
116,0.3392857
117,0.3392857
118,0.3392857
119,0.3392857
120,0.3392857
121,0.3392857
122,0.3392857
123,0.3392857
124,0.3392857
125,0.3392857
126,0.3392857
127,0.3392857
128,0.3392857
129,0.3392857
130,0.3392857
131,0.3392857
132,0.3392857
133,0.3392857
134,0.3392857
135,0.3392857
136,0.3392857
137,0.3392857
138,0.3392857
139,0.3392857
140,0.3392857
141,0.3392857
142,0.3392857
143,0.3392857
144,0.3392857
145,0.3392857
146,0.3392857
147,0.3392857
148,0.3392857
149,0.3392857
150,0.3392857
151,0.3392857
152,0.3392857
153,0.3392857
154,0.3392857
155,0.3392857
156,0.3392857
157,0.3392857
158,0.3392857
159,0.3392857
160,0.3392857
161,0.3392857
162,0.3392857
163,0.3392857
164,0.3392857
165,0.3392857
166,0.3392857
167,0.3392857
168,0.3392857
169,0.3392857
170,0.3392857
171,0.3392857
172,0.3392857
173,0.3392857
174,0.3392857
175,0.3392857
176,0.3392857
177,0.3392857
178,0.3392857
179,0.3392857
180,0.3392857
181,0.3392857
182,0.3392857
183,0.3392857
184,0.3392857
185,0.3392857
186,0.3392857
187,0.3392857
188,0.3392857
189,0.3392857
190,0.3392857
191,0.3392857
192,0.3392857
193,0.3392857
194,0.3392857
195,0.3392857
196,0.3392857
197,0.3392857
198,0.3392857
199,0.3392857
200,0.3392857
201,0.3392857
202,0.3392857
203,0.3392857
204,0.3392857
205,0.3392857
206,0.3392857
207,0.3392857
208,0.3392857
209,0.3392857
210,0.3392857
211,0.3392857
212,0.3392857
213,0.3392857
214,0.3392857
215,0.3392857
216,0.3392857
217,0.3392857
218,0.3392857
219,0.3392857
220,0.3392857
221,0.3392857
222,0.3392857
223,0.3392857
224,0.3392857
225,0.3392857
226,0.3392857
227,0.3392857
228,0.3392857
229,0.3392857
230,0.3392857
231,0.3392857
232,0.3392857
233,0.3392857
234,0.3392857
235,0.3392857
236,0.3392857
237,0.3392857
238,0.3392857
239,0.3392857
240,0.3392857
241,0.3392857
242,0.3392857
243,0.3392857
244,0.3392857
245,0.3392857
246,0.3392857
247,0.3392857
248,0.3392857
249,0.3392857
250,0.3392857
251,0.3392857
252,0.3392857
253,0.3392857
254,0.3392857
255,0.3392857
256,0.3392857
257,0.3392857
258,0.3392857
259,0.3392857
260,0.3392857
261,0.3392857
262,0.3392857
263,0.3392857
264,0.3392857
265,0.3392857
266,0.3392857
267,0.3392857
268,0.3392857
269,0.3392857
270,0.3392857
271,0.3392857
272,0.3392857
273,0.3392857
274,0.3392857
275,0.3392857
276,0.3392857
277,0.3392857
278,0.3392857
279,0.3392857
280,0.3392857
281,0.3392857
282,0.3392857
283,0.3392857
284,0.3392857
285,0.3392857
286,0.3392857
287,0.3392857
288,0.3392857
289,0.3392857
290,0.3392857
291,0.3392857
292,0.3392857
293,0.3392857
294,0.3392857
295,0.3392857
296,0.3392857
297,0.3392857
298,0.3392857
299,0.3392857
300,0.3392857
301,0.3392857
302,0.3392857
303,0.3392857
304,0.3392857
305,0.3392857
306,0.3392857
307,0.3392857
308,0.3392857
309,0.3392857
310,0.3392857
311,0.3392857
312,0.3392857
313,0.3392857
314,0.3392857
315,0.3392857
316,0.3392857
317,0.3392857
318,0.3392857
319,0.3392857
320,0.3392857
321,0.3392857
322,0.3392857
323,0.3392857
324,0.3392857
325,0.3392857
326,0.3392857
327,0.3392857
328,0.3392857
329,0.3392857
330,0.3392857
331,0.3392857
332,0.3392857
333,0.3392857
334,0.3392857
335,0.3392857
336,0.3392857
337,0.3392857
338,0.3392857
339,0.3392857
340,0.3392857
341,0.3392857
342,0.3392857
343,0.3392857
344,0.3392857
345,0.3392857
346,0.3392857
347,0.3392857
348,0.3392857
349,0.3392857
350,0.3392857
351,0.3392857
352,0.3392857
353,0.3392857
354,0.3392857
355,0.3392857
356,0.3392857
357,0.3392857
358,0.3392857
359,0.3392857
360,0.3392857
361,0.3392857
362,0.3392857
363,0.3392857
364,0.3392857
365,0.3392857
366,0.3392857
367,0.3392857
368,0.3392857
369,0.3392857
370,0.3392857
371,0.3392857
372,0.3392857
373,0.3392857
374,0.3392857
375,0.3392857
376,0.3392857
377,0.3392857
378,0.3392857
379,0.3392857
380,0.3392857
381,0.3392857
382,0.3392857
383,0.3392857
384,0.3392857
385,0.3392857
386,0.3392857
387,0.3392857
388,0.3392857
389,0.3392857
390,0.3392857
391,0.3392857
392,0.3392857
393,0.3392857
394,0.3392857
395,0.3392857
396,0.3392857
397,0.3392857
398,0.3392857
399,0.3392857
400,0.3392857
401,0.3392857
402,0.3392857
403,0.3392857
404,0.3392857
405,0.3392857
406,0.3392857
407,0.3392857
408,0.3392857
409,0.3392857
410,0.3392857
411,0.3392857
412,0.3392857
413,0.3392857
414,0.3392857
415,0.3392857
416,0.3392857
417,0.3392857
418,0.3392857
419,0.3392857
420,0.3392857
421,0.3392857
422,0.3392857
423,0.3392857
424,0.3392857
425,0.3392857
426,0.3392857
427,0.3392857
428,0.3392857
429,0.3392857
430,0.3392857
431,0.3392857
432,0.3392857
433,0.3392857
434,0.3392857
435,0.3392857
436,0.3392857
437,0.3392857
438,0.3392857
439,0.3392857
440,0.3392857
441,0.3392857
442,0.3392857
443,0.3392857
444,0.3392857
445,0.3392857
446,0.3392857
447,0.3392857
448,0.3392857
449,0.3392857
450,0.3392857
451,0.3392857
452,0.3392857
453,0.3392857
454,0.3392857
455,0.3392857
456,0.3392857
457,0.3392857
458,0.3392857
459,0.3392857
460,0.3392857
461,0.3392857
462,0.3392857
463,0.3392857
464,0.3392857
465,0.3392857
466,0.3392857
467,0.3392857
468,0.3392857
469,0.3392857
470,0.3392857
471,0.3392857
472,0.3392857
473,0.3392857
474,0.3392857
475,0.3392857
476,0.3392857
477,0.3392857
478,0.3392857
479,0.3392857
480,0.3392857
481,0.3392857
482,0.3392857
483,0.3392857
484,0.3392857
485,0.3392857
486,0.3392857
487,0.3392857
488,0.3392857
489,0.3392857
490,0.3392857
491,0.3392857
492,0.3392857
493,0.3392857
494,0.3392857
495,0.3392857
496,0.3392857
497,0.3392857
498,0.3392857
499,0.3392857
0,0.30357143
1,0.71428573
2,0.8214286
3,1.0535715
4,1.3928572
5,1.5
6,1.5357143
7,1.7321428
8,1.8928572
9,1.9642857
10,2.1964285
11,2.3392856
12,2.375
13,2.5357144
14,2.5714285
15,2.767857
16,2.875
17,3.0714285
18,3.1785715
19,3.2142856
20,3.3392856
21,3.375
22,3.5714285
23,3.642857
24,3.6785715
25,3.875
26,3.9464285
27,3.982143
28,4.178571
29,4.25
30,4.285714
31,4.410714
32,4.482143
33,4.517857
34,4.642857
35,4.678571
36,4.714286
37,4.75
38,4.821429
39,4.982143
40,5.053571
41,5.089286
42,5.125
43,5.285714
44,5.321429
45,5.357143
46,5.392857
47,5.517857
48,5.553571
49,5.589286
50,5.714286
51,5.75
52,5.785714
53,5.821429
54,5.892857
55,6.017857
56,6.053571
57,6.089286
58,6.125
59,6.214286
60,6.25
61,6.285714
62,6.375
63,6.410714
64,6.446429
65,6.482143
66,6.517857
67,6.553571
68,6.589286
69,6.625
70,6.75
71,6.785714
72,6.821429
73,6.857143
74,6.946429
75,6.982143
76,7.017857
77,7.107143
78,7.142857
79,7.178571
80,7.303571
81,7.339286
82,7.375
83,7.5
84,7.535714
85,7.571429
86,7.660714
87,7.696429
88,7.732143
89,7.767857
90,7.857143
91,7.892857
92,7.928571
93,8.053572
94,8.089286
95,8.125
96,8.25
97,8.285714
98,8.321428
99,8.392858
100,8.428572
101,8.5
102,8.535714
103,8.571428
104,8.607142
105,8.642858
106,8.678572
107,8.714286
108,8.75
109,8.803572
110,8.839286
111,8.875
112,8.910714
113,8.946428
114,8.982142
115,9.017858
116,9.071428
117,9.107142
118,9.142858
119,9.178572
120,9.232142
121,9.267858
122,9.303572
123,9.339286
124,9.375
125,9.428572
126,9.464286
127,9.5
128,9.535714
129,9.589286
130,9.625
131,9.660714
132,9.696428
133,9.732142
134,9.767858
135,9.821428
136,9.857142
137,9.892858
138,9.928572
139,9.964286
140,10.0
141,10.053572
142,10.089286
143,10.125
144,10.160714
145,10.214286
146,10.25
147,10.285714
148,10.321428
149,10.357142
150,10.410714
151,10.446428
152,10.482142
153,10.517858
154,10.571428
155,10.607142
156,10.642858
157,10.678572
158,10.714286
159,10.75
160,10.803572
161,10.839286
162,10.875
163,10.910714
164,10.946428
165,10.982142
166,11.035714
167,11.071428
168,11.107142
169,11.142858
170,11.196428
171,11.232142
172,11.267858
173,11.303572
174,11.339286
175,11.375
176,11.428572
177,11.464286
178,11.5
179,11.535714
180,11.571428
181,11.607142
182,11.660714
183,11.696428
184,11.732142
185,11.767858
186,11.821428
187,11.857142
188,11.892858
189,11.928572
190,11.964286
191,12.017858
192,12.053572
193,12.089286
194,12.125
195,12.178572
196,12.214286
197,12.25
198,12.285714
199,12.321428
200,12.357142
201,12.410714
202,12.446428
203,12.482142
204,12.517858
205,12.571428
206,12.607142
207,12.642858
208,12.678572
209,12.714286
210,12.803572
211,12.839286
212,12.875
213,12.910714
214,13.0
215,13.035714
216,13.071428
217,13.107142
218,13.196428
219,13.232142
220,13.267858
221,13.303572
222,13.339286
223,13.392858
224,13.446428
225,13.482142
226,13.517858
227,13.571428
228,13.607142
229,13.642858
230,13.678572
231,13.714286
232,13.767858
233,13.821428
234,13.892858
235,13.928572
236,13.982142
237,14.017858
238,14.053572
239,14.089286
240,14.142858
241,14.178572
242,14.214286
243,14.25
244,14.285714
245,14.339286
246,14.375
247,14.428572
248,14.464286
249,14.517858
250,14.553572
251,14.589286
252,14.625
253,14.660714
254,14.714286
255,14.75
256,14.803572
257,14.839286
258,14.892858
259,14.928572
260,14.964286
261,15.0
262,15.053572
263,15.089286
264,15.125
265,15.160714
266,15.196428
267,15.25
268,15.285714
269,15.321428
270,15.357142
271,15.410714
272,15.446428
273,15.482142
274,15.517858
275,15.553572
276,15.607142
277,15.642858
278,15.696428
279,15.732142
280,15.785714
281,15.821428
282,15.857142
283,15.892858
284,15.928572
285,15.982142
286,16.017857
287,16.071428
288,16.107143
289,16.160715
290,16.196428
291,16.232143
292,16.267857
293,16.321428
294,16.357143
295,16.392857
296,16.428572
297,16.464285
298,16.517857
299,16.553572
300,16.607143
301,16.642857
302,16.696428
303,16.732143
304,16.767857
305,16.803572
306,16.857143
307,16.892857
308,16.928572
309,16.964285
310,17.0
311,17.053572
312,17.089285
313,17.125
314,17.142857
315,17.196428
316,17.232143
317,17.267857
318,17.303572
319,17.339285
320,17.392857
321,17.428572
322,17.464285
323,17.5
324,17.553572
325,17.589285
326,17.625
327,17.660715
328,17.696428
329,17.75
330,17.785715
331,17.821428
332,17.839285
333,17.892857
334,17.928572
335,17.964285
336,18.0
337,18.035715
338,18.089285
339,18.125
340,18.160715
341,18.178572
342,18.232143
343,18.267857
344,18.303572
345,18.339285
346,18.375
347,18.428572
348,18.464285
349,18.5
350,18.517857
351,18.571428
352,18.607143
353,18.642857
354,18.678572
355,18.714285
356,18.767857
357,18.803572
358,18.839285
359,18.857143
360,18.910715
361,18.946428
362,18.982143
363,19.017857
364,19.053572
365,19.107143
366,19.142857
367,19.178572
368,19.196428
369,19.25
370,19.285715
371,19.321428
372,19.357143
373,19.410715
374,19.446428
375,19.482143
376,19.517857
377,19.553572
378,19.607143
379,19.642857
380,19.678572
381,19.714285
382,19.767857
383,19.803572
384,19.839285
385,19.875
386,19.910715
387,19.964285
388,20.0
389,20.035715
390,20.053572
391,20.107143
392,20.142857
393,20.178572
394,20.214285
395,20.25
396,20.303572
397,20.339285
398,20.375
399,20.392857
400,20.446428
401,20.482143
402,20.517857
403,20.553572
404,20.589285
405,20.642857
406,20.678572
407,20.714285
408,20.732143
409,20.785715
410,20.821428
411,20.857143
412,20.892857
413,20.928572
414,20.982143
415,21.017857
416,21.053572
417,21.071428
418,21.125
419,21.160715
420,21.196428
421,21.232143
422,21.285715
423,21.321428
424,21.339285
425,21.375
426,21.428572
427,21.464285
428,21.5
429,21.535715
430,21.589285
431,21.625
432,21.660715
433,21.678572
434,21.732143
435,21.767857
436,21.803572
437,21.839285
438,21.892857
439,21.928572
440,21.946428
441,21.982143
442,22.035715
443,22.071428
444,22.107143
445,22.142857
446,22.196428
447,22.232143
448,22.267857
449,22.285715
450,22.339285
451,22.375
452,22.410715
453,22.446428
454,22.5
455,22.535715
456,22.571428
457,22.589285
458,22.642857
459,22.678572
460,22.714285
461,22.75
462,22.803572
463,22.839285
464,22.857143
465,22.892857
466,22.946428
467,22.982143
468,23.017857
469,23.053572
470,23.107143
471,23.142857
472,23.178572
473,23.196428
474,23.25
475,23.285715
476,23.321428
477,23.357143
478,23.410715
479,23.446428
480,23.464285
481,23.5
482,23.553572
483,23.589285
484,23.625
485,23.660715
486,23.714285
487,23.75
488,23.785715
489,23.803572
490,23.857143
491,23.892857
492,23.928572
493,23.964285
494,24.017857
495,24.053572
496,24.071428
497,24.107143
498,24.160715
499,24.196428
0,0.08928572
1,0.125
2,0.17857143
3,0.25
4,0.2857143
5,0.3392857
6,0.375
7,0.4107143
8,0.48214287
9,0.53571427
10,0.5714286
11,0.64285713
12,0.6964286
13,0.73214287
14,0.78571427
15,0.85714287
16,0.89285713
17,0.9464286
18,0.98214287
19,1.0178572
20,1.0535715
21,1.1071428
22,1.1428572
23,1.1785715
24,1.2321428
25,1.3035715
26,1.3392857
27,1.3928572
28,1.4285715
29,1.4642857
30,1.5
31,1.5535715
32,1.5892857
33,1.625
34,1.6785715
35,1.75
36,1.7857143
37,1.8392857
38,1.875
39,1.9107143
40,1.9464285
41,2.0
42,2.0357144
43,2.0714285
44,2.107143
45,2.1607144
46,2.1964285
47,2.232143
48,2.2857144
49,2.357143
50,2.392857
51,2.4285715
52,2.482143
53,2.517857
54,2.5535715
55,2.5892856
56,2.642857
57,2.6785715
58,2.7142856
59,2.75
60,2.8035715
61,2.8392856
62,2.875
63,2.9285715
64,2.9642856
65,3.0
66,3.0357144
67,3.0892856
68,3.125
69,3.1607144
70,3.1964285
71,3.25
72,3.2857144
73,3.3214285
74,3.357143
75,3.4107144
76,3.4464285
77,3.482143
78,3.5357144
79,3.5714285
80,3.607143
81,3.642857
82,3.6964285
83,3.732143
84,3.767857
85,3.8035715
86,3.857143
87,3.892857
88,3.9285715
89,3.9642856
90,4.017857
91,4.053571
92,4.089286
93,4.125
94,4.178571
95,4.214286
96,4.25
97,4.303571
98,4.339286
99,4.375
100,4.410714
101,4.464286
102,4.5
103,4.535714
104,4.571429
105,4.625
106,4.660714
107,4.696429
108,4.732143
109,4.785714
110,4.821429
111,4.857143
112,4.892857
113,4.946429
114,4.982143
115,5.017857
116,5.071429
117,5.107143
118,5.142857
119,5.178571
120,5.232143
121,5.267857
122,5.303571
123,5.339286
124,5.392857
125,5.428571
126,5.464286
127,5.5
128,5.553571
129,5.589286
130,5.625
131,5.660714
132,5.714286
133,5.75
134,5.785714
135,5.839286
136,5.875
137,5.910714
138,5.946429
139,6.0
140,6.035714
141,6.071429
142,6.107143
143,6.160714
144,6.196429
145,6.232143
146,6.267857
147,6.321429
148,6.357143
149,6.392857
150,6.428571
151,6.482143
152,6.517857
153,6.553571
154,6.571429
155,6.642857
156,6.678571
157,6.714286
158,6.75
159,6.803571
160,6.839286
161,6.875
162,6.910714
163,6.964286
164,7.0
165,7.035714
166,7.071429
167,7.107143
168,7.142857
169,7.196429
170,7.232143
171,7.267857
172,7.285714
173,7.285714
174,7.285714
175,7.285714
176,7.285714
177,7.285714
178,7.285714
179,7.285714
180,7.285714
181,7.285714
182,7.285714
183,7.285714
184,7.285714
185,7.285714
186,7.285714
187,7.285714
188,7.285714
189,7.285714
190,7.285714
191,7.285714
192,7.285714
193,7.285714
194,7.285714
195,7.285714
196,7.285714
197,7.285714
198,7.285714
199,7.285714
200,7.285714
201,7.285714
202,7.285714
203,7.285714
204,7.285714
205,7.285714
206,7.285714
207,7.285714
208,7.285714
209,7.285714
210,7.285714
211,7.285714
212,7.285714
213,7.285714
214,7.285714
215,7.285714
216,7.285714
217,7.285714
218,7.285714
219,7.285714
220,7.285714
221,7.285714
222,7.285714
223,7.285714
224,7.285714
225,7.285714
226,7.285714
227,7.285714
228,7.285714
229,7.285714
230,7.285714
231,7.285714
232,7.285714
233,7.285714
234,7.285714
235,7.285714
236,7.285714
237,7.285714
238,7.285714
239,7.285714
240,7.285714
241,7.285714
242,7.285714
243,7.285714
244,7.285714
245,7.285714
246,7.285714
247,7.285714
248,7.285714
249,7.285714
250,7.285714
251,7.285714
252,7.285714
253,7.285714
254,7.285714
255,7.285714
256,7.285714
257,7.285714
258,7.285714
259,7.285714
260,7.285714
261,7.285714
262,7.285714
263,7.285714
264,7.285714
265,7.285714
266,7.285714
267,7.285714
268,7.285714
269,7.285714
270,7.285714
271,7.285714
272,7.285714
273,7.285714
274,7.285714
275,7.285714
276,7.285714
277,7.285714
278,7.285714
279,7.285714
280,7.285714
281,7.285714
282,7.285714
283,7.285714
284,7.285714
285,7.285714
286,7.285714
287,7.285714
288,7.285714
289,7.285714
290,7.285714
291,7.285714
292,7.285714
293,7.285714
294,7.285714
295,7.285714
296,7.285714
297,7.285714
298,7.285714
299,7.285714
300,7.285714
301,7.285714
302,7.285714
303,7.285714
304,7.285714
305,7.285714
306,7.285714
307,7.285714
308,7.285714
309,7.285714
310,7.285714
311,7.285714
312,7.285714
313,7.285714
314,7.285714
315,7.285714
316,7.285714
317,7.285714
318,7.285714
319,7.285714
320,7.285714
321,7.285714
322,7.285714
323,7.285714
324,7.285714
325,7.285714
326,7.285714
327,7.285714
328,7.285714
329,7.285714
330,7.285714
331,7.285714
332,7.285714
333,7.285714
334,7.285714
335,7.285714
336,7.285714
337,7.285714
338,7.285714
339,7.285714
340,7.285714
341,7.285714
342,7.285714
343,7.285714
344,7.285714
345,7.285714
346,7.285714
347,7.285714
348,7.285714
349,7.285714
350,7.285714
351,7.285714
352,7.285714
353,7.285714
354,7.285714
355,7.285714
356,7.285714
357,7.285714
358,7.285714
359,7.285714
360,7.285714
361,7.285714
362,7.285714
363,7.285714
364,7.285714
365,7.285714
366,7.285714
367,7.285714
368,7.285714
369,7.285714
370,7.285714
371,7.285714
372,7.285714
373,7.285714
374,7.285714
375,7.285714
376,7.285714
377,7.285714
378,7.285714
379,7.285714
380,7.285714
381,7.285714
382,7.285714
383,7.285714
384,7.285714
385,7.285714
386,7.285714
387,7.285714
388,7.285714
389,7.285714
390,7.285714
391,7.285714
392,7.285714
393,7.285714
394,7.285714
395,7.285714
396,7.285714
397,7.285714
398,7.285714
399,7.285714
400,7.285714
401,7.285714
402,7.285714
403,7.285714
404,7.285714
405,7.285714
406,7.285714
407,7.285714
408,7.285714
409,7.285714
410,7.285714
411,7.285714
412,7.285714
413,7.285714
414,7.285714
415,7.285714
416,7.285714
417,7.285714
418,7.285714
419,7.285714
420,7.285714
421,7.285714
422,7.285714
423,7.285714
424,7.285714
425,7.285714
426,7.285714
427,7.285714
428,7.285714
429,7.285714
430,7.285714
431,7.285714
432,7.285714
433,7.285714
434,7.285714
435,7.285714
436,7.285714
437,7.285714
438,7.285714
439,7.285714
440,7.285714
441,7.285714
442,7.285714
443,7.285714
444,7.285714
445,7.285714
446,7.285714
447,7.285714
448,7.285714
449,7.285714
450,7.285714
451,7.285714
452,7.285714
453,7.285714
454,7.285714
455,7.285714
456,7.285714
457,7.285714
458,7.285714
459,7.285714
460,7.285714
461,7.285714
462,7.285714
463,7.285714
464,7.285714
465,7.285714
466,7.285714
467,7.285714
468,7.285714
469,7.285714
470,7.285714
471,7.285714
472,7.285714
473,7.285714
474,7.285714
475,7.285714
476,7.285714
477,7.285714
478,7.285714
479,7.285714
480,7.285714
481,7.285714
482,7.285714
483,7.285714
484,7.285714
485,7.285714
486,7.285714
487,7.285714
488,7.285714
489,7.285714
490,7.285714
491,7.285714
492,7.285714
493,7.285714
494,7.285714
495,7.285714
496,7.285714
497,7.285714
498,7.285714
499,7.285714
0,0.05357143
1,0.08928572
2,0.21428572
3,0.25
4,0.2857143
5,0.4107143
6,0.44642857
7,0.51785713
8,0.5714286
9,0.60714287
10,0.6785714
11,0.8035714
12,0.83928573
13,0.96428573
14,1.0
15,1.0357143
16,1.1607143
17,1.1964285
18,1.2678572
19,1.3571428
20,1.3928572
21,1.4642857
22,1.5892857
23,1.625
24,1.6964285
25,1.7857143
26,1.8214285
27,1.8928572
28,1.9821428
29,2.017857
30,2.0892856
31,2.1785715
32,2.2142856
33,2.2857144
34,2.375
35,2.4107144
36,2.482143
37,2.5714285
38,2.607143
39,2.6785715
40,2.732143
41,2.767857
42,2.8392856
43,2.9285715
44,2.9642856
45,3.0357144
46,3.125
47,3.1607144
48,3.232143
49,3.2857144
50,3.3214285
51,3.392857
52,3.482143
53,3.517857
54,3.5892856
55,3.6785715
56,3.7142856
57,3.7857144
58,3.8392856
59,3.875
60,3.9464285
61,4.035714
62,4.071429
63,4.142857
64,4.232143
65,4.267857
66,4.303571
67,4.392857
68,4.428571
69,4.5
70,4.589286
71,4.625
72,4.696429
73,4.785714
74,4.821429
75,4.857143
76,4.946429
77,4.982143
78,5.053571
79,5.142857
80,5.178571
81,5.25
82,5.339286
83,5.375
84,5.410714
85,5.5
86,5.535714
87,5.571429
88,5.660714
89,5.696429
90,5.732143
91,5.821429
92,5.857143
93,5.892857
94,5.982143
95,6.017857
96,6.053571
97,6.142857
98,6.178571
99,6.214286
100,6.303571
101,6.339286
102,6.375
103,6.464286
104,6.5
105,6.535714
106,6.625
107,6.660714
108,6.696429
109,6.75
110,6.785714
111,6.821429
112,6.857143
113,6.910714
114,6.946429
115,6.982143
116,7.017857
117,7.071429
118,7.107143
119,7.142857
120,7.178571
121,7.232143
122,7.267857
123,7.303571
124,7.339286
125,7.392857
126,7.428571
127,7.464286
128,7.5
129,7.553571
130,7.589286
131,7.625
132,7.660714
133,7.714286
134,7.75
135,7.785714
136,7.821429
137,7.875
138,7.910714
139,7.946429
140,8.035714
141,8.071428
142,8.107142
143,8.142858
144,8.196428
145,8.232142
146,8.267858
147,8.303572
148,8.357142
149,8.392858
150,8.428572
151,8.464286
152,8.517858
153,8.553572
154,8.589286
155,8.625
156,8.678572
157,8.714286
158,8.75
159,8.785714
160,8.839286
161,8.875
162,8.910714
163,8.946428
164,9.0
165,9.035714
166,9.071428
167,9.107142
168,9.160714
169,9.196428
170,9.232142
171,9.267858
172,9.321428
173,9.357142
174,9.392858
175,9.428572
176,9.482142
177,9.517858
178,9.553572
179,9.589286
180,9.625
181,9.678572
182,9.714286
183,9.75
184,9.785714
185,9.839286
186,9.875
187,9.910714
188,9.946428
189,9.982142
190,10.035714
191,10.071428
192,10.107142
193,10.142858
194,10.196428
195,10.232142
196,10.267858
197,10.303572
198,10.339286
199,10.392858
200,10.428572
201,10.464286
202,10.5
203,10.553572
204,10.589286
205,10.625
206,10.660714
207,10.696428
208,10.75
209,10.785714
210,10.821428
211,10.857142
212,10.910714
213,10.946428
214,10.982142
215,11.017858
216,11.053572
217,11.107142
218,11.142858
219,11.178572
220,11.214286
221,11.267858
222,11.303572
223,11.339286
224,11.375
225,11.410714
226,11.446428
227,11.482142
228,11.517858
229,11.553572
230,11.589286
231,11.625
232,11.678572
233,11.714286
234,11.75
235,11.785714
236,11.821428
237,11.857142
238,11.892858
239,11.928572
240,11.964286
241,12.0
242,12.035714
243,12.089286
244,12.125
245,12.160714
246,12.196428
247,12.25
248,12.285714
249,12.321428
250,12.357142
251,12.392858
252,12.446428
253,12.482142
254,12.517858
255,12.553572
256,12.607142
257,12.642858
258,12.678572
259,12.714286
260,12.75
261,12.785714
262,12.821428
263,12.857142
264,12.892858
265,12.928572
266,12.964286
267,13.017858
268,13.053572
269,13.089286
270,13.125
271,13.160714
272,13.214286
273,13.25
274,13.285714
275,13.321428
276,13.375
277,13.410714
278,13.446428
279,13.482142
280,13.517858
281,13.553572
282,13.589286
283,13.625
284,13.660714
285,13.696428
286,13.732142
287,13.785714
288,13.821428
289,13.857142
290,13.892858
291,13.928572
292,13.964286
293,14.0
294,14.035714
295,14.071428
296,14.107142
297,14.142858
298,14.196428
299,14.232142
300,14.267858
301,14.303572
302,14.357142
303,14.392858
304,14.428572
305,14.464286
306,14.5
307,14.553572
308,14.589286
309,14.625
310,14.660714
311,14.714286
312,14.75
313,14.785714
314,14.821428
315,14.857142
316,14.892858
317,14.928572
318,14.964286
319,15.0
320,15.035714
321,15.071428
322,15.125
323,15.160714
324,15.196428
325,15.232142
326,15.267858
327,15.303572
328,15.339286
329,15.375
330,15.410714
331,15.446428
332,15.482142
333,15.535714
334,15.571428
335,15.607142
336,15.642858
337,15.678572
338,15.732142
339,15.767858
340,15.803572
341,15.839286
342,15.892858
343,15.928572
344,15.964286
345,16.0
346,16.035715
347,16.071428
348,16.107143
349,16.142857
350,16.178572
351,16.214285
352,16.25
353,16.303572
354,16.339285
355,16.375
356,16.410715
357,16.446428
358,16.482143
359,16.517857
360,16.553572
361,16.589285
362,16.625
363,16.678572
364,16.714285
365,16.75
366,16.785715
367,16.821428
368,16.857143
369,16.892857
370,16.928572
371,16.964285
372,17.017857
373,17.053572
374,17.089285
375,17.125
376,17.160715
377,17.196428
378,17.232143
379,17.267857
380,17.303572
381,17.339285
382,17.392857
383,17.428572
384,17.464285
385,17.5
386,17.535715
387,17.571428
388,17.607143
389,17.642857
390,17.678572
391,17.714285
392,17.767857
393,17.803572
394,17.839285
395,17.875
396,17.910715
397,17.946428
398,17.982143
399,18.017857
400,18.053572
401,18.107143
402,18.142857
403,18.178572
404,18.214285
405,18.267857
406,18.303572
407,18.339285
408,18.375
409,18.410715
410,18.446428
411,18.482143
412,18.517857
413,18.553572
414,18.607143
415,18.642857
416,18.678572
417,18.714285
418,18.767857
419,18.803572
420,18.839285
421,18.875
422,18.910715
423,18.946428
424,18.982143
425,19.017857
426,19.053572
427,19.107143
428,19.142857
429,19.178572
430,19.214285
431,19.25
432,19.285715
433,19.321428
434,19.357143
435,19.392857
436,19.428572
437,19.482143
438,19.517857
439,19.553572
440,19.589285
441,19.625
442,19.660715
443,19.696428
444,19.732143
445,19.767857
446,19.821428
447,19.857143
448,19.892857
449,19.928572
450,19.982143
451,20.017857
452,20.053572
453,20.089285
454,20.125
455,20.160715
456,20.196428
457,20.232143
458,20.267857
459,20.321428
460,20.357143
461,20.392857
462,20.428572
463,20.464285
464,20.5
465,20.535715
466,20.571428
467,20.607143
468,20.642857
469,20.696428
470,20.732143
471,20.767857
472,20.803572
473,20.839285
474,20.875
475,20.910715
476,20.946428
477,20.982143
478,21.017857
479,21.071428
480,21.107143
481,21.142857
482,21.178572
483,21.214285
484,21.25
485,21.285715
486,21.321428
487,21.357143
488,21.410715
489,21.446428
490,21.482143
491,21.517857
492,21.571428
493,21.607143
494,21.642857
495,21.678572
496,21.714285
497,21.75
498,21.785715
499,21.821428
0,0.14285715
1,0.17857143
2,0.25
3,0.30357143
4,0.3392857
5,0.4107143
6,0.4642857
7,0.5
8,0.5714286
9,0.625
10,0.66071427
11,0.73214287
12,0.78571427
13,0.8214286
14,0.89285713
15,0.9464286
16,0.98214287
17,1.0535715
18,1.1071428
19,1.1428572
20,1.2142857
21,1.3035715
22,1.3392857
23,1.4107143
24,1.4642857
25,1.5
26,1.5714285
27,1.625
28,1.6607143
29,1.7321428
30,1.7857143
31,1.8214285
32,1.8928572
33,1.9464285
34,1.9821428
35,2.017857
36,2.0892856
37,2.142857
38,2.1785715
39,2.2142856
40,2.2857144
41,2.3392856
42,2.375
43,2.4464285
44,2.5
45,2.5357144
46,2.607143
47,2.6607144
48,2.6964285
49,2.767857
50,2.8214285
51,2.857143
52,2.9285715
53,2.982143
54,3.017857
55,3.0892856
56,3.142857
57,3.1785715
58,3.25
59,3.3035715
60,3.3392856
61,3.4107144
62,3.4642856
63,3.5
64,3.5714285
65,3.625
66,3.6607144
67,3.732143
68,3.8214285
69,3.857143
70,3.9285715
71,3.982143
72,4.017857
73,4.089286
74,4.142857
75,4.178571
76,4.25
77,4.303571
78,4.339286
79,4.410714
80,4.5
81,4.535714
82,4.571429
83,4.660714
84,4.696429
85,4.732143
86,4.821429
87,4.857143
88,4.892857
89,4.982143
90,5.017857
91,5.053571
92,5.142857
93,5.178571
94,5.214286
95,5.303571
96,5.339286
97,5.375
98,5.446429
99,5.5
100,5.535714
101,5.571429
102,5.660714
103,5.696429
104,5.732143
105,5.767857
106,5.857143
107,5.892857
108,5.928571
109,5.964286
110,6.053571
111,6.089286
112,6.125
113,6.160714
114,6.25
115,6.285714
116,6.321429
117,6.357143
118,6.446429
119,6.482143
120,6.517857
121,6.553571
122,6.642857
123,6.678571
124,6.714286
125,6.75
126,6.839286
127,6.875
128,6.910714
129,6.946429
130,7.035714
131,7.071429
132,7.107143
133,7.142857
134,7.232143
135,7.267857
136,7.303571
137,7.339286
138,7.428571
139,7.464286
140,7.5
141,7.535714
142,7.625
143,7.660714
144,7.696429
145,7.732143
146,7.821429
147,7.857143
148,7.892857
149,7.928571
150,7.964286
151,8.017858
152,8.053572
153,8.089286
154,8.178572
155,8.214286
156,8.25
157,8.285714
158,8.375
159,8.410714
160,8.446428
161,8.482142
162,8.517858
163,8.571428
164,8.607142
165,8.642858
166,8.732142
167,8.767858
168,8.803572
169,8.839286
170,8.875
171,8.928572
172,8.964286
173,9.0
174,9.089286
175,9.125
176,9.160714
177,9.196428
178,9.285714
179,9.321428
180,9.357142
181,9.392858
182,9.428572
183,9.482142
184,9.517858
185,9.553572
186,9.642858
187,9.678572
188,9.714286
189,9.75
190,9.785714
191,9.839286
192,9.875
193,9.910714
194,9.964286
195,10.0
196,10.035714
197,10.071428
198,10.125
199,10.160714
200,10.196428
201,10.232142
202,10.285714
203,10.321428
204,10.357142
205,10.392858
206,10.446428
207,10.482142
208,10.517858
209,10.553572
210,10.607142
211,10.642858
212,10.678572
213,10.714286
214,10.767858
215,10.803572
216,10.839286
217,10.875
218,10.928572
219,10.964286
220,11.0
221,11.035714
222,11.089286
223,11.125
224,11.160714
225,11.196428
226,11.25
227,11.285714
228,11.321428
229,11.357142
230,11.410714
231,11.446428
232,11.482142
233,11.517858
234,11.571428
235,11.607142
236,11.642858
237,11.678572
238,11.732142
239,11.767858
240,11.803572
241,11.839286
242,11.892858
243,11.928572
244,11.964286
245,12.0
246,12.035714
247,12.089286
248,12.125
249,12.160714
250,12.196428
251,12.25
252,12.285714
253,12.321428
254,12.357142
255,12.392858
256,12.446428
257,12.482142
258,12.517858
259,12.553572
260,12.607142
261,12.642858
262,12.678572
263,12.714286
264,12.75
265,12.803572
266,12.839286
267,12.875
268,12.892858
269,12.946428
270,12.982142
271,13.017858
272,13.053572
273,13.089286
274,13.142858
275,13.178572
276,13.214286
277,13.25
278,13.303572
279,13.339286
280,13.375
281,13.410714
282,13.446428
283,13.5
284,13.535714
285,13.571428
286,13.589286
287,13.642858
288,13.678572
289,13.714286
290,13.75
291,13.785714
292,13.839286
293,13.875
294,13.910714
295,13.928572
296,13.982142
297,14.017858
298,14.053572
299,14.089286
300,14.125
301,14.178572
302,14.214286
303,14.25
304,14.267858
305,14.321428
306,14.357142
307,14.392858
308,14.428572
309,14.464286
310,14.517858
311,14.553572
312,14.589286
313,14.607142
314,14.660714
315,14.696428
316,14.732142
317,14.767858
318,14.821428
319,14.857142
320,14.875
321,14.910714
322,14.964286
323,15.0
324,15.035714
325,15.071428
326,15.125
327,15.160714
328,15.196428
329,15.214286
330,15.267858
331,15.303572
332,15.339286
333,15.375
334,15.428572
335,15.464286
336,15.482142
337,15.517858
338,15.571428
339,15.607142
340,15.642858
341,15.678572
342,15.732142
343,15.767858
344,15.803572
345,15.821428
346,15.875
347,15.910714
348,15.946428
349,15.982142
350,16.035715
351,16.071428
352,16.089285
353,16.125
354,16.178572
355,16.214285
356,16.25
357,16.285715
358,16.339285
359,16.375
360,16.410715
361,16.428572
362,16.482143
363,16.517857
364,16.553572
365,16.589285
366,16.642857
367,16.678572
368,16.714285
369,16.732143
370,16.785715
371,16.821428
372,16.857143
373,16.892857
374,16.946428
375,16.982143
376,17.0
377,17.035715
378,17.089285
379,17.125
380,17.160715
381,17.196428
382,17.25
383,17.285715
384,17.321428
385,17.339285
386,17.392857
387,17.428572
388,17.464285
389,17.5
390,17.553572
391,17.589285
392,17.607143
393,17.642857
394,17.696428
395,17.732143
396,17.767857
397,17.803572
398,17.857143
399,17.892857
400,17.928572
401,17.946428
402,18.0
403,18.035715
404,18.071428
405,18.107143
406,18.160715
407,18.196428
408,18.214285
409,18.25
410,18.303572
411,18.339285
412,18.375
413,18.410715
414,18.464285
415,18.5
416,18.535715
417,18.553572
418,18.607143
419,18.642857
420,18.678572
421,18.714285
422,18.767857
423,18.803572
424,18.821428
425,18.857143
426,18.910715
427,18.946428
428,18.982143
429,19.017857
430,19.071428
431,19.107143
432,19.142857
433,19.160715
434,19.214285
435,19.25
436,19.285715
437,19.321428
438,19.375
439,19.410715
440,19.446428
441,19.464285
442,19.517857
443,19.553572
444,19.589285
445,19.607143
446,19.660715
447,19.696428
448,19.732143
449,19.767857
450,19.821428
451,19.857143
452,19.892857
453,19.910715
454,19.964285
455,20.0
456,20.035715
457,20.071428
458,20.125
459,20.160715
460,20.178572
461,20.214285
462,20.267857
463,20.303572
464,20.339285
465,20.375
466,20.428572
467,20.464285
468,20.5
469,20.517857
470,20.571428
471,20.607143
472,20.642857
473,20.678572
474,20.732143
475,20.767857
476,20.785715
477,20.821428
478,20.875
479,20.910715
480,20.946428
481,20.982143
482,21.035715
483,21.071428
484,21.107143
485,21.125
486,21.178572
487,21.214285
488,21.25
489,21.285715
490,21.339285
491,21.375
492,21.392857
493,21.428572
494,21.482143
495,21.517857
496,21.553572
497,21.589285
498,21.607143
499,21.607143
