0,1.025
1,1.675
2,2.2
3,2.7
4,3.2
5,3.75
6,4.25
7,4.75
8,5.3
9,5.8
10,6.3
11,6.8
12,7.075
13,7.575
14,7.85
15,8.35
16,8.625
17,9.125
18,9.4
19,9.85
20,10.175
21,10.45
22,10.725
23,10.95
24,11.225
25,11.5
26,11.725
27,12.0
28,12.275
29,12.5
30,12.725
31,13.05
32,13.275
33,13.5
34,13.775
35,13.875
36,14.1
37,14.2
38,14.425
39,14.525
40,14.75
41,14.975
42,15.25
43,15.35
44,15.575
45,15.675
46,15.9
47,16.0
48,16.225
49,16.325
50,16.6
51,16.7
52,16.975
53,17.075
54,17.35
55,17.45
56,17.725
57,17.825
58,18.1
59,18.2
60,18.425
61,18.7
62,18.975
63,19.075
64,19.3
65,19.4
66,19.625
67,19.725
68,19.95
69,20.225
70,20.375
71,20.65
72,20.8
73,21.075
74,21.225
75,21.5
76,21.65
77,21.925
78,22.075
79,22.35
80,22.5
81,22.775
82,22.925
83,23.025
84,23.25
85,23.4
86,23.5
87,23.725
88,23.825
89,24.1
90,24.25
91,24.525
92,24.675
93,24.95
94,25.1
95,25.375
96,25.525
97,25.8
98,25.95
99,26.225
100,26.375
101,26.65
102,26.8
103,26.9
104,27.125
105,27.275
106,27.55
107,27.7
108,27.975
109,28.125
110,28.4
111,28.55
112,28.825
113,28.975
114,29.25
115,29.4
116,29.675
117,29.825
118,30.1
119,30.25
120,30.525
121,30.675
122,30.95
123,31.1
124,31.2
125,31.425
126,31.575
127,31.85
128,32.0
129,32.275
130,32.425
131,32.7
132,32.85
133,33.125
134,33.275
135,33.55
136,33.7
137,33.975
138,34.125
139,34.4
140,34.55
141,34.825
142,34.975
143,35.25
144,35.4
145,35.5
146,35.675
147,35.825
148,35.925
149,36.025
150,36.2
151,36.35
152,36.45
153,36.625
154,36.775
155,36.925
156,37.15
157,37.3
158,37.4
159,37.575
160,37.725
161,37.875
162,38.1
163,38.25
164,38.35
165,38.525
166,38.675
167,38.825
168,39.05
169,39.2
170,39.3
171,39.475
172,39.625
173,39.775
174,39.95
175,40.1
176,40.2
177,40.375
178,40.525
179,40.625
180,40.8
181,40.95
182,41.05
183,41.225
184,41.375
185,41.475
186,41.65
187,41.8
188,41.95
189,42.05
190,42.175
191,42.325
192,42.425
193,42.6
194,42.7
195,42.85
196,42.95
197,43.075
198,43.225
199,43.325
200,43.5
201,43.65
202,43.8
203,43.9
204,44.025
205,44.175
206,44.45
207,44.6
208,44.75
209,44.85
210,44.975
211,45.125
212,45.4
213,45.55
214,45.7
215,45.875
216,45.975
217,46.075
218,46.225
219,46.325
220,46.475
221,46.625
222,46.725
223,46.875
224,46.975
225,47.125
226,47.3
227,47.4
228,47.5
229,47.65
230,47.75
231,47.9
232,48.0
233,48.15
234,48.3
235,48.4
236,48.55
237,48.7
238,48.8
239,48.95
240,49.1
241,49.2
242,49.35
243,49.45
244,49.6
245,49.775
246,49.875
247,49.975
248,50.125
249,50.225
250,50.375
251,50.475
252,50.625
253,50.775
254,50.875
255,51.025
256,51.175
257,51.275
258,51.425
259,51.575
260,51.675
261,51.825
262,51.925
263,52.075
264,52.25
265,52.35
266,52.45
267,52.55
268,52.7
269,52.85
270,52.95
271,53.1
272,53.25
273,53.35
274,53.5
275,53.65
276,53.75
277,53.9
278,54.0
279,54.15
280,54.325
281,54.425
282,54.525
283,54.675
284,54.775
285,54.925
286,55.025
287,55.175
288,55.325
289,55.425
290,55.575
291,55.725
292,55.825
293,55.975
294,56.15
295,56.25
296,56.35
297,56.45
298,56.6
299,56.75
300,56.85
301,57.0
302,57.15
303,57.25
304,57.4
305,57.5
306,57.65
307,57.8
308,57.9
309,58.05
310,58.225
311,58.325
312,58.425
313,58.525
314,58.675
315,58.825
316,58.925
317,59.075
318,59.225
319,59.325
320,59.475
321,59.575
322,59.725
323,59.9
324,60.0
325,60.1
326,60.25
327,60.35
328,60.5
329,60.6
330,60.75
331,60.9
332,61.0
333,61.15
334,61.3
335,61.4
336,61.55
337,61.7
338,61.8
339,61.95
340,62.05
341,62.2
342,62.375
343,62.475
344,62.575
345,62.725
346,62.825
347,62.975
348,63.075
349,63.225
350,63.375
351,63.475
352,63.625
353,63.775
354,63.875
355,64.025
356,64.125
357,64.275
358,64.45
359,64.55
360,64.65
361,64.8
362,64.9
363,65.05
364,65.15
365,65.3
366,65.45
367,65.55
368,65.7
369,65.85
370,65.95
371,66.1
372,66.25
373,66.35
374,66.5
375,66.6
376,66.75
377,66.925
378,67.025
379,67.125
380,67.275
381,67.375
382,67.525
383,67.625
384,67.775
385,67.925
386,68.025
387,68.175
388,68.325
389,68.425
390,68.575
391,68.75
392,68.85
393,68.95
394,69.05
395,69.2
396,69.35
397,69.45
398,69.6
399,69.7
400,69.85
401,70.0
402,70.1
403,70.25
404,70.4
405,70.5
406,70.65
407,70.825
408,70.925
409,71.025
410,71.125
411,71.275
412,71.425
413,71.525
414,71.675
415,71.825
416,71.925
417,72.075
418,72.175
419,72.375
420,72.5
421,72.6
422,72.7
423,72.8
424,72.9
425,73.0
426,73.15
427,73.3
428,73.4
429,73.55
430,73.65
431,73.8
432,73.95
433,74.05
434,74.2
435,74.35
436,74.45
437,74.6
438,74.75
439,74.85
440,75.0
441,75.1
442,75.3
443,75.425
444,75.525
445,75.625
446,75.725
447,75.825
448,75.925
449,76.075
450,76.175
451,76.325
452,76.475
453,76.575
454,76.725
455,76.875
456,76.975
457,77.125
458,77.275
459,77.375
460,77.525
461,77.625
462,77.825
463,77.95
464,78.05
465,78.15
466,78.25
467,78.35
468,78.45
469,78.6
470,78.75
471,78.85
472,79.0
473,79.1
474,79.25
475,79.4
476,79.5
477,79.65
478,79.8
479,79.9
480,80.05
481,80.2
482,80.3
483,80.45
484,80.55
485,80.75
486,80.875
487,80.975
488,81.075
489,81.175
490,81.275
491,81.375
492,81.525
493,81.675
494,81.775
495,81.925
496,82.025
497,82.175
498,82.325
499,82.425
0,0.725
1,1.225
2,1.75
3,2.25
4,2.75
5,3.2
6,3.7
7,4.15
8,4.6
9,5.1
10,5.5
11,5.95
12,6.45
13,6.85
14,7.35
15,7.75
16,8.25
17,8.65
18,8.975
19,9.2
20,9.6
21,10.05
22,10.375
23,10.6
24,10.925
25,11.15
26,11.375
27,11.525
28,11.75
29,12.025
30,12.175
31,12.4
32,12.625
33,12.775
34,13.0
35,13.275
36,13.425
37,13.65
38,13.875
39,14.025
40,14.25
41,14.575
42,14.9
43,15.0
44,15.225
45,15.375
46,15.6
47,15.7
48,15.875
49,16.025
50,16.2
51,16.35
52,16.525
53,16.675
54,16.85
55,17.0
56,17.175
57,17.325
58,17.5
59,17.65
60,17.825
61,17.975
62,18.15
63,18.3
64,18.475
65,18.625
66,18.8
67,18.95
68,19.125
69,19.275
70,19.45
71,19.55
72,19.825
73,19.925
74,20.15
75,20.3
76,20.475
77,20.625
78,20.8
79,20.9
80,21.175
81,21.275
82,21.5
83,21.65
84,21.825
85,21.975
86,22.15
87,22.3
88,22.475
89,22.625
90,22.8
91,22.95
92,23.125
93,23.225
94,23.5
95,23.6
96,23.825
97,23.975
98,24.15
99,24.3
100,24.35
101,24.525
102,24.625
103,24.675
104,24.85
105,24.95
106,25.05
107,25.225
108,25.325
109,25.375
110,25.55
111,25.65
112,25.925
113,26.025
114,26.075
115,26.25
116,26.35
117,26.625
118,26.725
119,26.775
120,26.95
121,27.05
122,27.325
123,27.425
124,27.475
125,27.65
126,27.75
127,28.025
128,28.125
129,28.175
130,28.35
131,28.45
132,28.5
133,28.725
134,28.825
135,28.875
136,29.05
137,29.15
138,29.2
139,29.425
140,29.525
141,29.575
142,29.75
143,29.85
144,29.9
145,30.125
146,30.225
147,30.275
148,30.45
149,30.55
150,30.6
151,30.825
152,30.925
153,30.975
154,31.025
155,31.15
156,31.25
157,31.3
158,31.525
159,31.625
160,31.675
161,31.725
162,31.85
163,31.95
164,32.0
165,32.05
166,32.225
167,32.325
168,32.375
169,32.425
170,32.55
171,32.65
172,32.7
173,32.75
174,32.925
175,33.025
176,33.075
177,33.25
178,33.4
179,33.625
180,33.725
181,33.775
182,33.825
183,33.95
184,34.05
185,34.1
186,34.15
187,34.325
188,34.425
189,34.475
190,34.525
191,34.65
192,34.75
193,34.8
194,34.85
195,34.9
196,35.025
197,35.125
198,35.175
199,35.35
200,35.5
201,35.675
202,35.825
203,35.875
204,36.05
205,36.15
206,36.2
207,36.25
208,36.375
209,36.475
210,36.525
211,36.575
212,36.625
213,36.75
214,36.85
215,36.9
216,37.075
217,37.225
218,37.275
219,37.45
220,37.55
221,37.6
222,37.65
223,37.775
224,37.875
225,37.925
226,37.975
227,38.025
228,38.15
229,38.25
230,38.3
231,38.475
232,38.575
233,38.625
234,38.8
235,38.9
236,38.95
237,39.0
238,39.175
239,39.275
240,39.325
241,39.375
242,39.5
243,39.6
244,39.65
245,39.7
246,39.75
247,39.875
248,39.975
249,40.025
250,40.075
251,40.125
252,40.25
253,40.35
254,40.4
255,40.45
256,40.5
257,40.625
258,40.725
259,40.775
260,40.825
261,40.875
262,41.0
263,41.1
264,41.15
265,41.2
266,41.25
267,41.375
268,41.475
269,41.525
270,41.575
271,41.625
272,41.675
273,41.8
274,41.9
275,41.95
276,42.0
277,42.05
278,42.175
279,42.275
280,42.325
281,42.375
282,42.425
283,42.475
284,42.525
285,42.65
286,42.75
287,42.8
288,42.85
289,42.9
290,42.95
291,43.075
292,43.175
293,43.225
294,43.275
295,43.325
296,43.375
297,43.425
298,43.55
299,43.65
300,43.7
301,43.75
302,43.8
303,43.85
304,43.9
305,44.025
306,44.125
307,44.175
308,44.225
309,44.275
310,44.325
311,44.375
312,44.5
313,44.6
314,44.65
315,44.7
316,44.75
317,44.8
318,44.85
319,44.9
320,45.025
321,45.125
322,45.175
323,45.225
324,45.275
325,45.325
326,45.375
327,45.5
328,45.6
329,45.65
330,45.7
331,45.75
332,45.8
333,45.85
334,45.9
335,46.025
336,46.125
337,46.175
338,46.225
339,46.275
340,46.325
341,46.375
342,46.5
343,46.6
344,46.65
345,46.7
346,46.75
347,46.8
348,46.85
349,46.9
350,47.025
351,47.125
352,47.175
353,47.225
354,47.275
355,47.325
356,47.375
357,47.425
358,47.55
359,47.65
360,47.7
361,47.75
362,47.8
363,47.85
364,47.9
365,48.025
366,48.125
367,48.175
368,48.225
369,48.275
370,48.325
371,48.375
372,48.425
373,48.55
374,48.65
375,48.7
376,48.75
377,48.8
378,48.85
379,48.9
380,48.95
381,49.075
382,49.175
383,49.225
384,49.275
385,49.325
386,49.375
387,49.425
388,49.475
389,49.525
390,49.65
391,49.75
392,49.8
393,49.85
394,49.9
395,49.95
396,50.0
397,50.05
398,50.1
399,50.15
400,50.2
401,50.25
402,50.375
403,50.475
404,50.525
405,50.575
406,50.625
407,50.675
408,50.725
409,50.775
410,50.825
411,50.95
412,51.05
413,51.1
414,51.15
415,51.2
416,51.25
417,51.3
418,51.35
419,51.4
420,51.45
421,51.5
422,51.55
423,51.675
424,51.725
425,51.775
426,51.825
427,51.875
428,51.925
429,51.975
430,52.025
431,52.075
432,52.125
433,52.175
434,52.225
435,52.275
436,52.4
437,52.45
438,52.5
439,52.55
440,52.6
441,52.65
442,52.7
443,52.75
444,52.8
445,52.85
446,52.9
447,52.95
448,53.0
449,53.125
450,53.175
451,53.225
452,53.275
453,53.325
454,53.375
455,53.425
456,53.475
457,53.525
458,53.575
459,53.625
460,53.675
461,53.725
462,53.85
463,53.9
464,53.95
465,54.0
466,54.05
467,54.1
468,54.15
469,54.2
470,54.25
471,54.3
472,54.35
473,54.4
474,54.45
475,54.575
476,54.625
477,54.675
478,54.725
479,54.775
480,54.825
481,54.875
482,54.925
483,54.975
484,55.025
485,55.075
486,55.125
487,55.25
488,55.35
489,55.4
490,55.45
491,55.5
492,55.55
493,55.6
494,55.65
495,55.7
496,55.75
497,55.8
498,55.85
499,55.9
0,0.95
1,1.675
2,2.275
3,2.775
4,3.3
5,3.6
6,3.95
7,4.3
8,4.65
9,4.775
10,4.9
11,5.025
12,5.15
13,5.275
14,5.4
15,5.525
16,5.65
17,5.775
18,5.95
19,6.225
20,6.45
21,6.625
22,6.9
23,7.125
24,7.35
25,7.575
26,7.85
27,8.075
28,8.3
29,8.525
30,8.75
31,8.975
32,9.2
33,9.475
34,9.7
35,9.925
36,10.15
37,10.375
38,10.6
39,10.825
40,11.05
41,11.275
42,11.5
43,11.725
44,11.95
45,12.175
46,12.4
47,12.625
48,12.85
49,13.075
50,13.3
51,13.525
52,13.75
53,13.975
54,14.2
55,14.425
56,14.65
57,14.875
58,14.925
59,14.925
60,14.925
61,14.925
62,14.925
63,14.925
64,14.925
65,14.925
66,14.925
67,14.925
68,14.925
69,14.925
70,14.925
71,14.925
72,14.925
73,14.925
74,14.925
75,14.925
76,14.925
77,14.925
78,14.925
79,14.925
80,14.925
81,14.925
82,14.925
83,14.925
84,14.925
85,14.925
86,14.925
87,14.925
88,14.925
89,14.925
90,14.925
91,14.925
92,14.925
93,14.925
94,14.925
95,14.925
96,14.925
97,14.925
98,14.925
99,14.925
100,14.925
101,14.925
102,14.925
103,14.925
104,14.925
105,14.925
106,14.925
107,14.925
108,14.925
109,14.925
110,14.925
111,14.925
112,14.925
113,14.925
114,14.925
115,14.925
116,14.925
117,14.925
118,14.925
119,14.925
120,14.925
121,14.925
122,14.925
123,14.925
124,14.925
125,14.925
126,14.925
127,14.925
128,14.925
129,14.925
130,14.925
131,14.925
132,14.925
133,14.925
134,14.925
135,14.925
136,14.925
137,14.925
138,14.925
139,14.925
140,14.925
141,14.925
142,14.925
143,14.925
144,14.925
145,14.925
146,14.925
147,14.925
148,14.925
149,14.925
150,14.925
151,14.925
152,14.925
153,14.925
154,14.925
155,14.925
156,14.925
157,14.925
158,14.925
159,14.925
160,14.925
161,14.925
162,14.925
163,14.925
164,14.925
165,14.925
166,14.925
167,14.925
168,14.925
169,14.925
170,14.925
171,14.925
172,14.925
173,14.925
174,14.925
175,14.925
176,14.925
177,14.925
178,14.925
179,14.925
180,14.925
181,14.925
182,14.925
183,14.925
184,14.925
185,14.925
186,14.925
187,14.925
188,14.925
189,14.925
190,14.925
191,14.925
192,14.925
193,14.925
194,14.925
195,14.925
196,14.925
197,14.925
198,14.925
199,14.925
200,14.925
201,14.925
202,14.925
203,14.925
204,14.925
205,14.925
206,14.925
207,14.925
208,14.925
209,14.925
210,14.925
211,14.925
212,14.925
213,14.925
214,14.925
215,14.925
216,14.925
217,14.925
218,14.925
219,14.925
220,14.925
221,14.925
222,14.925
223,14.925
224,14.925
225,14.925
226,14.925
227,14.925
228,14.925
229,14.925
230,14.925
231,14.925
232,14.925
233,14.925
234,14.925
235,14.925
236,14.925
237,14.925
238,14.925
239,14.925
240,14.925
241,14.925
242,14.925
243,14.925
244,14.925
245,14.925
246,14.925
247,14.925
248,14.925
249,14.925
250,14.925
251,14.925
252,14.925
253,14.925
254,14.925
255,14.925
256,14.925
257,14.925
258,14.925
259,14.925
260,14.925
261,14.925
262,14.925
263,14.925
264,14.925
265,14.925
266,14.925
267,14.925
268,14.925
269,14.925
270,14.925
271,14.925
272,14.925
273,14.925
274,14.925
275,14.925
276,14.925
277,14.925
278,14.925
279,14.925
280,14.925
281,14.925
282,14.925
283,14.925
284,14.925
285,14.925
286,14.925
287,14.925
288,14.925
289,14.925
290,14.925
291,14.925
292,14.925
293,14.925
294,14.925
295,14.925
296,14.925
297,14.925
298,14.925
299,14.925
300,14.925
301,14.925
302,14.925
303,14.925
304,14.925
305,14.925
306,14.925
307,14.925
308,14.925
309,14.925
310,14.925
311,14.925
312,14.925
313,14.925
314,14.925
315,14.925
316,14.925
317,14.925
318,14.925
319,14.925
320,14.925
321,14.925
322,14.925
323,14.925
324,14.925
325,14.925
326,14.925
327,14.925
328,14.925
329,14.925
330,14.925
331,14.925
332,14.925
333,14.925
334,14.925
335,14.925
336,14.925
337,14.925
338,14.925
339,14.925
340,14.925
341,14.925
342,14.925
343,14.925
344,14.925
345,14.925
346,14.925
347,14.925
348,14.925
349,14.925
350,14.925
351,14.925
352,14.925
353,14.925
354,14.925
355,14.925
356,14.925
357,14.925
358,14.925
359,14.925
360,14.925
361,14.925
362,14.925
363,14.925
364,14.925
365,14.925
366,14.925
367,14.925
368,14.925
369,14.925
370,14.925
371,14.925
372,14.925
373,14.925
374,14.925
375,14.925
376,14.925
377,14.925
378,14.925
379,14.925
380,14.925
381,14.925
382,14.925
383,14.925
384,14.925
385,14.925
386,14.925
387,14.925
388,14.925
389,14.925
390,14.925
391,14.925
392,14.925
393,14.925
394,14.925
395,14.925
396,14.925
397,14.925
398,14.925
399,14.925
400,14.925
401,14.925
402,14.925
403,14.925
404,14.925
405,14.925
406,14.925
407,14.925
408,14.925
409,14.925
410,14.925
411,14.925
412,14.925
413,14.925
414,14.925
415,14.925
416,14.925
417,14.925
418,14.925
419,14.925
420,14.925
421,14.925
422,14.925
423,14.925
424,14.925
425,14.925
426,14.925
427,14.925
428,14.925
429,14.925
430,14.925
431,14.925
432,14.925
433,14.925
434,14.925
435,14.925
436,14.925
437,14.925
438,14.925
439,14.925
440,14.925
441,14.925
442,14.925
443,14.925
444,14.925
445,14.925
446,14.925
447,14.925
448,14.925
449,14.925
450,14.925
451,14.925
452,14.925
453,14.925
454,14.925
455,14.925
456,14.925
457,14.925
458,14.925
459,14.925
460,14.925
461,14.925
462,14.925
463,14.925
464,14.925
465,14.925
466,14.925
467,14.925
468,14.925
469,14.925
470,14.925
471,14.925
472,14.925
473,14.925
474,14.925
475,14.925
476,14.925
477,14.925
478,14.925
479,14.925
480,14.925
481,14.925
482,14.925
483,14.925
484,14.925
485,14.925
486,14.925
487,14.925
488,14.925
489,14.925
490,14.925
491,14.925
492,14.925
493,14.925
494,14.925
495,14.925
496,14.925
497,14.925
498,14.925
499,14.925
0,0.95
1,1.65
2,2.3
3,2.85
4,3.375
5,3.9
6,4.425
7,4.85
8,5.2
9,5.65
10,6.025
11,6.475
12,6.925
13,7.375
14,7.825
15,8.275
16,8.725
17,9.175
18,9.45
19,9.675
20,9.9
21,10.175
22,10.45
23,10.725
24,11.0
25,11.275
26,11.55
27,11.825
28,12.1
29,12.325
30,12.6
31,12.875
32,13.1
33,13.375
34,13.6
35,13.875
36,14.1
37,14.375
38,14.6
39,14.875
40,15.1
41,15.375
42,15.6
43,15.875
44,16.1
45,16.2
46,16.475
47,16.75
48,16.925
49,17.25
50,17.525
51,17.8
52,18.075
53,18.35
54,18.625
55,18.9
56,19.175
57,19.45
58,19.6
59,19.775
60,19.975
61,20.15
62,20.35
63,20.525
64,20.725
65,20.9
66,21.1
67,21.275
68,21.475
69,21.65
70,21.85
71,22.025
72,22.225
73,22.4
74,22.6
75,22.75
76,22.925
77,23.075
78,23.2
79,23.4
80,23.575
81,23.775
82,23.95
83,24.15
84,24.325
85,24.525
86,24.7
87,24.9
88,25.025
89,25.225
90,25.375
91,25.55
92,25.75
93,25.925
94,26.125
95,26.3
96,26.5
97,26.675
98,26.875
99,27.05
100,27.25
101,27.375
102,27.575
103,27.725
104,27.9
105,28.1
106,28.275
107,28.55
108,28.75
109,28.9
110,29.075
111,29.275
112,29.45
113,29.65
114,29.825
115,30.025
116,30.2
117,30.4
118,30.525
119,30.725
120,30.875
121,31.05
122,31.2
123,31.35
124,31.5
125,31.625
126,31.9
127,32.1
128,32.25
129,32.4
130,32.525
131,32.725
132,32.9
133,33.1
134,33.225
135,33.425
136,33.575
137,33.75
138,33.95
139,34.075
140,34.225
141,34.375
142,34.525
143,34.65
144,34.85
145,35.025
146,35.3
147,35.45
148,35.6
149,35.775
150,35.925
151,36.075
152,36.225
153,36.35
154,36.55
155,36.7
156,36.825
157,37.1
158,37.25
159,37.4
160,37.575
161,37.725
162,37.875
163,38.025
164,38.15
165,38.3
166,38.45
167,38.575
168,38.775
169,38.925
170,39.05
171,39.25
172,39.4
173,39.575
174,39.725
175,39.875
176,40.0
177,40.1
178,40.3
179,40.475
180,40.625
181,40.775
182,40.95
183,41.1
184,41.25
185,41.425
186,41.575
187,41.725
188,41.875
189,42.0
190,42.15
191,42.3
192,42.425
193,42.525
194,42.675
195,42.825
196,42.975
197,43.1
198,43.2
199,43.35
200,43.5
201,43.65
202,43.8
203,43.975
204,44.125
205,44.275
206,44.45
207,44.6
208,44.75
209,44.9
210,44.975
211,45.075
212,45.225
213,45.375
214,45.525
215,45.675
216,45.8
217,45.9
218,46.05
219,46.2
220,46.35
221,46.475
222,46.575
223,46.725
224,46.875
225,47.025
226,47.175
227,47.25
228,47.35
229,47.5
230,47.65
231,47.8
232,47.95
233,48.125
234,48.275
235,48.425
236,48.575
237,48.65
238,48.75
239,48.9
240,49.05
241,49.2
242,49.35
243,49.5
244,49.575
245,49.675
246,49.825
247,49.975
248,50.125
249,50.275
250,50.4
251,50.6
252,50.75
253,50.825
254,50.925
255,51.075
256,51.225
257,51.375
258,51.525
259,51.65
260,51.85
261,52.0
262,52.075
263,52.175
264,52.325
265,52.475
266,52.625
267,52.775
268,52.85
269,52.95
270,53.1
271,53.25
272,53.4
273,53.55
274,53.7
275,53.775
276,53.875
277,54.025
278,54.175
279,54.325
280,54.475
281,54.625
282,54.7
283,54.8
284,54.95
285,55.1
286,55.25
287,55.4
288,55.525
289,55.675
290,55.825
291,55.975
292,56.05
293,56.15
294,56.3
295,56.45
296,56.6
297,56.75
298,56.9
299,56.975
300,57.075
301,57.225
302,57.375
303,57.525
304,57.675
305,57.75
306,57.85
307,58.0
308,58.15
309,58.3
310,58.45
311,58.6
312,58.675
313,58.775
314,58.925
315,59.075
316,59.225
317,59.375
318,59.525
319,59.6
320,59.7
321,59.85
322,60.0
323,60.15
324,60.3
325,60.45
326,60.525
327,60.625
328,60.775
329,60.925
330,61.075
331,61.225
332,61.35
333,61.45
334,61.6
335,61.75
336,61.9
337,62.05
338,62.2
339,62.35
340,62.425
341,62.525
342,62.675
343,62.825
344,62.975
345,63.05
346,63.15
347,63.3
348,63.45
349,63.6
350,63.75
351,63.825
352,63.925
353,64.075
354,64.225
355,64.375
356,64.525
357,64.6
358,64.7
359,64.85
360,65.0
361,65.15
362,65.225
363,65.325
364,65.475
365,65.625
366,65.775
367,65.925
368,66.0
369,66.1
370,66.25
371,66.4
372,66.55
373,66.65
374,66.75
375,66.825
376,66.925
377,67.075
378,67.225
379,67.375
380,67.475
381,67.575
382,67.625
383,67.7
384,67.8
385,67.9
386,68.05
387,68.2
388,68.35
389,68.5
390,68.65
391,68.8
392,68.9
393,69.0
394,69.05
395,69.1
396,69.175
397,69.275
398,69.425
399,69.575
400,69.725
401,69.825
402,69.925
403,69.975
404,70.025
405,70.1
406,70.2
407,70.35
408,70.5
409,70.65
410,70.8
411,70.85
412,70.9
413,70.95
414,71.0
415,71.075
416,71.175
417,71.325
418,71.475
419,71.625
420,71.825
421,71.95
422,72.05
423,72.2
424,72.35
425,72.5
426,72.7
427,72.825
428,72.925
429,73.075
430,73.225
431,73.375
432,73.525
433,73.725
434,73.825
435,73.9
436,74.0
437,74.15
438,74.3
439,74.45
440,74.65
441,74.775
442,74.875
443,75.025
444,75.175
445,75.325
446,75.475
447,75.675
448,75.775
449,75.825
450,75.875
451,75.975
452,76.025
453,76.075
454,76.125
455,76.175
456,76.225
457,76.275
458,76.325
459,76.375
460,76.425
461,76.475
462,76.575
463,76.625
464,76.675
465,76.725
466,76.775
467,76.825
468,76.875
469,76.925
470,76.975
471,77.025
472,77.075
473,77.175
474,77.225
475,77.275
476,77.325
477,77.375
478,77.425
479,77.475
480,77.525
481,77.575
482,77.625
483,77.7
484,77.8
485,77.9
486,78.0
487,78.15
488,78.3
489,78.45
490,78.6
491,78.75
492,78.9
493,79.1
494,79.2
495,79.25
496,79.3
497,79.35
498,79.4
499,79.45
0,0.85
1,1.45
2,2.05
3,2.575
4,3.15
5,3.725
6,4.25
7,4.825
8,5.175
9,5.7
10,6.1
11,6.5
12,6.9
13,7.25
14,7.525
15,7.925
16,8.275
17,8.55
18,8.9
19,9.175
20,9.525
21,9.75
22,9.925
23,10.1
24,10.325
25,10.5
26,10.675
27,10.85
28,11.075
29,11.3
30,11.525
31,11.75
32,11.975
33,12.25
34,12.475
35,12.75
36,12.975
37,13.25
38,13.475
39,13.75
40,13.975
41,14.25
42,14.425
43,14.65
44,14.925
45,15.1
46,15.325
47,15.425
48,15.575
49,15.7
50,15.85
51,16.025
52,16.175
53,16.35
54,16.5
55,16.675
56,16.775
57,16.925
58,17.1
59,17.25
60,17.425
61,17.625
62,17.8
63,17.95
64,18.125
65,18.275
66,18.45
67,18.6
68,18.775
69,18.975
70,19.15
71,19.3
72,19.475
73,19.575
74,19.725
75,19.9
76,20.05
77,20.225
78,20.425
79,20.6
80,20.7
81,20.8
82,20.975
83,21.125
84,21.3
85,21.4
86,21.55
87,21.725
88,21.825
89,21.925
90,22.1
91,22.25
92,22.425
93,22.525
94,22.675
95,22.85
96,23.0
97,23.175
98,23.325
99,23.475
100,23.65
101,23.8
102,23.975
103,24.175
104,24.35
105,24.45
106,24.6
107,24.775
108,24.925
109,25.1
110,25.2
111,25.35
112,25.525
113,25.675
114,25.85
115,26.0
116,26.1
117,26.275
118,26.425
119,26.6
120,26.75
121,26.9
122,27.075
123,27.225
124,27.4
125,27.55
126,27.65
127,27.825
128,27.975
129,28.15
130,28.3
131,28.4
132,28.575
133,28.675
134,28.775
135,28.95
136,29.1
137,29.275
138,29.425
139,29.525
140,29.7
141,29.8
142,29.9
143,30.075
144,30.225
145,30.4
146,30.55
147,30.65
148,30.825
149,31.025
150,31.2
151,31.4
152,31.575
153,31.725
154,31.825
155,32.0
156,32.2
157,32.375
158,32.575
159,32.75
160,32.9
161,33.0
162,33.175
163,33.375
164,33.55
165,33.75
166,33.875
167,34.025
168,34.225
169,34.4
170,34.6
171,34.775
172,34.925
173,35.0
174,35.2
175,35.35
176,35.425
177,35.525
178,35.725
179,35.875
180,36.025
181,36.225
182,36.4
183,36.6
184,36.775
185,36.925
186,37.0
187,37.1
188,37.3
189,37.45
190,37.6
191,37.75
192,37.9
193,38.05
194,38.25
195,38.425
196,38.625
197,38.7
198,38.9
199,39.05
200,39.2
201,39.35
202,39.5
203,39.675
204,39.775
205,39.975
206,40.175
207,40.35
208,40.55
209,40.625
210,40.825
211,40.975
212,41.125
213,41.275
214,41.45
215,41.55
216,41.75
217,41.95
218,42.025
219,42.175
220,42.325
221,42.475
222,42.65
223,42.75
224,42.95
225,43.15
226,43.225
227,43.375
228,43.525
229,43.675
230,43.85
231,43.95
232,44.15
233,44.3
234,44.45
235,44.6
236,44.75
237,44.9
238,45.05
239,45.2
240,45.35
241,45.5
242,45.65
243,45.8
244,45.95
245,46.1
246,46.25
247,46.4
248,46.55
249,46.7
250,46.875
251,46.975
252,47.175
253,47.35
254,47.45
255,47.65
256,47.825
257,47.925
258,48.025
259,48.175
260,48.325
261,48.475
262,48.625
263,48.775
264,48.95
265,49.05
266,49.25
267,49.425
268,49.525
269,49.625
270,49.775
271,49.925
272,50.075
273,50.225
274,50.375
275,50.525
276,50.675
277,50.85
278,50.95
279,51.15
280,51.3
281,51.45
282,51.6
283,51.75
284,51.9
285,52.05
286,52.2
287,52.35
288,52.5
289,52.65
290,52.8
291,52.95
292,53.1
293,53.25
294,53.4
295,53.55
296,53.7
297,53.8
298,53.875
299,53.975
300,54.125
301,54.275
302,54.425
303,54.6
304,54.7
305,54.9
306,55.075
307,55.175
308,55.375
309,55.525
310,55.675
311,55.825
312,55.975
313,56.125
314,56.275
315,56.425
316,56.575
317,56.725
318,56.875
319,57.025
320,57.175
321,57.325
322,57.475
323,57.625
324,57.725
325,57.8
326,57.9
327,58.05
328,58.2
329,58.3
330,58.375
331,58.475
332,58.625
333,58.775
334,58.925
335,59.025
336,59.1
337,59.2
338,59.35
339,59.5
340,59.65
341,59.75
342,59.825
343,59.925
344,60.075
345,60.225
346,60.325
347,60.4
348,60.5
349,60.65
350,60.8
351,60.95
352,61.05
353,61.125
354,61.225
355,61.375
356,61.525
357,61.7
358,61.8
359,61.9
360,62.05
361,62.2
362,62.35
363,62.5
364,62.65
365,62.8
366,62.95
367,63.1
368,63.25
369,63.4
370,63.55
371,63.7
372,63.85
373,64.0
374,64.1
375,64.175
376,64.275
377,64.425
378,64.575
379,64.725
380,64.825
381,64.9
382,65.0
383,65.15
384,65.3
385,65.4
386,65.475
387,65.575
388,65.725
389,65.875
390,66.025
391,66.125
392,66.2
393,66.3
394,66.45
395,66.6
396,66.75
397,66.9
398,67.05
399,67.2
400,67.35
401,67.5
402,67.65
403,67.8
404,67.95
405,68.1
406,68.25
407,68.4
408,68.55
409,68.7
410,68.85
411,69.0
412,69.15
413,69.3
414,69.45
415,69.55
416,69.625
417,69.725
418,69.875
419,70.025
420,70.175
421,70.325
422,70.475
423,70.625
424,70.775
425,70.925
426,71.025
427,71.1
428,71.2
429,71.35
430,71.5
431,71.65
432,71.8
433,71.95
434,72.1
435,72.25
436,72.4
437,72.5
438,72.575
439,72.675
440,72.825
441,72.975
442,73.125
443,73.275
444,73.425
445,73.575
446,73.725
447,73.875
448,73.975
449,74.05
450,74.15
451,74.3
452,74.45
453,74.6
454,74.75
455,74.9
456,75.05
457,75.2
458,75.35
459,75.45
460,75.525
461,75.625
462,75.775
463,75.925
464,76.075
465,76.225
466,76.375
467,76.525
468,76.675
469,76.825
470,76.975
471,77.075
472,77.15
473,77.25
474,77.4
475,77.55
476,77.7
477,77.85
478,78.0
479,78.15
480,78.25
481,78.4
482,78.55
483,78.7
484,78.8
485,78.875
486,78.975
487,79.125
488,79.275
489,79.425
490,79.575
491,79.725
492,79.875
493,80.025
494,80.175
495,80.275
496,80.35
497,80.45
498,80.6
499,80.75
