0,1.03125
1,2.125
2,3.1875
3,4.25
4,5.3125
5,6.4375
6,7.4375
7,8.5625
8,9.5625
9,10.6875
10,11.6875
11,12.8125
12,13.9375
13,14.9375
14,16.0625
15,17.0625
16,17.90625
17,18.75
18,19.59375
19,20.4375
20,21.5
21,22.5
22,23.34375
23,24.1875
24,25.03125
25,25.875
26,26.71875
27,27.5625
28,28.625
29,29.46875
30,30.3125
31,31.15625
32,32.0
33,32.84375
34,33.6875
35,34.53125
36,35.375
37,36.21875
38,37.0625
39,37.90625
40,38.71875
41,39.4375
42,40.1875
43,41.0
44,41.71875
45,42.4375
46,43.15625
47,43.875
48,44.5
49,45.34375
50,46.0625
51,46.78125
52,47.40625
53,48.25
54,49.0
55,49.71875
56,50.5625
57,51.28125
58,51.90625
59,52.625
60,53.25
61,54.0
62,54.71875
63,55.40625
64,56.15625
65,56.875
66,57.5625
67,58.3125
68,59.03125
69,59.71875
70,60.28125
71,60.90625
72,61.625
73,62.25
74,62.8125
75,63.4375
76,64.15625
77,64.78125
78,65.34375
79,65.96875
80,66.6875
81,67.3125
82,67.875
83,68.5
84,69.21875
85,69.84375
86,70.5625
87,71.1875
88,71.90625
89,72.40625
90,73.09375
91,73.78125
92,74.46875
93,75.03125
94,75.65625
95,76.375
96,77.0
97,77.71875
98,78.34375
99,79.03125
100,79.71875
101,80.4375
102,81.0
103,81.625
104,82.34375
105,82.96875
106,83.6875
107,84.3125
108,85.03125
109,85.53125
110,86.09375
111,86.78125
112,87.46875
113,88.15625
114,88.90625
115,89.5
116,90.0625
117,90.625
118,91.3125
119,92.0
120,92.6875
121,93.375
122,93.9375
123,94.4375
124,95.0
125,95.5625
126,96.125
127,96.75
128,97.4375
129,98.15625
130,98.78125
131,99.5
132,100.125
133,100.84375
134,101.46875
135,102.1875
136,102.75
137,103.4375
138,104.21875
139,104.84375
140,105.53125
141,106.3125
142,106.875
143,107.4375
144,108.0
145,108.5625
146,109.125
147,109.6875
148,110.25
149,110.8125
150,111.375
151,111.9375
152,112.625
153,113.3125
154,114.0
155,114.6875
156,115.46875
157,116.09375
158,116.78125
159,117.46875
160,118.25
161,118.8125
162,119.375
163,119.9375
164,120.5
165,121.0625
166,121.625
167,122.1875
168,122.75
169,123.4375
170,124.125
171,124.8125
172,125.5
173,126.1875
174,126.96875
175,127.59375
176,128.28125
177,129.0625
178,129.6875
179,130.46875
180,130.96875
181,131.53125
182,132.09375
183,132.78125
184,133.46875
185,134.15625
186,134.875
187,135.5
188,136.28125
189,136.90625
190,137.6875
191,138.1875
192,138.75
193,139.3125
194,139.875
195,140.5625
196,141.25
197,141.96875
198,142.46875
199,143.03125
200,143.59375
201,144.15625
202,144.84375
203,145.53125
204,146.21875
205,146.9375
206,147.5625
207,148.28125
208,148.78125
209,149.34375
210,149.90625
211,150.46875
212,151.15625
213,151.84375
214,152.53125
215,153.25
216,153.75
217,154.3125
218,154.875
219,155.4375
220,156.0
221,156.6875
222,157.46875
223,158.09375
224,158.875
225,159.5
226,160.21875
227,160.71875
228,161.28125
229,161.84375
230,162.40625
231,162.96875
232,163.53125
233,164.21875
234,164.90625
235,165.625
236,166.25
237,166.96875
238,167.46875
239,168.03125
240,168.59375
241,169.15625
242,169.71875
243,170.28125
244,170.84375
245,171.40625
246,172.09375
247,172.875
248,173.375
249,173.9375
250,174.5
251,175.1875
252,175.96875
253,176.46875
254,177.15625
255,177.9375
256,178.4375
257,179.0
258,179.6875
259,180.46875
260,180.96875
261,181.53125
262,182.21875
263,183.0
264,183.5
265,184.1875
266,184.96875
267,185.46875
268,186.03125
269,186.71875
270,187.5
271,188.0
272,188.5
273,189.0625
274,189.84375
275,190.34375
276,190.90625
277,191.46875
278,192.15625
279,192.9375
280,193.375
281,193.875
282,194.375
283,194.9375
284,195.71875
285,196.15625
286,196.59375
287,197.15625
288,197.9375
289,198.375
290,198.8125
291,199.3125
292,200.03125
293,200.59375
294,201.375
295,201.875
296,202.4375
297,203.0
298,203.5625
299,204.25
300,205.03125
301,205.46875
302,206.03125
303,206.8125
304,207.3125
305,207.875
306,208.4375
307,209.125
308,209.90625
309,210.34375
310,210.84375
311,211.5625
312,212.0625
313,212.78125
314,213.28125
315,214.0625
316,214.625
317,215.1875
318,215.75
319,216.3125
320,216.875
321,217.4375
322,218.0
323,218.6875
324,219.46875
325,220.09375
326,220.65625
327,221.34375
328,222.125
329,222.75
330,223.3125
331,224.0
332,224.78125
333,225.40625
334,225.96875
335,226.53125
336,227.21875
337,228.0
338,228.625
339,229.1875
340,229.875
341,230.65625
342,231.28125
343,231.84375
344,232.53125
345,233.3125
346,233.9375
347,234.5
348,235.0625
349,235.75
350,236.53125
351,237.15625
352,237.71875
353,238.40625
354,239.1875
355,239.8125
356,240.375
357,241.0625
358,241.875
359,242.53125
360,243.09375
361,243.65625
362,244.21875
363,244.78125
364,245.34375
365,246.03125
366,246.8125
367,247.4375
368,248.1875
369,248.96875
370,249.59375
371,250.21875
372,250.90625
373,251.6875
374,252.3125
375,252.875
376,253.4375
377,254.0
378,254.5625
379,255.125
380,255.6875
381,256.25
382,256.8125
383,257.5
384,258.28125
385,258.90625
386,259.53125
387,260.21875
388,260.84375
389,261.46875
390,262.09375
391,262.71875
392,263.28125
393,263.84375
394,264.40625
395,264.96875
396,265.65625
397,266.4375
398,267.0625
399,267.6875
400,268.3125
401,268.9375
402,269.5625
403,270.1875
404,270.8125
405,271.375
406,271.9375
407,272.5
408,273.0625
409,273.625
410,274.1875
411,274.75
412,275.4375
413,276.21875
414,276.84375
415,277.46875
416,278.09375
417,278.71875
418,279.34375
419,279.96875
420,280.59375
421,281.15625
422,281.71875
423,282.28125
424,282.84375
425,283.40625
426,283.96875
427,284.65625
428,285.28125
429,286.03125
430,286.6875
431,287.3125
432,287.9375
433,288.5625
434,289.1875
435,289.8125
436,290.4375
437,291.0625
438,291.6875
439,292.3125
440,292.9375
441,293.5
442,294.0625
443,294.625
444,295.1875
445,295.75
446,296.3125
447,297.0
448,297.8125
449,298.53125
450,299.15625
451,299.78125
452,300.34375
453,300.90625
454,301.46875
455,302.03125
456,302.59375
457,303.28125
458,304.09375
459,304.8125
460,305.4375
461,306.0625
462,306.6875
463,307.3125
464,307.9375
465,308.5
466,309.0625
467,309.625
468,310.1875
469,310.875
470,311.6875
471,312.40625
472,313.03125
473,313.65625
474,314.28125
475,314.90625
476,315.53125
477,316.15625
478,316.78125
479,317.40625
480,317.96875
481,318.53125
482,319.09375
483,319.65625
484,320.34375
485,321.15625
486,321.875
487,322.5
488,323.125
489,323.75
490,324.375
491,325.0
492,325.625
493,326.25
494,326.875
495,327.5
496,328.125
497,328.75
498,329.375
499,330.0
0,1.0
1,2.0
2,3.0
3,4.0
4,4.9375
5,6.0
6,6.9375
7,7.9375
8,8.9375
9,9.9375
10,10.9375
11,11.65625
12,12.71875
13,13.71875
14,14.71875
15,15.84375
16,16.90625
17,18.03125
18,18.8125
19,19.59375
20,20.46875
21,21.21875
22,21.9375
23,22.8125
24,23.5625
25,24.4375
26,25.1875
27,26.0625
28,26.8125
29,27.6875
30,28.375
31,29.09375
32,29.875
33,30.75
34,31.4375
35,32.125
36,32.84375
37,33.53125
38,34.3125
39,35.0
40,35.71875
41,36.34375
42,37.25
43,37.875
44,38.53125
45,39.28125
46,39.84375
47,40.46875
48,41.125
49,41.875
50,42.4375
51,43.125
52,43.78125
53,44.53125
54,45.09375
55,45.65625
56,46.40625
57,47.125
58,47.6875
59,48.40625
60,49.125
61,49.84375
62,50.5625
63,51.125
64,51.6875
65,52.4375
66,53.0
67,53.5625
68,54.3125
69,55.03125
70,55.59375
71,56.3125
72,57.03125
73,57.65625
74,58.375
75,59.09375
76,59.65625
77,60.21875
78,61.0
79,61.90625
80,62.6875
81,63.40625
82,64.15625
83,65.0625
84,65.84375
85,66.5625
86,67.0
87,67.625
88,68.1875
89,68.96875
90,69.875
91,70.65625
92,71.3125
93,72.0625
94,72.65625
95,73.28125
96,73.8125
97,74.625
98,75.21875
99,75.78125
100,76.40625
101,77.0625
102,77.78125
103,78.21875
104,78.78125
105,79.375
106,80.0625
107,80.78125
108,81.21875
109,81.78125
110,82.4375
111,83.25
112,84.03125
113,84.6875
114,85.4375
115,86.03125
116,86.59375
117,87.25
118,87.9375
119,88.59375
120,89.34375
121,90.0
122,90.6875
123,91.34375
124,91.96875
125,92.625
126,93.3125
127,93.96875
128,94.59375
129,95.1875
130,95.75
131,96.375
132,96.90625
133,97.65625
134,98.3125
135,98.875
136,99.59375
137,100.34375
138,101.0
139,101.625
140,102.21875
141,102.78125
142,103.34375
143,104.0625
144,104.625
145,105.25
146,105.90625
147,106.59375
148,107.25
149,107.875
150,108.53125
151,109.21875
152,109.875
153,110.375
154,111.125
155,111.78125
156,112.40625
157,113.0625
158,113.5625
159,114.1875
160,114.84375
161,115.34375
162,116.09375
163,116.75
164,117.375
165,118.03125
166,118.53125
167,119.15625
168,119.8125
169,120.3125
170,121.0
171,121.65625
172,122.15625
173,122.90625
174,123.5
175,124.0
176,124.625
177,125.28125
178,125.78125
179,126.53125
180,127.0625
181,127.5625
182,128.3125
183,128.90625
184,129.40625
185,130.03125
186,130.6875
187,131.1875
188,131.9375
189,132.53125
190,133.28125
191,133.875
192,134.5625
193,135.09375
194,135.53125
195,136.21875
196,136.8125
197,137.3125
198,137.9375
199,138.59375
200,139.09375
201,139.71875
202,140.375
203,140.8125
204,141.5
205,142.03125
206,142.53125
207,143.28125
208,143.875
209,144.375
210,145.0625
211,145.59375
212,146.03125
213,146.46875
214,147.15625
215,147.875
216,148.5625
217,149.25
218,149.8125
219,150.4375
220,151.03125
221,151.59375
222,152.21875
223,152.75
224,153.375
225,153.96875
226,154.59375
227,155.15625
228,155.78125
229,156.375
230,157.0
231,157.5625
232,158.1875
233,158.78125
234,159.40625
235,160.03125
236,160.65625
237,161.28125
238,161.90625
239,162.53125
240,163.03125
241,163.53125
242,164.25
243,164.9375
244,165.625
245,166.25
246,166.75
247,167.25
248,167.96875
249,168.65625
250,169.34375
251,169.96875
252,170.59375
253,171.25
254,171.9375
255,172.625
256,173.3125
257,173.9375
258,174.5625
259,175.21875
260,175.90625
261,176.59375
262,177.21875
263,177.84375
264,178.46875
265,179.09375
266,179.71875
267,180.34375
268,180.96875
269,181.59375
270,182.15625
271,182.875
272,183.5625
273,184.1875
274,184.8125
275,185.375
276,185.875
277,186.59375
278,187.21875
279,187.84375
280,188.46875
281,189.09375
282,189.71875
283,190.34375
284,190.96875
285,191.53125
286,192.1875
287,192.8125
288,193.4375
289,194.0625
290,194.6875
291,195.3125
292,195.9375
293,196.5625
294,197.1875
295,197.8125
296,198.375
297,199.03125
298,199.71875
299,200.28125
300,200.90625
301,201.5625
302,202.1875
303,202.78125
304,203.34375
305,204.0625
306,204.6875
307,205.3125
308,205.9375
309,206.5625
310,207.1875
311,207.8125
312,208.4375
313,209.0
314,209.625
315,210.28125
316,210.90625
317,211.4375
318,211.9375
319,212.65625
320,213.28125
321,213.90625
322,214.53125
323,215.15625
324,215.78125
325,216.40625
326,217.03125
327,217.65625
328,218.28125
329,218.84375
330,219.28125
331,219.90625
332,220.4375
333,220.9375
334,221.59375
335,222.21875
336,222.84375
337,223.46875
338,224.09375
339,224.71875
340,225.34375
341,225.90625
342,226.5625
343,227.1875
344,227.75
345,228.3125
346,228.8125
347,229.375
348,230.03125
349,230.65625
350,231.28125
351,231.90625
352,232.40625
353,232.96875
354,233.46875
355,234.03125
356,234.6875
357,235.3125
358,235.9375
359,236.5625
360,237.1875
361,237.8125
362,238.4375
363,238.96875
364,239.46875
365,240.125
366,240.75
367,241.375
368,242.0
369,242.625
370,243.25
371,243.875
372,244.4375
373,245.0
374,245.5
375,246.125
376,246.75
377,247.375
378,247.875
379,248.5
380,249.125
381,249.75
382,250.25
383,250.75
384,251.1875
385,251.75
386,252.28125
387,252.90625
388,253.53125
389,254.15625
390,254.78125
391,255.34375
392,255.90625
393,256.40625
394,257.03125
395,257.65625
396,258.28125
397,258.78125
398,259.40625
399,260.03125
400,260.65625
401,261.28125
402,261.90625
403,262.46875
404,263.03125
405,263.53125
406,264.15625
407,264.78125
408,265.40625
409,265.90625
410,266.53125
411,267.15625
412,267.78125
413,268.40625
414,268.96875
415,269.46875
416,270.03125
417,270.59375
418,271.09375
419,271.71875
420,272.34375
421,272.96875
422,273.46875
423,274.09375
424,274.71875
425,275.34375
426,275.84375
427,276.34375
428,276.78125
429,277.09375
430,277.59375
431,278.25
432,278.875
433,279.5
434,280.125
435,280.75
436,281.25
437,281.75
438,282.1875
439,282.5
440,283.0
441,283.65625
442,284.28125
443,284.90625
444,285.53125
445,286.15625
446,286.65625
447,287.21875
448,287.71875
449,288.28125
450,288.84375
451,289.34375
452,289.90625
453,290.46875
454,290.96875
455,291.59375
456,292.21875
457,292.84375
458,293.34375
459,293.96875
460,294.59375
461,295.21875
462,295.84375
463,296.34375
464,296.84375
465,297.40625
466,297.96875
467,298.46875
468,299.03125
469,299.53125
470,300.15625
471,300.78125
472,301.28125
473,301.90625
474,302.53125
475,303.15625
476,303.65625
477,304.21875
478,304.78125
479,305.28125
480,305.84375
481,306.40625
482,306.90625
483,307.53125
484,308.15625
485,308.78125
486,309.40625
487,309.90625
488,310.53125
489,311.15625
490,311.78125
491,312.40625
492,312.96875
493,313.53125
494,314.03125
495,314.65625
496,315.28125
497,315.90625
498,316.40625
499,317.03125
0,1.125
1,2.15625
2,3.28125
3,4.3125
4,5.4375
5,6.40625
6,7.53125
7,8.5625
8,9.6875
9,10.71875
10,11.84375
11,12.875
12,14.0
13,14.96875
14,16.09375
15,17.125
16,18.3125
17,19.28125
18,20.25
19,21.4375
20,22.40625
21,23.59375
22,24.5625
23,25.6875
24,26.625
25,27.46875
26,28.3125
27,29.28125
28,30.28125
29,31.25
30,32.21875
31,33.1875
32,34.15625
33,35.125
34,36.09375
35,37.0625
36,37.96875
37,38.875
38,39.71875
39,40.625
40,41.53125
41,42.375
42,43.28125
43,44.1875
44,45.03125
45,45.9375
46,46.84375
47,47.75
48,48.65625
49,49.5625
50,50.46875
51,51.375
52,52.28125
53,53.1875
54,54.09375
55,55.0
56,55.90625
57,56.8125
58,57.71875
59,58.625
60,59.59375
61,60.5
62,61.40625
63,62.3125
64,63.15625
65,63.84375
66,64.53125
67,65.15625
68,65.78125
69,66.40625
70,67.03125
71,67.65625
72,68.28125
73,68.90625
74,69.53125
75,70.15625
76,70.78125
77,71.40625
78,72.03125
79,72.65625
80,73.28125
81,73.84375
82,74.46875
83,75.09375
84,75.71875
85,76.34375
86,76.96875
87,77.53125
88,78.15625
89,78.78125
90,79.40625
91,80.03125
92,80.59375
93,81.21875
94,81.84375
95,82.46875
96,83.09375
97,83.71875
98,84.28125
99,84.78125
100,85.34375
101,85.90625
102,86.53125
103,87.15625
104,87.78125
105,88.40625
106,88.96875
107,89.46875
108,90.03125
109,90.59375
110,91.21875
111,91.84375
112,92.46875
113,93.09375
114,93.65625
115,94.15625
116,94.71875
117,95.28125
118,95.90625
119,96.53125
120,97.15625
121,97.78125
122,98.34375
123,98.84375
124,99.40625
125,99.96875
126,100.59375
127,101.21875
128,101.84375
129,102.46875
130,103.03125
131,103.53125
132,104.09375
133,104.65625
134,105.28125
135,105.90625
136,106.53125
137,107.15625
138,107.71875
139,108.21875
140,108.78125
141,109.34375
142,109.96875
143,110.59375
144,111.21875
145,111.84375
146,112.40625
147,112.90625
148,113.46875
149,114.03125
150,114.65625
151,115.28125
152,115.90625
153,116.53125
154,117.09375
155,117.59375
156,118.15625
157,118.71875
158,119.34375
159,119.96875
160,120.59375
161,121.21875
162,121.78125
163,122.28125
164,122.84375
165,123.40625
166,124.03125
167,124.65625
168,125.28125
169,125.90625
170,126.46875
171,126.96875
172,127.53125
173,128.09375
174,128.71875
175,129.34375
176,129.96875
177,130.59375
178,131.15625
179,131.65625
180,132.21875
181,132.78125
182,133.40625
183,134.03125
184,134.65625
185,135.28125
186,135.84375
187,136.34375
188,136.90625
189,137.46875
190,138.09375
191,138.71875
192,139.34375
193,139.96875
194,140.53125
195,141.03125
196,141.59375
197,142.15625
198,142.78125
199,143.40625
200,144.03125
201,144.65625
202,145.21875
203,145.71875
204,146.28125
205,146.84375
206,147.46875
207,148.09375
208,148.71875
209,149.34375
210,149.90625
211,150.40625
212,150.96875
213,151.53125
214,152.15625
215,152.78125
216,153.40625
217,154.03125
218,154.59375
219,155.09375
220,155.65625
221,156.21875
222,156.84375
223,157.46875
224,158.09375
225,158.71875
226,159.28125
227,159.78125
228,160.34375
229,160.90625
230,161.53125
231,162.15625
232,162.78125
233,163.40625
234,163.96875
235,164.46875
236,165.03125
237,165.59375
238,166.21875
239,166.84375
240,167.46875
241,168.09375
242,168.65625
243,169.15625
244,169.71875
245,170.28125
246,170.90625
247,171.53125
248,172.15625
249,172.78125
250,173.34375
251,173.84375
252,174.40625
253,174.96875
254,175.59375
255,176.21875
256,176.84375
257,177.46875
258,178.03125
259,178.53125
260,179.09375
261,179.65625
262,180.28125
263,180.90625
264,181.53125
265,182.15625
266,182.71875
267,183.21875
268,183.78125
269,184.34375
270,184.96875
271,185.59375
272,186.21875
273,186.84375
274,187.40625
275,187.90625
276,188.46875
277,189.03125
278,189.65625
279,190.28125
280,190.90625
281,191.53125
282,192.09375
283,192.59375
284,193.15625
285,193.71875
286,194.34375
287,194.96875
288,195.59375
289,196.21875
290,196.78125
291,197.28125
292,197.84375
293,198.40625
294,199.03125
295,199.65625
296,200.28125
297,200.90625
298,201.46875
299,201.96875
300,202.53125
301,203.09375
302,203.71875
303,204.34375
304,204.96875
305,205.59375
306,206.15625
307,206.65625
308,207.21875
309,207.78125
310,208.40625
311,209.03125
312,209.65625
313,210.28125
314,210.84375
315,211.34375
316,211.90625
317,212.46875
318,213.09375
319,213.71875
320,214.34375
321,214.96875
322,215.53125
323,216.03125
324,216.59375
325,217.15625
326,217.78125
327,218.40625
328,219.03125
329,219.65625
330,220.21875
331,220.71875
332,221.28125
333,221.84375
334,222.46875
335,223.09375
336,223.71875
337,224.34375
338,224.90625
339,225.40625
340,225.96875
341,226.53125
342,227.15625
343,227.78125
344,228.40625
345,229.03125
346,229.59375
347,230.09375
348,230.65625
349,231.21875
350,231.84375
351,232.46875
352,233.09375
353,233.71875
354,234.28125
355,234.78125
356,235.34375
357,235.90625
358,236.53125
359,237.15625
360,237.78125
361,238.40625
362,238.96875
363,239.46875
364,240.03125
365,240.59375
366,241.21875
367,241.84375
368,242.46875
369,243.09375
370,243.65625
371,244.15625
372,244.71875
373,245.28125
374,245.90625
375,246.53125
376,247.15625
377,247.78125
378,248.34375
379,248.84375
380,249.40625
381,249.96875
382,250.59375
383,251.21875
384,251.84375
385,252.46875
386,253.03125
387,253.53125
388,254.09375
389,254.65625
390,255.28125
391,255.90625
392,256.53125
393,257.15625
394,257.71875
395,258.21875
396,258.78125
397,259.34375
398,259.96875
399,260.59375
400,261.21875
401,261.84375
402,262.40625
403,262.90625
404,263.46875
405,264.03125
406,264.65625
407,265.28125
408,265.90625
409,266.53125
410,267.09375
411,267.59375
412,268.15625
413,268.71875
414,269.34375
415,269.96875
416,270.59375
417,271.21875
418,271.78125
419,272.28125
420,272.84375
421,273.40625
422,274.03125
423,274.65625
424,275.28125
425,275.90625
426,276.46875
427,276.96875
428,277.53125
429,278.09375
430,278.71875
431,279.34375
432,279.96875
433,280.59375
434,281.15625
435,281.65625
436,282.21875
437,282.78125
438,283.40625
439,284.03125
440,284.65625
441,285.28125
442,285.84375
443,286.34375
444,286.90625
445,287.46875
446,288.09375
447,288.71875
448,289.34375
449,289.96875
450,290.53125
451,291.03125
452,291.59375
453,292.15625
454,292.78125
455,293.40625
456,294.03125
457,294.65625
458,295.21875
459,295.71875
460,296.28125
461,296.84375
462,297.46875
463,298.09375
464,298.71875
465,299.34375
466,299.90625
467,300.40625
468,300.96875
469,301.53125
470,302.15625
471,302.78125
472,303.40625
473,304.03125
474,304.59375
475,305.09375
476,305.65625
477,306.21875
478,306.84375
479,307.46875
480,308.09375
481,308.71875
482,309.28125
483,309.78125
484,310.34375
485,310.90625
486,311.53125
487,312.15625
488,312.78125
489,313.40625
490,313.96875
491,314.46875
492,315.03125
493,315.59375
494,316.21875
495,316.84375
496,317.46875
497,318.09375
498,318.65625
499,319.15625
0,1.03125
1,2.0625
2,3.125
3,4.25
4,5.375
5,6.4375
6,7.21875
7,8.0
8,8.78125
9,9.5625
10,10.46875
11,11.25
12,12.03125
13,12.8125
14,13.59375
15,14.375
16,15.15625
17,15.9375
18,16.71875
19,17.5
20,18.28125
21,19.0
22,19.84375
23,20.625
24,21.40625
25,22.125
26,22.96875
27,23.75
28,24.53125
29,25.25
30,26.09375
31,26.875
32,27.65625
33,28.375
34,29.3125
35,30.0625
36,30.84375
37,31.625
38,32.46875
39,33.25
40,34.09375
41,34.875
42,35.71875
43,36.40625
44,37.21875
45,38.125
46,39.03125
47,39.8125
48,40.59375
49,41.375
50,42.125
51,42.9375
52,43.84375
53,44.75
54,45.59375
55,46.4375
56,47.28125
57,48.1875
58,48.8125
59,49.5625
60,50.0625
61,50.875
62,51.78125
63,52.6875
64,53.59375
65,54.125
66,54.78125
67,55.53125
68,56.03125
69,56.84375
70,57.75
71,58.65625
72,59.375
73,59.875
74,60.375
75,61.0
76,61.5
77,62.0
78,62.5625
79,63.0625
80,63.5625
81,64.125
82,64.625
83,65.125
84,65.6875
85,66.1875
86,66.6875
87,67.25
88,67.75
89,68.25
90,68.8125
91,69.3125
92,69.8125
93,70.3125
94,70.8125
95,71.375
96,71.875
97,72.375
98,72.875
99,73.375
100,73.875
101,74.375
102,74.9375
103,75.4375
104,75.9375
105,76.4375
106,76.9375
107,77.4375
108,77.9375
109,78.5
110,79.0
111,79.5
112,80.0
113,80.5
114,81.0
115,81.5625
116,82.0625
117,82.5625
118,83.0625
119,83.5625
120,84.0625
121,84.5625
122,85.125
123,85.75
124,86.25
125,86.75
126,87.25
127,87.75
128,88.25
129,88.75
130,89.25
131,89.75
132,90.25
133,90.75
134,91.25
135,91.75
136,92.25
137,92.75
138,93.25
139,93.8125
140,94.3125
141,94.8125
142,95.3125
143,95.8125
144,96.3125
145,96.8125
146,97.375
147,98.0
148,98.5
149,99.0
150,99.5
151,100.0
152,100.5
153,101.0
154,101.5
155,102.0
156,102.5
157,103.0
158,103.5
159,104.0
160,104.5
161,105.0
162,105.5
163,106.0625
164,106.5625
165,107.0625
166,107.5625
167,108.0625
168,108.5625
169,109.0625
170,109.625
171,110.25
172,110.75
173,111.25
174,111.75
175,112.25
176,112.75
177,113.25
178,113.75
179,114.25
180,114.75
181,115.25
182,115.75
183,116.25
184,116.75
185,117.25
186,117.75
187,118.3125
188,118.8125
189,119.3125
190,119.8125
191,120.3125
192,120.8125
193,121.3125
194,121.875
195,122.5
196,123.0
197,123.5
198,124.0
199,124.5
200,125.0
201,125.5
202,126.0
203,126.5
204,127.0
205,127.5
206,128.0
207,128.5
208,129.0
209,129.5
210,130.0
211,130.5625
212,131.0625
213,131.5625
214,132.0625
215,132.5625
216,133.0625
217,133.5625
218,134.125
219,134.75
220,135.25
221,135.75
222,136.25
223,136.75
224,137.25
225,137.75
226,138.25
227,138.75
228,139.25
229,139.75
230,140.25
231,140.75
232,141.25
233,141.75
234,142.25
235,142.8125
236,143.3125
237,143.8125
238,144.3125
239,144.8125
240,145.3125
241,145.8125
242,146.375
243,147.0
244,147.5
245,148.0
246,148.5
247,149.0
248,149.5
249,150.0
250,150.5
251,151.0
252,151.5
253,152.0
254,152.5
255,153.0
256,153.5
257,154.0
258,154.5
259,155.0625
260,155.5625
261,156.0625
262,156.5625
263,157.0625
264,157.5625
265,158.0625
266,158.625
267,159.25
268,159.75
269,160.25
270,160.75
271,161.25
272,161.75
273,162.25
274,162.75
275,163.25
276,163.75
277,164.25
278,164.75
279,165.25
280,165.75
281,166.25
282,166.75
283,167.3125
284,167.8125
285,168.3125
286,168.8125
287,169.3125
288,169.8125
289,170.3125
290,170.875
291,171.5
292,172.0
293,172.5
294,173.0
295,173.5
296,174.0
297,174.5
298,175.0
299,175.5
300,176.0
301,176.5
302,177.0
303,177.5
304,178.0
305,178.5
306,179.0
307,179.5625
308,180.0625
309,180.5625
310,181.0625
311,181.5625
312,182.0625
313,182.5625
314,183.125
315,183.75
316,184.25
317,184.75
318,185.25
319,185.75
320,186.25
321,186.75
322,187.25
323,187.75
324,188.25
325,188.75
326,189.25
327,189.75
328,190.25
329,190.75
330,191.25
331,191.8125
332,192.3125
333,192.8125
334,193.3125
335,193.8125
336,194.3125
337,194.8125
338,195.375
339,196.0
340,196.5
341,197.0
342,197.5
343,198.0
344,198.5
345,199.0
346,199.5
347,200.0
348,200.5
349,201.0
350,201.5
351,202.0
352,202.5
353,203.0
354,203.5
355,204.0625
356,204.5625
357,205.0625
358,205.5625
359,206.0625
360,206.5625
361,207.0625
362,207.625
363,208.25
364,208.75
365,209.25
366,209.75
367,210.25
368,210.75
369,211.25
370,211.75
371,212.25
372,212.75
373,213.25
374,213.75
375,214.25
376,214.75
377,215.25
378,215.75
379,216.3125
380,216.8125
381,217.3125
382,217.8125
383,218.3125
384,218.8125
385,219.3125
386,219.875
387,220.5
388,221.0
389,221.5
390,222.0
391,222.5
392,223.0
393,223.5
394,224.0
395,224.5
396,225.0
397,225.5
398,226.0
399,226.5
400,227.0
401,227.5
402,228.0
403,228.5625
404,229.0625
405,229.5625
406,230.0625
407,230.5625
408,231.0625
409,231.5625
410,232.125
411,232.75
412,233.25
413,233.75
414,234.25
415,234.75
416,235.25
417,235.75
418,236.25
419,236.75
420,237.25
421,237.75
422,238.25
423,238.75
424,239.25
425,239.75
426,240.25
427,240.8125
428,241.3125
429,241.8125
430,242.3125
431,242.8125
432,243.3125
433,243.8125
434,244.375
435,245.0
436,245.5
437,246.0
438,246.5
439,247.0
440,247.5
441,248.0
442,248.5
443,249.0
444,249.5
445,250.0
446,250.5
447,251.0
448,251.5
449,252.0
450,252.5
451,253.0625
452,253.5625
453,254.0625
454,254.5625
455,255.0625
456,255.5625
457,256.0625
458,256.625
459,257.25
460,257.75
461,258.25
462,258.75
463,259.25
464,259.75
465,260.25
466,260.75
467,261.25
468,261.75
469,262.25
470,262.75
471,263.25
472,263.75
473,264.25
474,264.75
475,265.3125
476,265.8125
477,266.3125
478,266.8125
479,267.3125
480,267.8125
481,268.3125
482,268.875
483,269.5
484,270.0
485,270.5
486,271.0
487,271.5
488,272.0
489,272.5
490,273.0
491,273.5
492,274.0
493,274.5
494,275.0
495,275.5
496,276.0
497,276.5
498,277.0
499,277.5625
0,1.09375
1,2.21875
2,3.34375
3,4.46875
4,5.59375
5,6.71875
6,7.84375
7,8.96875
8,10.09375
9,11.21875
10,12.125
11,12.96875
12,14.09375
13,15.0
14,15.78125
15,16.65625
16,17.5625
17,18.46875
18,19.25
19,20.125
20,21.03125
21,21.9375
22,22.84375
23,23.6875
24,24.59375
25,25.5
26,26.34375
27,27.25
28,28.15625
29,29.0625
30,29.96875
31,30.8125
32,31.71875
33,32.625
34,33.53125
35,34.375
36,35.15625
37,36.0
38,36.90625
39,37.8125
40,38.71875
41,39.625
42,40.46875
43,41.1875
44,42.03125
45,42.65625
46,43.5625
47,44.5
48,45.3125
49,46.21875
50,46.875
51,47.78125
52,48.625
53,49.34375
54,50.1875
55,50.8125
56,51.71875
57,52.375
58,53.21875
59,53.9375
60,54.5625
61,55.46875
62,56.125
63,56.96875
64,57.59375
65,58.5
66,59.21875
67,60.0625
68,60.65625
69,61.34375
70,62.1875
71,62.90625
72,63.5
73,64.1875
74,65.03125
75,65.625
76,66.3125
77,67.15625
78,67.875
79,68.46875
80,69.15625
81,69.875
82,70.5
83,71.34375
84,72.0625
85,72.71875
86,73.40625
87,74.25
88,74.96875
89,75.625
90,76.3125
91,77.15625
92,77.875
93,78.59375
94,79.375
95,80.21875
96,80.9375
97,81.625
98,82.46875
99,83.1875
100,83.90625
101,84.5625
102,85.1875
103,85.96875
104,86.6875
105,87.3125
106,88.09375
107,88.8125
108,89.4375
109,90.09375
110,90.8125
111,91.4375
112,92.21875
113,92.875
114,93.5
115,94.28125
116,94.9375
117,95.5625
118,96.40625
119,97.1875
120,97.96875
121,98.59375
122,99.25
123,100.09375
124,100.875
125,101.5
126,102.15625
127,102.78125
128,103.4375
129,104.0625
130,104.65625
131,105.28125
132,105.875
133,106.5
134,107.21875
135,108.0625
136,108.71875
137,109.40625
138,110.03125
139,110.625
140,111.25
141,111.84375
142,112.46875
143,113.1875
144,113.8125
145,114.46875
146,115.09375
147,115.8125
148,116.65625
149,117.3125
150,117.9375
151,118.53125
152,119.15625
153,119.78125
154,120.4375
155,121.0625
156,121.71875
157,122.34375
158,122.9375
159,123.5625
160,124.15625
161,124.78125
162,125.5
163,126.125
164,126.71875
165,127.34375
166,128.0625
167,128.6875
168,129.28125
169,129.90625
170,130.625
171,131.25
172,131.90625
173,132.5625
174,133.1875
175,133.8125
176,134.53125
177,135.09375
178,135.875
179,136.53125
180,137.28125
181,137.9375
182,138.6875
183,139.34375
184,140.09375
185,140.75
186,141.5
187,142.15625
188,142.90625
189,143.5625
190,144.3125
191,145.03125
192,145.78125
193,146.5
194,147.125
195,147.5625
196,148.28125
197,148.90625
198,149.6875
199,150.46875
200,151.09375
201,151.53125
202,152.25
203,152.875
204,153.65625
205,154.4375
206,155.1875
207,155.75
208,156.53125
209,157.15625
210,157.9375
211,158.5625
212,159.34375
213,160.125
214,160.875
215,161.4375
216,162.21875
217,162.84375
218,163.625
219,164.25
220,165.03125
221,165.65625
222,166.3125
223,167.0
224,167.4375
225,168.15625
226,168.71875
227,169.5
228,170.125
229,170.90625
230,171.53125
231,172.1875
232,172.875
233,173.3125
234,174.03125
235,174.65625
236,175.3125
237,176.0
238,176.4375
239,177.15625
240,177.71875
241,178.375
242,179.0
243,179.78125
244,180.40625
245,181.1875
246,181.8125
247,182.46875
248,183.09375
249,183.59375
250,184.3125
251,184.875
252,185.59375
253,186.21875
254,186.71875
255,187.4375
256,188.0
257,188.375
258,189.09375
259,189.65625
260,190.375
261,191.0
262,191.5
263,192.21875
264,192.78125
265,193.15625
266,193.875
267,194.4375
268,195.15625
269,195.78125
270,196.28125
271,197.0
272,197.5625
273,197.9375
274,198.65625
275,199.21875
276,199.59375
277,200.3125
278,200.8125
279,201.3125
280,202.03125
281,202.59375
282,202.96875
283,203.6875
284,204.25
285,204.75
286,205.46875
287,206.03125
288,206.40625
289,207.125
290,207.6875
291,208.0625
292,208.78125
293,209.34375
294,209.71875
295,210.4375
296,210.9375
297,211.4375
298,212.15625
299,212.71875
300,213.09375
301,213.8125
302,214.3125
303,214.8125
304,215.53125
305,216.09375
306,216.46875
307,217.1875
308,217.75
309,218.25
310,218.96875
311,219.53125
312,220.03125
313,220.625
314,221.375
315,221.9375
316,222.4375
317,223.15625
318,223.71875
319,224.21875
320,224.9375
321,225.5
322,226.0
323,226.5625
324,227.40625
325,227.96875
326,228.46875
327,228.96875
328,229.75
329,230.375
330,230.875
331,231.59375
332,232.15625
333,232.53125
334,233.25
335,233.75
336,234.25
337,234.96875
338,235.53125
339,235.96875
340,236.46875
341,237.1875
342,237.75
343,238.25
344,238.75
345,239.53125
346,240.15625
347,240.65625
348,241.375
349,241.9375
350,242.375
351,242.875
352,243.59375
353,244.15625
354,244.65625
355,245.15625
356,245.9375
357,246.5625
358,247.0625
359,247.5625
360,248.0625
361,248.84375
362,249.46875
363,249.96875
364,250.46875
365,251.0625
366,251.8125
367,252.375
368,252.875
369,253.375
370,254.15625
371,254.78125
372,255.28125
373,256.0
374,256.5
375,256.9375
376,257.4375
377,258.15625
378,258.71875
379,259.15625
380,259.65625
381,260.375
382,260.9375
383,261.4375
384,261.9375
385,262.71875
386,263.34375
387,263.84375
388,264.5625
389,265.0625
390,265.5
391,266.0
392,266.71875
393,267.28125
394,267.71875
395,268.21875
396,268.9375
397,269.5
398,270.0
399,270.5
400,271.28125
401,271.90625
402,272.40625
403,273.125
404,273.6875
405,274.125
406,274.625
407,275.34375
408,275.90625
409,276.40625
410,276.90625
411,277.6875
412,278.3125
413,278.8125
414,279.3125
415,279.8125
416,280.59375
417,281.21875
418,281.71875
419,282.21875
420,282.71875
421,283.5
422,284.125
423,284.625
424,285.125
425,285.90625
426,286.53125
427,287.03125
428,287.75
429,288.25
430,288.6875
431,289.1875
432,289.90625
433,290.46875
434,290.90625
435,291.40625
436,292.125
437,292.6875
438,293.1875
439,293.6875
440,294.46875
441,295.09375
442,295.59375
443,296.25
444,296.875
445,297.3125
446,297.8125
447,298.53125
448,299.15625
449,299.59375
450,300.09375
451,300.8125
452,301.375
453,301.875
454,302.375
455,303.15625
456,303.78125
457,304.28125
458,304.9375
459,305.5625
460,306.0625
461,306.5625
462,307.34375
463,307.96875
464,308.46875
465,308.96875
466,309.46875
467,310.25
468,310.875
469,311.375
470,311.875
471,312.65625
472,313.21875
473,313.84375
474,314.34375
475,314.84375
476,315.625
477,316.25
478,316.75
479,317.25
480,317.75
481,318.53125
482,319.15625
483,319.65625
484,320.15625
485,320.9375
486,321.5
487,322.125
488,322.625
489,323.125
490,323.90625
491,324.46875
492,325.09375
493,325.59375
494,326.09375
495,326.75
496,327.3125
497,327.9375
498,328.4375
499,328.9375
