0,1.075
1,2.15
2,3.2
3,4.25
4,5.3
5,6.35
6,7.225
7,8.275
8,9.2
9,10.25
10,11.3
11,12.175
12,13.225
13,14.1
14,15.15
15,16.075
16,17.125
17,18.1
18,18.975
19,20.025
20,20.85
21,21.9
22,22.775
23,23.6
24,24.65
25,25.525
26,26.2
27,27.075
28,27.75
29,28.625
30,29.3
31,30.175
32,30.85
33,31.725
34,32.4
35,33.275
36,34.0
37,34.775
38,35.55
39,36.175
40,36.775
41,37.4
42,38.05
43,38.725
44,39.275
45,39.95
46,40.45
47,41.15
48,41.925
49,42.55
50,43.1
51,43.775
52,44.275
53,44.975
54,45.6
55,46.1
56,46.8
57,47.425
58,47.925
59,48.625
60,49.25
61,49.75
62,50.4
63,51.25
64,51.825
65,52.325
66,52.925
67,53.475
68,53.975
69,54.575
70,55.125
71,55.625
72,56.225
73,56.775
74,57.275
75,57.875
76,58.425
77,58.925
78,59.525
79,60.075
80,60.575
81,61.175
82,61.725
83,62.225
84,62.825
85,63.45
86,63.95
87,64.5
88,65.0
89,65.6
90,66.15
91,66.65
92,67.25
93,67.8
94,68.3
95,68.9
96,69.45
97,69.95
98,70.55
99,71.1
100,71.6
101,72.2
102,72.75
103,73.25
104,73.85
105,74.4
106,74.9
107,75.5
108,76.125
109,76.625
110,77.175
111,77.675
112,78.275
113,78.825
114,79.325
115,79.925
116,80.475
117,80.975
118,81.575
119,82.125
120,82.625
121,83.225
122,83.775
123,84.275
124,84.875
125,85.425
126,85.925
127,86.525
128,87.15
129,87.65
130,88.2
131,88.7
132,89.3
133,89.85
134,90.35
135,90.95
136,91.5
137,92.0
138,92.6
139,93.15
140,93.65
141,94.25
142,94.8
143,95.3
144,95.9
145,96.45
146,96.95
147,97.55
148,98.15
149,98.9
150,99.525
151,100.025
152,100.575
153,101.075
154,101.675
155,102.225
156,102.725
157,103.325
158,104.075
159,104.7
160,105.2
161,105.8
162,106.55
163,107.175
164,107.675
165,108.225
166,108.725
167,109.325
168,109.875
169,110.375
170,110.975
171,111.525
172,112.025
173,112.625
174,113.175
175,113.675
176,114.275
177,114.875
178,115.475
179,116.225
180,116.85
181,117.35
182,117.95
183,118.625
184,119.175
185,119.675
186,120.275
187,121.025
188,121.65
189,122.15
190,122.7
191,123.2
192,123.8
193,124.4
194,125.15
195,125.775
196,126.275
197,126.825
198,127.325
199,127.925
200,128.475
201,128.975
202,129.575
203,130.325
204,130.95
205,131.45
206,132.05
207,132.8
208,133.425
209,133.925
210,134.475
211,134.975
212,135.575
213,136.125
214,136.625
215,137.225
216,137.775
217,138.275
218,138.875
219,139.425
220,139.925
221,140.525
222,141.125
223,141.725
224,142.475
225,143.1
226,143.6
227,144.2
228,144.95
229,145.575
230,146.075
231,146.675
232,147.275
233,147.975
234,148.75
235,149.35
236,149.85
237,150.4
238,150.9
239,151.45
240,151.95
241,152.55
242,153.15
243,153.85
244,154.45
245,155.05
246,155.65
247,156.25
248,156.85
249,157.35
250,157.9
251,158.4
252,158.95
253,159.45
254,160.05
255,160.65
256,161.35
257,161.95
258,162.55
259,163.15
260,163.75
261,164.35
262,164.95
263,165.55
264,166.05
265,166.6
266,167.1
267,167.65
268,168.15
269,168.75
270,169.35
271,170.05
272,170.65
273,171.25
274,171.85
275,172.45
276,173.05
277,173.65
278,174.25
279,174.75
280,175.3
281,175.8
282,176.35
283,176.85
284,177.45
285,178.05
286,178.75
287,179.35
288,179.95
289,180.55
290,181.15
291,181.75
292,182.35
293,182.95
294,183.45
295,184.0
296,184.5
297,185.05
298,185.55
299,186.15
300,186.75
301,187.45
302,188.05
303,188.65
304,189.25
305,189.85
306,190.45
307,191.05
308,191.65
309,192.15
310,192.7
311,193.2
312,193.75
313,194.25
314,194.85
315,195.45
316,196.15
317,196.75
318,197.35
319,197.95
320,198.55
321,199.15
322,199.75
323,200.35
324,200.85
325,201.4
326,201.9
327,202.45
328,202.95
329,203.55
330,204.15
331,204.85
332,205.45
333,206.05
334,206.65
335,207.25
336,207.85
337,208.45
338,209.05
339,209.55
340,210.1
341,210.6
342,211.15
343,211.65
344,212.25
345,212.85
346,213.55
347,214.15
348,214.75
349,215.35
350,215.95
351,216.55
352,217.15
353,217.75
354,218.25
355,218.8
356,219.3
357,219.85
358,220.35
359,220.95
360,221.55
361,222.25
362,222.85
363,223.45
364,224.05
365,224.65
366,225.25
367,225.85
368,226.45
369,226.95
370,227.5
371,228.0
372,228.55
373,229.05
374,229.65
375,230.25
376,230.95
377,231.55
378,232.15
379,232.75
380,233.35
381,233.95
382,234.55
383,235.15
384,235.65
385,236.2
386,236.7
387,237.25
388,237.75
389,238.35
390,238.95
391,239.65
392,240.25
393,240.85
394,241.45
395,242.05
396,242.65
397,243.25
398,243.85
399,244.35
400,244.9
401,245.4
402,245.95
403,246.45
404,247.05
405,247.65
406,248.35
407,248.95
408,249.55
409,250.15
410,250.75
411,251.35
412,251.95
413,252.55
414,253.05
415,253.6
416,254.1
417,254.65
418,255.15
419,255.75
420,256.35
421,257.05
422,257.65
423,258.25
424,258.85
425,259.45
426,260.05
427,260.65
428,261.25
429,261.75
430,262.3
431,262.8
432,263.35
433,263.85
434,264.45
435,265.05
436,265.75
437,266.35
438,266.95
439,267.55
440,268.15
441,268.75
442,269.35
443,269.95
444,270.45
445,271.0
446,271.5
447,272.05
448,272.55
449,273.15
450,273.75
451,274.45
452,275.05
453,275.65
454,276.25
455,276.85
456,277.45
457,278.05
458,278.65
459,279.15
460,279.7
461,280.2
462,280.75
463,281.25
464,281.85
465,282.45
466,283.15
467,283.75
468,284.35
469,284.95
470,285.55
471,286.15
472,286.75
473,287.35
474,287.85
475,288.4
476,288.9
477,289.45
478,289.95
479,290.55
480,291.15
481,291.85
482,292.45
483,293.05
484,293.65
485,294.25
486,294.85
487,295.45
488,296.05
489,296.55
490,297.1
491,297.6
492,298.15
493,298.65
494,299.25
495,299.85
496,300.55
497,301.15
498,301.75
499,302.35
0,1.125
1,1.975
2,3.1
3,4.075
4,4.975
5,5.875
6,6.9
7,7.875
8,8.6
9,9.5
10,10.525
11,11.375
12,12.225
13,12.975
14,13.725
15,14.475
16,15.225
17,16.025
18,16.975
19,17.825
20,18.45
21,19.125
22,19.925
23,20.5
24,21.125
25,21.75
26,22.375
27,23.0
28,23.675
29,24.35
30,24.9
31,25.425
32,25.9
33,26.375
34,27.05
35,27.725
36,28.4
37,28.95
38,29.475
39,30.1
40,30.525
41,31.2
42,31.825
43,32.5
44,33.075
45,33.7
46,34.375
47,34.7
48,35.225
49,35.85
50,36.275
51,36.9
52,37.325
53,37.95
54,38.375
55,39.0
56,39.425
57,40.05
58,40.475
59,41.1
60,41.525
61,42.15
62,42.575
63,43.05
64,43.575
65,44.1
66,44.725
67,45.225
68,45.8
69,46.225
70,46.7
71,47.175
72,47.65
73,48.125
74,48.7
75,49.275
76,49.85
77,50.425
78,51.0
79,51.575
80,52.15
81,52.725
82,53.275
83,53.875
84,54.45
85,55.0
86,55.6
87,56.175
88,56.725
89,57.325
90,57.9
91,58.15
92,58.7
93,59.025
94,59.575
95,60.1
96,60.575
97,61.1
98,61.7
99,62.025
100,62.575
101,63.1
102,63.575
103,64.1
104,64.7
105,65.025
106,65.575
107,66.1
108,66.575
109,67.1
110,67.7
111,68.025
112,68.575
113,69.1
114,69.525
115,70.075
116,70.7
117,71.025
118,71.525
119,71.9
120,72.45
121,73.075
122,73.4
123,73.9
124,74.275
125,74.825
126,75.45
127,75.975
128,76.45
129,76.975
130,77.525
131,77.85
132,78.15
133,78.675
134,79.225
135,79.6
136,80.125
137,80.675
138,81.05
139,81.575
140,82.125
141,82.6
142,83.075
143,83.625
144,84.2
145,84.575
146,85.125
147,85.75
148,86.225
149,86.7
150,87.25
151,87.625
152,88.2
153,88.875
154,89.525
155,90.1
156,90.475
157,91.05
158,91.7
159,92.175
160,92.65
161,93.15
162,93.675
163,94.15
164,94.65
165,95.275
166,95.7
167,96.15
168,96.775
169,97.4
170,97.775
171,98.275
172,98.9
173,99.425
174,99.9
175,100.45
176,100.925
177,101.475
178,101.95
179,102.5
180,102.975
181,103.525
182,104.0
183,104.35
184,104.6
185,105.0
186,105.475
187,106.025
188,106.5
189,106.85
190,107.1
191,107.5
192,107.975
193,108.325
194,108.575
195,109.075
196,109.55
197,110.05
198,110.475
199,110.725
200,111.225
201,111.85
202,112.325
203,112.875
204,113.35
205,113.9
206,114.375
207,114.725
208,114.975
209,115.375
210,115.85
211,116.2
212,116.45
213,116.95
214,117.575
215,118.05
216,118.6
217,119.075
218,119.625
219,120.1
220,120.45
221,120.7
222,121.1
223,121.575
224,121.925
225,122.175
226,122.575
227,123.05
228,123.4
229,123.65
230,124.15
231,124.775
232,125.25
233,125.6
234,125.85
235,126.35
236,126.975
237,127.45
238,128.0
239,128.475
240,128.825
241,129.075
242,129.575
243,130.2
244,130.675
245,131.225
246,131.7
247,132.05
248,132.3
249,132.8
250,133.425
251,133.9
252,134.45
253,134.925
254,135.275
255,135.525
256,135.925
257,136.4
258,136.75
259,137.0
260,137.4
261,137.875
262,138.225
263,138.475
264,138.875
265,139.35
266,139.9
267,140.375
268,140.725
269,140.975
270,141.375
271,141.85
272,142.2
273,142.45
274,142.85
275,143.325
276,143.875
277,144.35
278,144.9
279,145.375
280,145.925
281,146.4
282,146.95
283,147.425
284,147.925
285,148.45
286,148.85
287,149.1
288,149.5
289,149.975
290,150.325
291,150.575
292,150.975
293,151.45
294,151.8
295,152.05
296,152.45
297,152.875
298,153.275
299,153.525
300,153.925
301,154.4
302,154.75
303,155.0
304,155.4
305,155.825
306,156.225
307,156.475
308,156.925
309,157.4
310,157.75
311,158.0
312,158.4
313,158.825
314,159.425
315,159.9
316,160.25
317,160.5
318,160.85
319,161.25
320,161.675
321,162.075
322,162.475
323,162.9
324,163.5
325,163.925
326,164.475
327,165.0
328,165.4
329,165.65
330,166.05
331,166.475
332,166.825
333,167.075
334,167.325
335,167.725
336,168.15
337,168.55
338,168.9
339,169.275
340,169.725
341,169.975
342,170.375
343,170.8
344,171.2
345,171.45
346,171.8
347,172.2
348,172.625
349,172.975
350,173.225
351,173.625
352,174.05
353,174.6
354,175.125
355,175.525
356,176.075
357,176.5
358,177.05
359,177.525
360,177.925
361,178.175
362,178.525
363,179.0
364,179.4
365,179.65
366,180.0
367,180.475
368,180.875
369,181.125
370,181.475
371,181.95
372,182.35
373,182.6
374,182.95
375,183.425
376,183.825
377,184.275
378,184.75
379,185.15
380,185.4
381,185.75
382,186.225
383,186.625
384,187.075
385,187.55
386,187.95
387,188.4
388,188.875
389,189.275
390,189.525
391,189.875
392,190.275
393,190.7
394,191.05
395,191.3
396,191.65
397,192.05
398,192.475
399,192.825
400,193.075
401,193.425
402,193.825
403,194.25
404,194.6
405,194.85
406,195.2
407,195.575
408,196.025
409,196.375
410,196.825
411,197.225
412,197.65
413,198.0
414,198.25
415,198.6
416,198.975
417,199.425
418,199.775
419,200.225
420,200.625
421,201.05
422,201.4
423,201.65
424,202.0
425,202.375
426,202.825
427,203.225
428,203.725
429,204.1
430,204.55
431,204.9
432,205.35
433,205.75
434,206.175
435,206.525
436,206.775
437,207.125
438,207.5
439,207.95
440,208.35
441,208.85
442,209.225
443,209.675
444,210.025
445,210.475
446,210.875
447,211.3
448,211.65
449,211.9
450,212.25
451,212.625
452,213.075
453,213.475
454,213.975
455,214.35
456,214.8
457,215.15
458,215.6
459,216.0
460,216.425
461,216.775
462,217.025
463,217.375
464,217.75
465,218.2
466,218.6
467,219.1
468,219.475
469,219.925
470,220.275
471,220.625
472,220.975
473,221.45
474,221.9
475,222.4
476,222.775
477,223.225
478,223.575
479,223.925
480,224.275
481,224.75
482,225.15
483,225.5
484,225.85
485,226.325
486,226.775
487,227.275
488,227.65
489,228.1
490,228.45
491,228.8
492,229.15
493,229.625
494,230.075
495,230.575
496,230.95
497,231.4
498,231.75
499,232.1
0,1.2
1,2.275
2,3.325
3,4.325
4,5.375
5,6.425
6,7.475
7,8.525
8,9.4
9,10.4
10,11.45
11,12.35
12,13.4
13,14.25
14,14.975
15,15.75
16,16.575
17,17.425
18,18.15
19,18.875
20,19.6
21,20.325
22,21.05
23,21.875
24,22.7
25,23.325
26,24.0
27,24.725
28,25.45
29,26.225
30,26.9
31,27.7
32,28.6
33,29.225
34,29.9
35,30.625
36,31.35
37,32.15
38,32.85
39,33.575
40,34.075
41,34.75
42,35.55
43,36.075
44,36.75
45,37.475
46,37.975
47,38.65
48,39.45
49,39.975
50,40.65
51,41.45
52,42.0
53,42.7
54,43.5
55,44.05
56,44.75
57,45.55
58,46.175
59,46.85
60,47.65
61,48.275
62,48.95
63,49.75
64,50.375
65,50.875
66,51.325
67,52.15
68,52.65
69,53.15
70,53.6
71,54.425
72,54.925
73,55.425
74,55.875
75,56.7
76,57.2
77,57.7
78,58.15
79,58.975
80,59.475
81,59.975
82,60.425
83,61.25
84,61.8
85,62.35
86,62.85
87,63.3
88,63.75
89,64.425
90,64.875
91,65.325
92,66.15
93,66.65
94,67.1
95,67.55
96,68.0
97,68.675
98,69.125
99,69.575
100,70.175
101,70.85
102,71.4
103,71.95
104,72.625
105,73.3
106,73.9
107,74.575
108,75.375
109,76.125
110,76.675
111,77.35
112,77.9
113,78.35
114,79.0
115,79.725
116,80.275
117,80.95
118,81.5
119,81.95
120,82.5
121,83.175
122,83.725
123,84.175
124,84.825
125,85.5
126,86.05
127,86.7
128,87.375
129,87.925
130,88.525
131,89.325
132,90.2
133,90.725
134,91.225
135,91.775
136,92.6
137,93.15
138,93.75
139,94.55
140,95.225
141,95.725
142,96.325
143,97.15
144,97.7
145,98.3
146,99.1
147,99.775
148,100.275
149,100.875
150,101.7
151,102.25
152,102.75
153,103.35
154,104.175
155,104.725
156,105.275
157,105.825
158,106.325
159,106.975
160,107.75
161,108.3
162,108.85
163,109.35
164,110.0
165,110.775
166,111.375
167,112.175
168,112.85
169,113.35
170,113.95
171,114.7
172,115.275
173,115.775
174,116.325
175,117.125
176,117.8
177,118.35
178,118.9
179,119.4
180,120.05
181,120.8
182,121.375
183,121.875
184,122.475
185,123.225
186,123.8
187,124.3
188,124.95
189,125.7
190,126.275
191,126.825
192,127.375
193,127.875
194,128.525
195,129.275
196,129.85
197,130.4
198,130.95
199,131.45
200,132.1
201,132.85
202,133.425
203,133.925
204,134.575
205,135.325
206,135.9
207,136.55
208,137.3
209,137.95
210,138.675
211,139.425
212,140.15
213,140.9
214,141.625
215,142.25
216,142.975
217,143.725
218,144.3
219,144.85
220,145.4
221,145.9
222,146.55
223,147.3
224,148.025
225,148.65
226,149.275
227,149.925
228,150.675
229,151.4
230,152.025
231,152.75
232,153.5
233,154.2
234,154.775
235,155.425
236,156.175
237,156.875
238,157.45
239,158.05
240,158.7
241,159.45
242,160.15
243,160.725
244,161.325
245,161.975
246,162.725
247,163.425
248,164.0
249,164.6
250,165.15
251,165.8
252,166.425
253,167.15
254,167.9
255,168.6
256,169.175
257,169.775
258,170.325
259,170.975
260,171.6
261,172.325
262,173.075
263,173.775
264,174.35
265,174.95
266,175.5
267,176.15
268,176.775
269,177.5
270,178.25
271,178.95
272,179.525
273,180.1
274,180.725
275,181.3
276,181.95
277,182.675
278,183.425
279,184.125
280,184.7
281,185.275
282,185.9
283,186.45
284,187.025
285,187.65
286,188.225
287,188.85
288,189.425
289,190.05
290,190.625
291,191.275
292,192.0
293,192.75
294,193.45
295,194.025
296,194.6
297,195.225
298,195.775
299,196.35
300,196.975
301,197.525
302,198.1
303,198.725
304,199.3
305,199.925
306,200.5
307,201.125
308,201.7
309,202.35
310,203.075
311,203.825
312,204.525
313,205.1
314,205.675
315,206.3
316,206.85
317,207.425
318,208.05
319,208.625
320,209.25
321,209.825
322,210.45
323,211.025
324,211.675
325,212.4
326,213.15
327,213.85
328,214.425
329,215.0
330,215.625
331,216.175
332,216.75
333,217.375
334,217.925
335,218.5
336,219.125
337,219.7
338,220.325
339,220.9
340,221.525
341,222.1
342,222.75
343,223.475
344,224.225
345,224.925
346,225.5
347,226.075
348,226.7
349,227.25
350,227.825
351,228.45
352,229.025
353,229.65
354,230.225
355,230.85
356,231.425
357,232.075
358,232.7
359,233.3
360,233.9
361,234.5
362,235.05
363,235.625
364,236.25
365,236.825
366,237.45
367,238.025
368,238.65
369,239.225
370,239.85
371,240.425
372,241.05
373,241.625
374,242.275
375,242.9
376,243.5
377,244.1
378,244.7
379,245.25
380,245.825
381,246.45
382,247.025
383,247.65
384,248.225
385,248.85
386,249.425
387,250.05
388,250.625
389,251.25
390,251.825
391,252.475
392,253.1
393,253.7
394,254.3
395,254.9
396,255.45
397,256.025
398,256.65
399,257.225
400,257.85
401,258.425
402,259.05
403,259.625
404,260.25
405,260.825
406,261.45
407,262.025
408,262.675
409,263.3
410,263.9
411,264.5
412,265.1
413,265.65
414,266.225
415,266.85
416,267.425
417,268.05
418,268.625
419,269.25
420,269.825
421,270.45
422,271.025
423,271.65
424,272.225
425,272.875
426,273.5
427,274.1
428,274.7
429,275.3
430,275.85
431,276.425
432,277.05
433,277.625
434,278.25
435,278.825
436,279.45
437,280.025
438,280.65
439,281.225
440,281.85
441,282.425
442,283.075
443,283.7
444,284.3
445,284.9
446,285.5
447,286.05
448,286.625
449,287.25
450,287.825
451,288.45
452,289.025
453,289.65
454,290.225
455,290.85
456,291.425
457,292.05
458,292.625
459,293.275
460,293.9
461,294.5
462,295.1
463,295.7
464,296.25
465,296.825
466,297.45
467,298.025
468,298.65
469,299.225
470,299.85
471,300.425
472,301.05
473,301.625
474,302.25
475,302.825
476,303.475
477,304.1
478,304.7
479,305.3
480,305.9
481,306.45
482,307.025
483,307.65
484,308.225
485,308.85
486,309.425
487,310.05
488,310.625
489,311.25
490,311.825
491,312.45
492,313.025
493,313.675
494,314.3
495,314.9
496,315.5
497,316.1
498,316.65
499,317.225
0,1.15
1,2.15
2,3.1
3,4.05
4,5.05
5,5.95
6,6.9
7,7.9
8,8.8
9,9.725
10,10.725
11,11.575
12,12.45
13,13.375
14,14.325
15,15.275
16,15.95
17,16.875
18,17.625
19,18.55
20,19.3
21,20.225
22,20.925
23,21.6
24,22.375
25,23.05
26,23.725
27,24.4
28,25.225
29,25.95
30,26.675
31,27.4
32,28.125
33,28.95
34,29.725
35,30.225
36,31.05
37,31.6
38,32.275
39,33.0
40,33.725
41,34.4
42,35.225
43,35.8
44,36.525
45,37.275
46,37.85
47,38.6
48,39.175
49,39.875
50,40.65
51,41.225
52,42.075
53,42.575
54,43.075
55,43.575
56,44.075
57,44.575
58,45.075
59,45.875
60,46.525
61,47.025
62,47.525
63,48.325
64,49.125
65,49.7
66,50.625
67,51.4
68,52.175
69,52.7
70,53.2
71,53.7
72,54.2
73,54.95
74,55.475
75,55.975
76,56.475
77,57.225
78,57.75
79,58.25
80,58.75
81,59.5
82,60.025
83,60.775
84,61.3
85,61.8
86,62.55
87,63.075
88,63.575
89,64.075
90,64.575
91,65.075
92,65.825
93,66.35
94,67.1
95,67.625
96,68.125
97,68.875
98,69.4
99,69.9
100,70.65
101,71.175
102,71.725
103,72.425
104,73.2
105,73.975
106,74.5
107,75.05
108,75.725
109,76.4
110,77.175
111,77.725
112,78.3
113,78.975
114,79.6
115,80.375
116,80.9
117,81.45
118,82.125
119,82.75
120,83.525
121,84.125
122,84.7
123,85.45
124,86.225
125,86.775
126,87.325
127,88.05
128,88.725
129,89.35
130,89.9
131,90.625
132,91.3
133,91.925
134,92.475
135,93.025
136,93.75
137,94.425
138,95.05
139,95.6
140,96.325
141,97.0
142,97.625
143,98.175
144,98.9
145,99.575
146,100.2
147,100.75
148,101.275
149,101.925
150,102.475
151,103.1
152,103.65
153,104.175
154,104.875
155,105.55
156,106.1
157,106.65
158,107.275
159,107.8
160,108.5
161,109.175
162,109.725
163,110.35
164,110.9
165,111.425
166,112.075
167,112.625
168,113.25
169,113.775
170,114.475
171,115.15
172,115.7
173,116.25
174,116.875
175,117.45
176,118.0
177,118.55
178,119.1
179,119.65
180,120.275
181,120.8
182,121.5
183,122.175
184,122.725
185,123.275
186,123.9
187,124.475
188,125.025
189,125.575
190,126.125
191,126.675
192,127.225
193,127.85
194,128.425
195,128.975
196,129.525
197,130.075
198,130.625
199,131.25
200,131.775
201,132.475
202,133.15
203,133.7
204,134.25
205,134.875
206,135.45
207,136.0
208,136.55
209,137.1
210,137.65
211,138.2
212,138.825
213,139.4
214,139.95
215,140.5
216,141.05
217,141.6
218,142.15
219,142.775
220,143.35
221,143.9
222,144.45
223,145.0
224,145.55
225,146.175
226,146.825
227,147.525
228,148.225
229,148.925
230,149.55
231,150.1
232,150.65
233,151.2
234,151.75
235,152.35
236,153.0
237,153.55
238,154.1
239,154.725
240,155.25
241,155.75
242,156.45
243,157.125
244,157.675
245,158.225
246,158.775
247,159.4
248,160.05
249,160.625
250,161.175
251,161.725
252,162.275
253,162.825
254,163.45
255,164.025
256,164.575
257,165.125
258,165.675
259,166.225
260,166.825
261,167.475
262,168.025
263,168.575
264,169.2
265,169.85
266,170.55
267,171.25
268,171.875
269,172.425
270,172.975
271,173.525
272,174.075
273,174.675
274,175.325
275,175.875
276,176.425
277,177.025
278,177.675
279,178.225
280,178.825
281,179.475
282,180.025
283,180.575
284,181.175
285,181.825
286,182.375
287,182.925
288,183.55
289,184.2
290,184.9
291,185.525
292,186.075
293,186.625
294,187.175
295,187.725
296,188.325
297,188.975
298,189.525
299,190.075
300,190.675
301,191.325
302,191.875
303,192.475
304,193.125
305,193.675
306,194.225
307,194.825
308,195.475
309,196.025
310,196.575
311,197.2
312,197.85
313,198.55
314,199.175
315,199.725
316,200.275
317,200.825
318,201.375
319,201.975
320,202.625
321,203.175
322,203.725
323,204.325
324,204.975
325,205.525
326,206.125
327,206.775
328,207.325
329,207.875
330,208.475
331,209.125
332,209.675
333,210.225
334,210.85
335,211.5
336,212.2
337,212.825
338,213.375
339,213.925
340,214.475
341,215.025
342,215.625
343,216.275
344,216.825
345,217.375
346,217.975
347,218.625
348,219.175
349,219.775
350,220.425
351,220.975
352,221.525
353,222.125
354,222.775
355,223.325
356,223.875
357,224.5
358,225.15
359,225.85
360,226.475
361,227.025
362,227.575
363,228.125
364,228.675
365,229.275
366,229.925
367,230.475
368,231.025
369,231.625
370,232.275
371,232.825
372,233.425
373,234.075
374,234.625
375,235.175
376,235.775
377,236.425
378,236.975
379,237.525
380,238.15
381,238.8
382,239.5
383,240.125
384,240.675
385,241.225
386,241.775
387,242.325
388,242.925
389,243.575
390,244.125
391,244.675
392,245.275
393,245.925
394,246.475
395,247.075
396,247.725
397,248.275
398,248.825
399,249.425
400,250.075
401,250.625
402,251.175
403,251.8
404,252.45
405,253.15
406,253.775
407,254.325
408,254.875
409,255.425
410,255.975
411,256.575
412,257.225
413,257.775
414,258.325
415,258.925
416,259.575
417,260.125
418,260.725
419,261.375
420,261.925
421,262.475
422,263.075
423,263.725
424,264.275
425,264.825
426,265.45
427,266.1
428,266.8
429,267.425
430,267.975
431,268.525
432,269.075
433,269.625
434,270.225
435,270.875
436,271.425
437,271.975
438,272.575
439,273.225
440,273.775
441,274.375
442,275.025
443,275.575
444,276.125
445,276.725
446,277.375
447,277.925
448,278.475
449,279.1
450,279.75
451,280.45
452,281.075
453,281.625
454,282.175
455,282.725
456,283.275
457,283.875
458,284.525
459,285.075
460,285.625
461,286.225
462,286.875
463,287.425
464,288.025
465,288.675
466,289.225
467,289.775
468,290.375
469,291.025
470,291.575
471,292.125
472,292.75
473,293.4
474,294.1
475,294.725
476,295.275
477,295.825
478,296.375
479,296.925
480,297.525
481,298.175
482,298.725
483,299.275
484,299.875
485,300.525
486,301.075
487,301.675
488,302.325
489,302.875
490,303.425
491,304.025
492,304.675
493,305.225
494,305.775
495,306.4
496,307.05
497,307.75
498,308.375
499,308.925
0,1.05
1,2.025
2,2.925
3,3.875
4,4.775
5,5.675
6,6.575
7,7.3
8,8.25
9,9.15
10,10.05
11,10.775
12,11.725
13,12.625
14,13.475
15,14.125
16,14.975
17,15.8
18,16.675
19,17.525
20,18.35
21,19.2
22,20.025
23,20.75
24,21.525
25,22.3
26,23.075
27,23.8
28,24.525
29,25.25
30,26.075
31,26.85
32,27.625
33,28.175
34,28.95
35,29.45
36,30.175
37,30.675
38,31.225
39,31.85
40,32.35
41,32.9
42,33.625
43,34.35
44,35.075
45,35.8
46,36.425
47,36.925
48,37.375
49,38.1
50,38.825
51,39.55
52,40.05
53,40.725
54,41.45
55,42.0
56,42.45
57,43.175
58,43.675
59,44.35
60,45.075
61,45.625
62,46.075
63,46.8
64,47.3
65,48.025
66,48.575
67,49.025
68,49.75
69,50.25
70,50.925
71,51.65
72,52.2
73,52.65
74,53.375
75,53.875
76,54.6
77,55.15
78,55.6
79,56.325
80,56.825
81,57.55
82,58.1
83,58.65
84,59.375
85,59.925
86,60.375
87,61.05
88,61.775
89,62.325
90,63.0
91,63.725
92,64.275
93,64.725
94,65.4
95,66.125
96,66.675
97,67.35
98,68.075
99,68.575
100,69.3
101,69.85
102,70.4
103,71.125
104,71.675
105,72.125
106,72.85
107,73.35
108,74.075
109,74.625
110,75.175
111,75.9
112,76.45
113,76.9
114,77.575
115,78.35
116,79.125
117,79.675
118,80.35
119,81.125
120,81.725
121,82.275
122,83.05
123,83.6
124,84.375
125,84.975
126,85.525
127,86.125
128,86.675
129,87.225
130,88.0
131,88.55
132,89.325
133,89.875
134,90.475
135,91.025
136,91.575
137,92.125
138,92.675
139,93.275
140,93.825
141,94.375
142,94.925
143,95.7
144,96.25
145,97.025
146,97.575
147,98.125
148,98.625
149,99.175
150,99.725
151,100.275
152,100.775
153,101.325
154,101.875
155,102.65
156,103.2
157,103.75
158,104.25
159,104.8
160,105.35
161,106.125
162,106.675
163,107.225
164,107.725
165,108.275
166,108.825
167,109.6
168,110.15
169,110.7
170,111.2
171,111.75
172,112.3
173,113.075
174,113.625
175,114.175
176,114.725
177,115.275
178,115.825
179,116.325
180,116.875
181,117.425
182,117.975
183,118.525
184,119.075
185,119.575
186,120.075
187,120.625
188,121.175
189,121.725
190,122.5
191,123.05
192,123.6
193,124.15
194,124.7
195,125.25
196,125.8
197,126.3
198,126.8
199,127.35
200,127.9
201,128.45
202,129.225
203,129.775
204,130.325
205,130.875
206,131.375
207,131.875
208,132.425
209,132.975
210,133.525
211,134.075
212,134.625
213,135.125
214,135.625
215,136.175
216,136.725
217,137.275
218,137.825
219,138.375
220,138.875
221,139.375
222,139.925
223,140.475
224,141.025
225,141.575
226,142.125
227,142.625
228,143.175
229,143.675
230,144.225
231,144.725
232,145.225
233,145.775
234,146.325
235,146.875
236,147.425
237,147.975
238,148.475
239,148.975
240,149.525
241,150.075
242,150.625
243,151.175
244,151.725
245,152.225
246,152.775
247,153.275
248,153.825
249,154.325
250,154.825
251,155.375
252,155.925
253,156.475
254,157.025
255,157.575
256,158.075
257,158.575
258,159.125
259,159.675
260,160.225
261,160.775
262,161.325
263,161.825
264,162.375
265,162.875
266,163.425
267,163.925
268,164.425
269,164.975
270,165.525
271,166.075
272,166.625
273,167.175
274,167.675
275,168.175
276,168.725
277,169.275
278,169.825
279,170.375
280,170.925
281,171.425
282,171.975
283,172.475
284,173.025
285,173.525
286,174.025
287,174.575
288,175.125
289,175.675
290,176.225
291,176.775
292,177.275
293,177.775
294,178.325
295,178.875
296,179.425
297,179.975
298,180.525
299,181.025
300,181.575
301,182.075
302,182.625
303,183.125
304,183.625
305,184.175
306,184.725
307,185.275
308,185.825
309,186.375
310,186.875
311,187.375
312,187.925
313,188.475
314,189.025
315,189.575
316,190.125
317,190.625
318,191.175
319,191.675
320,192.225
321,192.725
322,193.225
323,193.775
324,194.325
325,194.875
326,195.425
327,195.975
328,196.475
329,196.975
330,197.525
331,198.075
332,198.625
333,199.175
334,199.725
335,200.225
336,200.775
337,201.275
338,201.825
339,202.325
340,202.825
341,203.375
342,203.925
343,204.475
344,205.025
345,205.575
346,206.075
347,206.575
348,207.125
349,207.675
350,208.225
351,208.775
352,209.325
353,209.825
354,210.375
355,210.875
356,211.425
357,211.925
358,212.425
359,212.975
360,213.525
361,214.075
362,214.625
363,215.175
364,215.675
365,216.175
366,216.725
367,217.275
368,217.825
369,218.375
370,218.925
371,219.425
372,219.975
373,220.475
374,221.025
375,221.525
376,222.025
377,222.575
378,223.125
379,223.675
380,224.225
381,224.775
382,225.275
383,225.775
384,226.325
385,226.875
386,227.425
387,227.975
388,228.525
389,229.025
390,229.575
391,230.075
392,230.625
393,231.125
394,231.625
395,232.175
396,232.725
397,233.275
398,233.825
399,234.375
400,234.875
401,235.375
402,235.925
403,236.475
404,237.025
405,237.575
406,238.125
407,238.625
408,239.175
409,239.675
410,240.225
411,240.725
412,241.225
413,241.775
414,242.325
415,242.875
416,243.425
417,243.975
418,244.475
419,244.975
420,245.525
421,246.075
422,246.625
423,247.175
424,247.725
425,248.225
426,248.775
427,249.275
428,249.825
429,250.325
430,250.825
431,251.375
432,251.925
433,252.475
434,253.025
435,253.575
436,254.075
437,254.575
438,255.125
439,255.675
440,256.225
441,256.775
442,257.325
443,257.825
444,258.375
445,258.875
446,259.425
447,259.925
448,260.425
449,260.975
450,261.525
451,262.075
452,262.625
453,263.175
454,263.675
455,264.175
456,264.725
457,265.275
458,265.825
459,266.375
460,266.925
461,267.425
462,267.975
463,268.475
464,269.025
465,269.525
466,270.025
467,270.575
468,271.125
469,271.675
470,272.225
471,272.775
472,273.275
473,273.775
474,274.325
475,274.875
476,275.425
477,275.975
478,276.525
479,277.025
480,277.575
481,278.075
482,278.625
483,279.125
484,279.625
485,280.175
486,280.725
487,281.275
488,281.825
489,282.375
490,282.875
491,283.375
492,283.925
493,284.475
494,285.025
495,285.575
496,286.125
497,286.625
498,287.175
499,287.675
