0,0.234375
1,0.375
2,0.4375
3,0.609375
4,0.75
5,0.890625
6,1.03125
7,1.171875
8,1.28125
9,1.375
10,1.453125
11,1.546875
12,1.6875
13,1.71875
14,1.765625
15,1.828125
16,1.90625
17,1.96875
18,2.015625
19,2.078125
20,2.109375
21,2.1875
22,2.203125
23,2.234375
24,2.296875
25,2.3125
26,2.34375
27,2.40625
28,2.4375
29,2.453125
30,2.515625
31,2.546875
32,2.5625
33,2.625
34,2.65625
35,2.671875
36,2.734375
37,2.765625
38,2.78125
39,2.84375
40,2.875
41,2.890625
42,2.953125
43,2.984375
44,3.0
45,3.0625
46,3.078125
47,3.109375
48,3.140625
49,3.203125
50,3.21875
51,3.25
52,3.3125
53,3.34375
54,3.359375
55,3.421875
56,3.453125
57,3.46875
58,3.53125
59,3.546875
60,3.578125
61,3.640625
62,3.65625
63,3.6875
64,3.71875
65,3.71875
66,3.71875
67,3.71875
68,3.71875
69,3.71875
70,3.71875
71,3.71875
72,3.71875
73,3.71875
74,3.71875
75,3.71875
76,3.71875
77,3.71875
78,3.71875
79,3.71875
80,3.71875
81,3.71875
82,3.71875
83,3.71875
84,3.71875
85,3.71875
86,3.71875
87,3.71875
88,3.71875
89,3.71875
90,3.71875
91,3.71875
92,3.71875
93,3.71875
94,3.71875
95,3.71875
96,3.71875
97,3.71875
98,3.71875
99,3.71875
100,3.71875
101,3.71875
102,3.71875
103,3.71875
104,3.71875
105,3.71875
106,3.71875
107,3.71875
108,3.71875
109,3.71875
110,3.71875
111,3.71875
112,3.71875
113,3.71875
114,3.71875
115,3.71875
116,3.71875
117,3.71875
118,3.71875
119,3.71875
120,3.71875
121,3.71875
122,3.71875
123,3.71875
124,3.71875
125,3.71875
126,3.71875
127,3.71875
128,3.71875
129,3.71875
130,3.71875
131,3.71875
132,3.71875
133,3.71875
134,3.71875
135,3.71875
136,3.71875
137,3.71875
138,3.71875
139,3.71875
140,3.71875
141,3.71875
142,3.71875
143,3.71875
144,3.71875
145,3.71875
146,3.71875
147,3.71875
148,3.71875
149,3.71875
150,3.71875
151,3.71875
152,3.71875
153,3.71875
154,3.71875
155,3.71875
156,3.71875
157,3.71875
158,3.71875
159,3.71875
160,3.71875
161,3.71875
162,3.71875
163,3.71875
164,3.71875
165,3.71875
166,3.71875
167,3.71875
168,3.71875
169,3.71875
170,3.71875
171,3.71875
172,3.71875
173,3.71875
174,3.71875
175,3.71875
176,3.71875
177,3.71875
178,3.71875
179,3.71875
180,3.71875
181,3.71875
182,3.71875
183,3.71875
184,3.71875
185,3.71875
186,3.71875
187,3.71875
188,3.71875
189,3.71875
190,3.71875
191,3.71875
192,3.71875
193,3.71875
194,3.71875
195,3.71875
196,3.71875
197,3.71875
198,3.71875
199,3.71875
200,3.71875
201,3.71875
202,3.71875
203,3.71875
204,3.71875
205,3.71875
206,3.71875
207,3.71875
208,3.71875
209,3.71875
210,3.71875
211,3.71875
212,3.71875
213,3.71875
214,3.71875
215,3.71875
216,3.71875
217,3.71875
218,3.71875
219,3.71875
220,3.71875
221,3.71875
222,3.71875
223,3.71875
224,3.71875
225,3.71875
226,3.71875
227,3.71875
228,3.71875
229,3.71875
230,3.71875
231,3.71875
232,3.71875
233,3.71875
234,3.71875
235,3.71875
236,3.71875
237,3.71875
238,3.71875
239,3.71875
240,3.71875
241,3.71875
242,3.71875
243,3.71875
244,3.71875
245,3.71875
246,3.71875
247,3.71875
248,3.71875
249,3.71875
250,3.71875
251,3.71875
252,3.71875
253,3.71875
254,3.71875
255,3.71875
256,3.71875
257,3.71875
258,3.71875
259,3.71875
260,3.71875
261,3.71875
262,3.71875
263,3.71875
264,3.71875
265,3.71875
266,3.71875
267,3.71875
268,3.71875
269,3.71875
270,3.71875
271,3.71875
272,3.71875
273,3.71875
274,3.71875
275,3.71875
276,3.71875
277,3.71875
278,3.71875
279,3.71875
280,3.71875
281,3.71875
282,3.71875
283,3.71875
284,3.71875
285,3.71875
286,3.71875
287,3.71875
288,3.71875
289,3.71875
290,3.71875
291,3.71875
292,3.71875
293,3.71875
294,3.71875
295,3.71875
296,3.71875
297,3.71875
298,3.71875
299,3.71875
300,3.71875
301,3.71875
302,3.71875
303,3.71875
304,3.71875
305,3.71875
306,3.71875
307,3.71875
308,3.71875
309,3.71875
310,3.71875
311,3.71875
312,3.71875
313,3.71875
314,3.71875
315,3.71875
316,3.71875
317,3.71875
318,3.71875
319,3.71875
320,3.71875
321,3.71875
322,3.71875
323,3.71875
324,3.71875
325,3.71875
326,3.71875
327,3.71875
328,3.71875
329,3.71875
330,3.71875
331,3.71875
332,3.71875
333,3.71875
334,3.71875
335,3.71875
336,3.71875
337,3.71875
338,3.71875
339,3.71875
340,3.71875
341,3.71875
342,3.71875
343,3.71875
344,3.71875
345,3.71875
346,3.71875
347,3.71875
348,3.71875
349,3.71875
350,3.71875
351,3.71875
352,3.71875
353,3.71875
354,3.71875
355,3.71875
356,3.71875
357,3.71875
358,3.71875
359,3.71875
360,3.71875
361,3.71875
362,3.71875
363,3.71875
364,3.71875
365,3.71875
366,3.71875
367,3.71875
368,3.71875
369,3.71875
370,3.71875
371,3.71875
372,3.71875
373,3.71875
374,3.71875
375,3.71875
376,3.71875
377,3.71875
378,3.71875
379,3.71875
380,3.71875
381,3.71875
382,3.71875
383,3.71875
384,3.71875
385,3.71875
386,3.71875
387,3.71875
388,3.71875
389,3.71875
390,3.71875
391,3.71875
392,3.71875
393,3.71875
394,3.71875
395,3.71875
396,3.71875
397,3.71875
398,3.71875
399,3.71875
400,3.71875
401,3.71875
402,3.71875
403,3.71875
404,3.71875
405,3.71875
406,3.71875
407,3.71875
408,3.71875
409,3.71875
410,3.71875
411,3.71875
412,3.71875
413,3.71875
414,3.71875
415,3.71875
416,3.71875
417,3.71875
418,3.71875
419,3.71875
420,3.71875
421,3.71875
422,3.71875
423,3.71875
424,3.71875
425,3.71875
426,3.71875
427,3.71875
428,3.71875
429,3.71875
430,3.71875
431,3.71875
432,3.71875
433,3.71875
434,3.71875
435,3.71875
436,3.71875
437,3.71875
438,3.71875
439,3.71875
440,3.71875
441,3.71875
442,3.71875
443,3.71875
444,3.71875
445,3.71875
446,3.71875
447,3.71875
448,3.71875
449,3.71875
450,3.71875
451,3.71875
452,3.71875
453,3.71875
454,3.71875
455,3.71875
456,3.71875
457,3.71875
458,3.71875
459,3.71875
460,3.71875
461,3.71875
462,3.71875
463,3.71875
464,3.71875
465,3.71875
466,3.71875
467,3.71875
468,3.71875
469,3.71875
470,3.71875
471,3.71875
472,3.71875
473,3.71875
474,3.71875
475,3.71875
476,3.71875
477,3.71875
478,3.71875
479,3.71875
480,3.71875
481,3.71875
482,3.71875
483,3.71875
484,3.71875
485,3.71875
486,3.71875
487,3.71875
488,3.71875
489,3.71875
490,3.71875
491,3.71875
492,3.71875
493,3.71875
494,3.71875
495,3.71875
496,3.71875
497,3.71875
498,3.71875
499,3.71875
0,0.046875
1,0.078125
2,0.140625
3,0.171875
4,0.21875
5,0.25
6,0.28125
7,0.34375
8,0.375
9,0.390625
10,0.453125
11,0.484375
12,0.53125
13,0.5625
14,0.625
15,0.65625
16,0.703125
17,0.734375
18,0.734375
19,0.734375
20,0.734375
21,0.734375
22,0.734375
23,0.734375
24,0.734375
25,0.734375
26,0.734375
27,0.734375
28,0.734375
29,0.734375
30,0.734375
31,0.734375
32,0.734375
33,0.734375
34,0.734375
35,0.734375
36,0.734375
37,0.734375
38,0.734375
39,0.734375
40,0.734375
41,0.734375
42,0.734375
43,0.734375
44,0.734375
45,0.734375
46,0.734375
47,0.734375
48,0.734375
49,0.734375
50,0.734375
51,0.734375
52,0.734375
53,0.734375
54,0.734375
55,0.734375
56,0.734375
57,0.734375
58,0.734375
59,0.734375
60,0.734375
61,0.734375
62,0.734375
63,0.734375
64,0.734375
65,0.734375
66,0.734375
67,0.734375
68,0.734375
69,0.734375
70,0.734375
71,0.734375
72,0.734375
73,0.734375
74,0.734375
75,0.734375
76,0.734375
77,0.734375
78,0.734375
79,0.734375
80,0.734375
81,0.734375
82,0.734375
83,0.734375
84,0.734375
85,0.734375
86,0.734375
87,0.734375
88,0.734375
89,0.734375
90,0.734375
91,0.734375
92,0.734375
93,0.734375
94,0.734375
95,0.734375
96,0.734375
97,0.734375
98,0.734375
99,0.734375
100,0.734375
101,0.734375
102,0.734375
103,0.734375
104,0.734375
105,0.734375
106,0.734375
107,0.734375
108,0.734375
109,0.734375
110,0.734375
111,0.734375
112,0.734375
113,0.734375
114,0.734375
115,0.734375
116,0.734375
117,0.734375
118,0.734375
119,0.734375
120,0.734375
121,0.734375
122,0.734375
123,0.734375
124,0.734375
125,0.734375
126,0.734375
127,0.734375
128,0.734375
129,0.734375
130,0.734375
131,0.734375
132,0.734375
133,0.734375
134,0.734375
135,0.734375
136,0.734375
137,0.734375
138,0.734375
139,0.734375
140,0.734375
141,0.734375
142,0.734375
143,0.734375
144,0.734375
145,0.734375
146,0.734375
147,0.734375
148,0.734375
149,0.734375
150,0.734375
151,0.734375
152,0.734375
153,0.734375
154,0.734375
155,0.734375
156,0.734375
157,0.734375
158,0.734375
159,0.734375
160,0.734375
161,0.734375
162,0.734375
163,0.734375
164,0.734375
165,0.734375
166,0.734375
167,0.734375
168,0.734375
169,0.734375
170,0.734375
171,0.734375
172,0.734375
173,0.734375
174,0.734375
175,0.734375
176,0.734375
177,0.734375
178,0.734375
179,0.734375
180,0.734375
181,0.734375
182,0.734375
183,0.734375
184,0.734375
185,0.734375
186,0.734375
187,0.734375
188,0.734375
189,0.734375
190,0.734375
191,0.734375
192,0.734375
193,0.734375
194,0.734375
195,0.734375
196,0.734375
197,0.734375
198,0.734375
199,0.734375
200,0.734375
201,0.734375
202,0.734375
203,0.734375
204,0.734375
205,0.734375
206,0.734375
207,0.734375
208,0.734375
209,0.734375
210,0.734375
211,0.734375
212,0.734375
213,0.734375
214,0.734375
215,0.734375
216,0.734375
217,0.734375
218,0.734375
219,0.734375
220,0.734375
221,0.734375
222,0.734375
223,0.734375
224,0.734375
225,0.734375
226,0.734375
227,0.734375
228,0.734375
229,0.734375
230,0.734375
231,0.734375
232,0.734375
233,0.734375
234,0.734375
235,0.734375
236,0.734375
237,0.734375
238,0.734375
239,0.734375
240,0.734375
241,0.734375
242,0.734375
243,0.734375
244,0.734375
245,0.734375
246,0.734375
247,0.734375
248,0.734375
249,0.734375
250,0.734375
251,0.734375
252,0.734375
253,0.734375
254,0.734375
255,0.734375
256,0.734375
257,0.734375
258,0.734375
259,0.734375
260,0.734375
261,0.734375
262,0.734375
263,0.734375
264,0.734375
265,0.734375
266,0.734375
267,0.734375
268,0.734375
269,0.734375
270,0.734375
271,0.734375
272,0.734375
273,0.734375
274,0.734375
275,0.734375
276,0.734375
277,0.734375
278,0.734375
279,0.734375
280,0.734375
281,0.734375
282,0.734375
283,0.734375
284,0.734375
285,0.734375
286,0.734375
287,0.734375
288,0.734375
289,0.734375
290,0.734375
291,0.734375
292,0.734375
293,0.734375
294,0.734375
295,0.734375
296,0.734375
297,0.734375
298,0.734375
299,0.734375
300,0.734375
301,0.734375
302,0.734375
303,0.734375
304,0.734375
305,0.734375
306,0.734375
307,0.734375
308,0.734375
309,0.734375
310,0.734375
311,0.734375
312,0.734375
313,0.734375
314,0.734375
315,0.734375
316,0.734375
317,0.734375
318,0.734375
319,0.734375
320,0.734375
321,0.734375
322,0.734375
323,0.734375
324,0.734375
325,0.734375
326,0.734375
327,0.734375
328,0.734375
329,0.734375
330,0.734375
331,0.734375
332,0.734375
333,0.734375
334,0.734375
335,0.734375
336,0.734375
337,0.734375
338,0.734375
339,0.734375
340,0.734375
341,0.734375
342,0.734375
343,0.734375
344,0.734375
345,0.734375
346,0.734375
347,0.734375
348,0.734375
349,0.734375
350,0.734375
351,0.734375
352,0.734375
353,0.734375
354,0.734375
355,0.734375
356,0.734375
357,0.734375
358,0.734375
359,0.734375
360,0.734375
361,0.734375
362,0.734375
363,0.734375
364,0.734375
365,0.734375
366,0.734375
367,0.734375
368,0.734375
369,0.734375
370,0.734375
371,0.734375
372,0.734375
373,0.734375
374,0.734375
375,0.734375
376,0.734375
377,0.734375
378,0.734375
379,0.734375
380,0.734375
381,0.734375
382,0.734375
383,0.734375
384,0.734375
385,0.734375
386,0.734375
387,0.734375
388,0.734375
389,0.734375
390,0.734375
391,0.734375
392,0.734375
393,0.734375
394,0.734375
395,0.734375
396,0.734375
397,0.734375
398,0.734375
399,0.734375
400,0.734375
401,0.734375
402,0.734375
403,0.734375
404,0.734375
405,0.734375
406,0.734375
407,0.734375
408,0.734375
409,0.734375
410,0.734375
411,0.734375
412,0.734375
413,0.734375
414,0.734375
415,0.734375
416,0.734375
417,0.734375
418,0.734375
419,0.734375
420,0.734375
421,0.734375
422,0.734375
423,0.734375
424,0.734375
425,0.734375
426,0.734375
427,0.734375
428,0.734375
429,0.734375
430,0.734375
431,0.734375
432,0.734375
433,0.734375
434,0.734375
435,0.734375
436,0.734375
437,0.734375
438,0.734375
439,0.734375
440,0.734375
441,0.734375
442,0.734375
443,0.734375
444,0.734375
445,0.734375
446,0.734375
447,0.734375
448,0.734375
449,0.734375
450,0.734375
451,0.734375
452,0.734375
453,0.734375
454,0.734375
455,0.734375
456,0.734375
457,0.734375
458,0.734375
459,0.734375
460,0.734375
461,0.734375
462,0.734375
463,0.734375
464,0.734375
465,0.734375
466,0.734375
467,0.734375
468,0.734375
469,0.734375
470,0.734375
471,0.734375
472,0.734375
473,0.734375
474,0.734375
475,0.734375
476,0.734375
477,0.734375
478,0.734375
479,0.734375
480,0.734375
481,0.734375
482,0.734375
483,0.734375
484,0.734375
485,0.734375
486,0.734375
487,0.734375
488,0.734375
489,0.734375
490,0.734375
491,0.734375
492,0.734375
493,0.734375
494,0.734375
495,0.734375
496,0.734375
497,0.734375
498,0.734375
499,0.734375
0,0.0625
1,0.078125
2,0.109375
3,0.171875
4,0.203125
5,0.25
6,0.28125
7,0.34375
8,0.375
9,0.421875
10,0.484375
11,0.515625
12,0.5625
13,0.625
14,0.65625
15,0.734375
16,0.765625
17,0.78125
18,0.84375
19,0.875
20,0.890625
21,0.953125
22,0.984375
23,1.0
24,1.0625
25,1.09375
26,1.109375
27,1.171875
28,1.203125
29,1.21875
30,1.28125
31,1.3125
32,1.328125
33,1.390625
34,1.421875
35,1.4375
36,1.5
37,1.53125
38,1.546875
39,1.609375
40,1.640625
41,1.6875
42,1.75
43,1.78125
44,1.828125
45,1.890625
46,1.921875
47,1.96875
48,2.03125
49,2.046875
50,2.078125
51,2.109375
52,2.140625
53,2.203125
54,2.21875
55,2.25
56,2.28125
57,2.3125
58,2.375
59,2.390625
60,2.421875
61,2.453125
62,2.484375
63,2.546875
64,2.5625
65,2.59375
66,2.625
67,2.65625
68,2.71875
69,2.734375
70,2.765625
71,2.796875
72,2.859375
73,2.890625
74,2.90625
75,2.96875
76,2.984375
77,3.015625
78,3.046875
79,3.078125
80,3.140625
81,3.15625
82,3.1875
83,3.21875
84,3.25
85,3.3125
86,3.328125
87,3.359375
88,3.390625
89,3.421875
90,3.484375
91,3.5
92,3.53125
93,3.5625
94,3.59375
95,3.65625
96,3.671875
97,3.703125
98,3.734375
99,3.765625
100,3.828125
101,3.84375
102,3.875
103,3.90625
104,3.96875
105,3.984375
106,4.015625
107,4.046875
108,4.078125
109,4.140625
110,4.15625
111,4.1875
112,4.21875
113,4.25
114,4.28125
115,4.34375
116,4.359375
117,4.390625
118,4.421875
119,4.484375
120,4.5
121,4.53125
122,4.5625
123,4.59375
124,4.65625
125,4.671875
126,4.703125
127,4.734375
128,4.765625
129,4.796875
130,4.859375
131,4.875
132,4.90625
133,4.9375
134,5.0
135,5.015625
136,5.046875
137,5.078125
138,5.109375
139,5.140625
140,5.203125
141,5.21875
142,5.25
143,5.28125
144,5.34375
145,5.359375
146,5.390625
147,5.421875
148,5.453125
149,5.515625
150,5.53125
151,5.5625
152,5.59375
153,5.625
154,5.65625
155,5.71875
156,5.734375
157,5.765625
158,5.796875
159,5.828125
160,5.859375
161,5.921875
162,5.9375
163,5.96875
164,6.0
165,6.03125
166,6.09375
167,6.109375
168,6.140625
169,6.171875
170,6.203125
171,6.265625
172,6.28125
173,6.3125
174,6.34375
175,6.375
176,6.4375
177,6.453125
178,6.484375
179,6.515625
180,6.546875
181,6.578125
182,6.640625
183,6.65625
184,6.6875
185,6.71875
186,6.75
187,6.78125
188,6.84375
189,6.859375
190,6.890625
191,6.921875
192,6.953125
193,7.015625
194,7.03125
195,7.0625
196,7.09375
197,7.125
198,7.1875
199,7.203125
200,7.234375
201,7.265625
202,7.296875
203,7.359375
204,7.375
205,7.40625
206,7.4375
207,7.46875
208,7.5
209,7.5
210,7.5
211,7.5
212,7.5
213,7.5
214,7.5
215,7.5
216,7.5
217,7.5
218,7.5
219,7.5
220,7.5
221,7.5
222,7.5
223,7.5
224,7.5
225,7.5
226,7.5
227,7.5
228,7.5
229,7.5
230,7.5
231,7.5
232,7.5
233,7.5
234,7.5
235,7.5
236,7.5
237,7.5
238,7.5
239,7.5
240,7.5
241,7.5
242,7.5
243,7.5
244,7.5
245,7.5
246,7.5
247,7.5
248,7.5
249,7.5
250,7.5
251,7.5
252,7.5
253,7.5
254,7.5
255,7.5
256,7.5
257,7.5
258,7.5
259,7.5
260,7.5
261,7.5
262,7.5
263,7.5
264,7.5
265,7.5
266,7.5
267,7.5
268,7.5
269,7.5
270,7.5
271,7.5
272,7.5
273,7.5
274,7.5
275,7.5
276,7.5
277,7.5
278,7.5
279,7.5
280,7.5
281,7.5
282,7.5
283,7.5
284,7.5
285,7.5
286,7.5
287,7.5
288,7.5
289,7.5
290,7.5
291,7.5
292,7.5
293,7.5
294,7.5
295,7.5
296,7.5
297,7.5
298,7.5
299,7.5
300,7.5
301,7.5
302,7.5
303,7.5
304,7.5
305,7.5
306,7.5
307,7.5
308,7.5
309,7.5
310,7.5
311,7.5
312,7.5
313,7.5
314,7.5
315,7.5
316,7.5
317,7.5
318,7.5
319,7.5
320,7.5
321,7.5
322,7.5
323,7.5
324,7.5
325,7.5
326,7.5
327,7.5
328,7.5
329,7.5
330,7.5
331,7.5
332,7.5
333,7.5
334,7.5
335,7.5
336,7.5
337,7.5
338,7.5
339,7.5
340,7.5
341,7.5
342,7.5
343,7.5
344,7.5
345,7.5
346,7.5
347,7.5
348,7.5
349,7.5
350,7.5
351,7.5
352,7.5
353,7.5
354,7.5
355,7.5
356,7.5
357,7.5
358,7.5
359,7.5
360,7.5
361,7.5
362,7.5
363,7.5
364,7.5
365,7.5
366,7.5
367,7.5
368,7.5
369,7.5
370,7.5
371,7.5
372,7.5
373,7.5
374,7.5
375,7.5
376,7.5
377,7.5
378,7.5
379,7.5
380,7.5
381,7.5
382,7.5
383,7.5
384,7.5
385,7.5
386,7.5
387,7.5
388,7.5
389,7.5
390,7.5
391,7.5
392,7.5
393,7.5
394,7.5
395,7.5
396,7.5
397,7.5
398,7.5
399,7.5
400,7.5
401,7.5
402,7.5
403,7.5
404,7.5
405,7.5
406,7.5
407,7.5
408,7.5
409,7.5
410,7.5
411,7.5
412,7.5
413,7.5
414,7.5
415,7.5
416,7.5
417,7.5
418,7.5
419,7.5
420,7.5
421,7.5
422,7.5
423,7.5
424,7.5
425,7.5
426,7.5
427,7.5
428,7.5
429,7.5
430,7.5
431,7.5
432,7.5
433,7.5
434,7.5
435,7.5
436,7.5
437,7.5
438,7.5
439,7.5
440,7.5
441,7.5
442,7.5
443,7.5
444,7.5
445,7.5
446,7.5
447,7.5
448,7.5
449,7.5
450,7.5
451,7.5
452,7.5
453,7.5
454,7.5
455,7.5
456,7.5
457,7.5
458,7.5
459,7.5
460,7.5
461,7.5
462,7.5
463,7.5
464,7.5
465,7.5
466,7.5
467,7.5
468,7.5
469,7.5
470,7.5
471,7.5
472,7.5
473,7.5
474,7.5
475,7.5
476,7.5
477,7.5
478,7.5
479,7.5
480,7.5
481,7.5
482,7.5
483,7.5
484,7.5
485,7.5
486,7.5
487,7.5
488,7.5
489,7.5
490,7.5
491,7.5
492,7.5
493,7.5
494,7.5
495,7.5
496,7.5
497,7.5
498,7.5
499,7.5
0,0.046875
1,0.09375
2,0.125
3,0.140625
4,0.203125
5,0.234375
6,0.25
7,0.3125
8,0.34375
9,0.359375
10,0.421875
11,0.4375
12,0.46875
13,0.5
14,0.5625
15,0.578125
16,0.609375
17,0.671875
18,0.703125
19,0.71875
20,0.78125
21,0.8125
22,0.828125
23,0.890625
24,0.921875
25,0.9375
26,1.0
27,1.03125
28,1.046875
29,1.109375
30,1.140625
31,1.15625
32,1.21875
33,1.234375
34,1.265625
35,1.296875
36,1.359375
37,1.375
38,1.40625
39,1.4375
40,1.5
41,1.515625
42,1.546875
43,1.609375
44,1.640625
45,1.65625
46,1.71875
47,1.734375
48,1.765625
49,1.796875
50,1.859375
51,1.875
52,1.90625
53,1.9375
54,2.0
55,2.015625
56,2.046875
57,2.109375
58,2.140625
59,2.15625
60,2.21875
61,2.234375
62,2.265625
63,2.296875
64,2.359375
65,2.375
66,2.40625
67,2.4375
68,2.5
69,2.515625
70,2.546875
71,2.578125
72,2.640625
73,2.65625
74,2.6875
75,2.75
76,2.765625
77,2.796875
78,2.828125
79,2.890625
80,2.90625
81,2.9375
82,3.0
83,3.015625
84,3.046875
85,3.078125
86,3.140625
87,3.15625
88,3.1875
89,3.21875
90,3.265625
91,3.296875
92,3.328125
93,3.359375
94,3.421875
95,3.4375
96,3.46875
97,3.5
98,3.546875
99,3.578125
100,3.609375
101,3.640625
102,3.703125
103,3.71875
104,3.75
105,3.78125
106,3.828125
107,3.859375
108,3.890625
109,3.921875
110,3.953125
111,4.0
112,4.03125
113,4.0625
114,4.09375
115,4.125
116,4.15625
117,4.203125
118,4.234375
119,4.265625
120,4.296875
121,4.34375
122,4.375
123,4.40625
124,4.4375
125,4.46875
126,4.515625
127,4.546875
128,4.578125
129,4.609375
130,4.640625
131,4.6875
132,4.71875
133,4.75
134,4.78125
135,4.8125
136,4.84375
137,4.890625
138,4.921875
139,4.953125
140,4.984375
141,5.015625
142,5.0625
143,5.09375
144,5.125
145,5.15625
146,5.1875
147,5.21875
148,5.265625
149,5.296875
150,5.328125
151,5.359375
152,5.390625
153,5.421875
154,5.46875
155,5.5
156,5.53125
157,5.5625
158,5.59375
159,5.640625
160,5.671875
161,5.703125
162,5.734375
163,5.765625
164,5.796875
165,5.84375
166,5.875
167,5.90625
168,5.9375
169,5.96875
170,6.0
171,6.046875
172,6.078125
173,6.109375
174,6.140625
175,6.171875
176,6.21875
177,6.25
178,6.28125
179,6.3125
180,6.34375
181,6.375
182,6.421875
183,6.453125
184,6.484375
185,6.515625
186,6.546875
187,6.578125
188,6.609375
189,6.609375
190,6.609375
191,6.609375
192,6.609375
193,6.609375
194,6.609375
195,6.609375
196,6.609375
197,6.609375
198,6.609375
199,6.609375
200,6.609375
201,6.609375
202,6.609375
203,6.609375
204,6.609375
205,6.609375
206,6.609375
207,6.609375
208,6.609375
209,6.609375
210,6.609375
211,6.609375
212,6.609375
213,6.609375
214,6.609375
215,6.609375
216,6.609375
217,6.609375
218,6.609375
219,6.609375
220,6.609375
221,6.609375
222,6.609375
223,6.609375
224,6.609375
225,6.609375
226,6.609375
227,6.609375
228,6.609375
229,6.609375
230,6.609375
231,6.609375
232,6.609375
233,6.609375
234,6.609375
235,6.609375
236,6.609375
237,6.609375
238,6.609375
239,6.609375
240,6.609375
241,6.609375
242,6.609375
243,6.609375
244,6.609375
245,6.609375
246,6.609375
247,6.609375
248,6.609375
249,6.609375
250,6.609375
251,6.609375
252,6.609375
253,6.609375
254,6.609375
255,6.609375
256,6.609375
257,6.609375
258,6.609375
259,6.609375
260,6.609375
261,6.609375
262,6.609375
263,6.609375
264,6.609375
265,6.609375
266,6.609375
267,6.609375
268,6.609375
269,6.609375
270,6.609375
271,6.609375
272,6.609375
273,6.609375
274,6.609375
275,6.609375
276,6.609375
277,6.609375
278,6.609375
279,6.609375
280,6.609375
281,6.609375
282,6.609375
283,6.609375
284,6.609375
285,6.609375
286,6.609375
287,6.609375
288,6.609375
289,6.609375
290,6.609375
291,6.609375
292,6.609375
293,6.609375
294,6.609375
295,6.609375
296,6.609375
297,6.609375
298,6.609375
299,6.609375
300,6.609375
301,6.609375
302,6.609375
303,6.609375
304,6.609375
305,6.609375
306,6.609375
307,6.609375
308,6.609375
309,6.609375
310,6.609375
311,6.609375
312,6.609375
313,6.609375
314,6.609375
315,6.609375
316,6.609375
317,6.609375
318,6.609375
319,6.609375
320,6.609375
321,6.609375
322,6.609375
323,6.609375
324,6.609375
325,6.609375
326,6.609375
327,6.609375
328,6.609375
329,6.609375
330,6.609375
331,6.609375
332,6.609375
333,6.609375
334,6.609375
335,6.609375
336,6.609375
337,6.609375
338,6.609375
339,6.609375
340,6.609375
341,6.609375
342,6.609375
343,6.609375
344,6.609375
345,6.609375
346,6.609375
347,6.609375
348,6.609375
349,6.609375
350,6.609375
351,6.609375
352,6.609375
353,6.609375
354,6.609375
355,6.609375
356,6.609375
357,6.609375
358,6.609375
359,6.609375
360,6.609375
361,6.609375
362,6.609375
363,6.609375
364,6.609375
365,6.609375
366,6.609375
367,6.609375
368,6.609375
369,6.609375
370,6.609375
371,6.609375
372,6.609375
373,6.609375
374,6.609375
375,6.609375
376,6.609375
377,6.609375
378,6.609375
379,6.609375
380,6.609375
381,6.609375
382,6.609375
383,6.609375
384,6.609375
385,6.609375
386,6.609375
387,6.609375
388,6.609375
389,6.609375
390,6.609375
391,6.609375
392,6.609375
393,6.609375
394,6.609375
395,6.609375
396,6.609375
397,6.609375
398,6.609375
399,6.609375
400,6.609375
401,6.609375
402,6.609375
403,6.609375
404,6.609375
405,6.609375
406,6.609375
407,6.609375
408,6.609375
409,6.609375
410,6.609375
411,6.609375
412,6.609375
413,6.609375
414,6.609375
415,6.609375
416,6.609375
417,6.609375
418,6.609375
419,6.609375
420,6.609375
421,6.609375
422,6.609375
423,6.609375
424,6.609375
425,6.609375
426,6.609375
427,6.609375
428,6.609375
429,6.609375
430,6.609375
431,6.609375
432,6.609375
433,6.609375
434,6.609375
435,6.609375
436,6.609375
437,6.609375
438,6.609375
439,6.609375
440,6.609375
441,6.609375
442,6.609375
443,6.609375
444,6.609375
445,6.609375
446,6.609375
447,6.609375
448,6.609375
449,6.609375
450,6.609375
451,6.609375
452,6.609375
453,6.609375
454,6.609375
455,6.609375
456,6.609375
457,6.609375
458,6.609375
459,6.609375
460,6.609375
461,6.609375
462,6.609375
463,6.609375
464,6.609375
465,6.609375
466,6.609375
467,6.609375
468,6.609375
469,6.609375
470,6.609375
471,6.609375
472,6.609375
473,6.609375
474,6.609375
475,6.609375
476,6.609375
477,6.609375
478,6.609375
479,6.609375
480,6.609375
481,6.609375
482,6.609375
483,6.609375
484,6.609375
485,6.609375
486,6.609375
487,6.609375
488,6.609375
489,6.609375
490,6.609375
491,6.609375
492,6.609375
493,6.609375
494,6.609375
495,6.609375
496,6.609375
497,6.609375
498,6.609375
499,6.609375
0,0.015625
1,0.015625
2,0.015625
3,0.015625
4,0.015625
5,0.015625
6,0.015625
7,0.015625
8,0.015625
9,0.015625
10,0.015625
11,0.015625
12,0.015625
13,0.015625
14,0.015625
15,0.015625
16,0.015625
17,0.015625
18,0.015625
19,0.015625
20,0.015625
21,0.015625
22,0.015625
23,0.015625
24,0.015625
25,0.015625
26,0.015625
27,0.015625
28,0.015625
29,0.015625
30,0.015625
31,0.015625
32,0.015625
33,0.015625
34,0.015625
35,0.015625
36,0.015625
37,0.015625
38,0.015625
39,0.015625
40,0.015625
41,0.015625
42,0.015625
43,0.015625
44,0.015625
45,0.015625
46,0.015625
47,0.015625
48,0.015625
49,0.015625
50,0.015625
51,0.015625
52,0.015625
53,0.015625
54,0.015625
55,0.015625
56,0.015625
57,0.015625
58,0.015625
59,0.015625
60,0.015625
61,0.015625
62,0.015625
63,0.015625
64,0.015625
65,0.015625
66,0.015625
67,0.015625
68,0.015625
69,0.015625
70,0.015625
71,0.015625
72,0.015625
73,0.015625
74,0.015625
75,0.015625
76,0.015625
77,0.015625
78,0.015625
79,0.015625
80,0.015625
81,0.015625
82,0.015625
83,0.015625
84,0.015625
85,0.015625
86,0.015625
87,0.015625
88,0.015625
89,0.015625
90,0.015625
91,0.015625
92,0.015625
93,0.015625
94,0.015625
95,0.015625
96,0.015625
97,0.015625
98,0.015625
99,0.015625
100,0.015625
101,0.015625
102,0.015625
103,0.015625
104,0.015625
105,0.015625
106,0.015625
107,0.015625
108,0.015625
109,0.015625
110,0.015625
111,0.015625
112,0.015625
113,0.015625
114,0.015625
115,0.015625
116,0.015625
117,0.015625
118,0.015625
119,0.015625
120,0.015625
121,0.015625
122,0.015625
123,0.015625
124,0.015625
125,0.015625
126,0.015625
127,0.015625
128,0.015625
129,0.015625
130,0.015625
131,0.015625
132,0.015625
133,0.015625
134,0.015625
135,0.015625
136,0.015625
137,0.015625
138,0.015625
139,0.015625
140,0.015625
141,0.015625
142,0.015625
143,0.015625
144,0.015625
145,0.015625
146,0.015625
147,0.015625
148,0.015625
149,0.015625
150,0.015625
151,0.015625
152,0.015625
153,0.015625
154,0.015625
155,0.015625
156,0.015625
157,0.015625
158,0.015625
159,0.015625
160,0.015625
161,0.015625
162,0.015625
163,0.015625
164,0.015625
165,0.015625
166,0.015625
167,0.015625
168,0.015625
169,0.015625
170,0.015625
171,0.015625
172,0.015625
173,0.015625
174,0.015625
175,0.015625
176,0.015625
177,0.015625
178,0.015625
179,0.015625
180,0.015625
181,0.015625
182,0.015625
183,0.015625
184,0.015625
185,0.015625
186,0.015625
187,0.015625
188,0.015625
189,0.015625
190,0.015625
191,0.015625
192,0.015625
193,0.015625
194,0.015625
195,0.015625
196,0.015625
197,0.015625
198,0.015625
199,0.015625
200,0.015625
201,0.015625
202,0.015625
203,0.015625
204,0.015625
205,0.015625
206,0.015625
207,0.015625
208,0.015625
209,0.015625
210,0.015625
211,0.015625
212,0.015625
213,0.015625
214,0.015625
215,0.015625
216,0.015625
217,0.015625
218,0.015625
219,0.015625
220,0.015625
221,0.015625
222,0.015625
223,0.015625
224,0.015625
225,0.015625
226,0.015625
227,0.015625
228,0.015625
229,0.015625
230,0.015625
231,0.015625
232,0.015625
233,0.015625
234,0.015625
235,0.015625
236,0.015625
237,0.015625
238,0.015625
239,0.015625
240,0.015625
241,0.015625
242,0.015625
243,0.015625
244,0.015625
245,0.015625
246,0.015625
247,0.015625
248,0.015625
249,0.015625
250,0.015625
251,0.015625
252,0.015625
253,0.015625
254,0.015625
255,0.015625
256,0.015625
257,0.015625
258,0.015625
259,0.015625
260,0.015625
261,0.015625
262,0.015625
263,0.015625
264,0.015625
265,0.015625
266,0.015625
267,0.015625
268,0.015625
269,0.015625
270,0.015625
271,0.015625
272,0.015625
273,0.015625
274,0.015625
275,0.015625
276,0.015625
277,0.015625
278,0.015625
279,0.015625
280,0.015625
281,0.015625
282,0.015625
283,0.015625
284,0.015625
285,0.015625
286,0.015625
287,0.015625
288,0.015625
289,0.015625
290,0.015625
291,0.015625
292,0.015625
293,0.015625
294,0.015625
295,0.015625
296,0.015625
297,0.015625
298,0.015625
299,0.015625
300,0.015625
301,0.015625
302,0.015625
303,0.015625
304,0.015625
305,0.015625
306,0.015625
307,0.015625
308,0.015625
309,0.015625
310,0.015625
311,0.015625
312,0.015625
313,0.015625
314,0.015625
315,0.015625
316,0.015625
317,0.015625
318,0.015625
319,0.015625
320,0.015625
321,0.015625
322,0.015625
323,0.015625
324,0.015625
325,0.015625
326,0.015625
327,0.015625
328,0.015625
329,0.015625
330,0.015625
331,0.015625
332,0.015625
333,0.015625
334,0.015625
335,0.015625
336,0.015625
337,0.015625
338,0.015625
339,0.015625
340,0.015625
341,0.015625
342,0.015625
343,0.015625
344,0.015625
345,0.015625
346,0.015625
347,0.015625
348,0.015625
349,0.015625
350,0.015625
351,0.015625
352,0.015625
353,0.015625
354,0.015625
355,0.015625
356,0.015625
357,0.015625
358,0.015625
359,0.015625
360,0.015625
361,0.015625
362,0.015625
363,0.015625
364,0.015625
365,0.015625
366,0.015625
367,0.015625
368,0.015625
369,0.015625
370,0.015625
371,0.015625
372,0.015625
373,0.015625
374,0.015625
375,0.015625
376,0.015625
377,0.015625
378,0.015625
379,0.015625
380,0.015625
381,0.015625
382,0.015625
383,0.015625
384,0.015625
385,0.015625
386,0.015625
387,0.015625
388,0.015625
389,0.015625
390,0.015625
391,0.015625
392,0.015625
393,0.015625
394,0.015625
395,0.015625
396,0.015625
397,0.015625
398,0.015625
399,0.015625
400,0.015625
401,0.015625
402,0.015625
403,0.015625
404,0.015625
405,0.015625
406,0.015625
407,0.015625
408,0.015625
409,0.015625
410,0.015625
411,0.015625
412,0.015625
413,0.015625
414,0.015625
415,0.015625
416,0.015625
417,0.015625
418,0.015625
419,0.015625
420,0.015625
421,0.015625
422,0.015625
423,0.015625
424,0.015625
425,0.015625
426,0.015625
427,0.015625
428,0.015625
429,0.015625
430,0.015625
431,0.015625
432,0.015625
433,0.015625
434,0.015625
435,0.015625
436,0.015625
437,0.015625
438,0.015625
439,0.015625
440,0.015625
441,0.015625
442,0.015625
443,0.015625
444,0.015625
445,0.015625
446,0.015625
447,0.015625
448,0.015625
449,0.015625
450,0.015625
451,0.015625
452,0.015625
453,0.015625
454,0.015625
455,0.015625
456,0.015625
457,0.015625
458,0.015625
459,0.015625
460,0.015625
461,0.015625
462,0.015625
463,0.015625
464,0.015625
465,0.015625
466,0.015625
467,0.015625
468,0.015625
469,0.015625
470,0.015625
471,0.015625
472,0.015625
473,0.015625
474,0.015625
475,0.015625
476,0.015625
477,0.015625
478,0.015625
479,0.015625
480,0.015625
481,0.015625
482,0.015625
483,0.015625
484,0.015625
485,0.015625
486,0.015625
487,0.015625
488,0.015625
489,0.015625
490,0.015625
491,0.015625
492,0.015625
493,0.015625
494,0.015625
495,0.015625
496,0.015625
497,0.015625
498,0.015625
499,0.015625
