0,0.765625
1,1.296875
2,1.8125
3,2.328125
4,2.8125
5,3.375
6,3.796875
7,4.140625
8,4.546875
9,4.796875
10,5.109375
11,5.359375
12,5.609375
13,5.890625
14,6.171875
15,6.421875
16,6.703125
17,6.984375
18,7.28125
19,7.453125
20,7.671875
21,7.796875
22,8.015625
23,8.1875
24,8.3125
25,8.453125
26,8.59375
27,8.734375
28,8.875
29,9.0625
30,9.21875
31,9.40625
32,9.5625
33,9.875
34,10.015625
35,10.1875
36,10.375
37,10.5625
38,10.75
39,10.9375
40,11.109375
41,11.28125
42,11.453125
43,11.625
44,11.796875
45,11.96875
46,12.140625
47,12.3125
48,12.484375
49,12.65625
50,12.828125
51,13.0
52,13.171875
53,13.34375
54,13.515625
55,13.6875
56,13.890625
57,14.09375
58,14.328125
59,14.5625
60,14.65625
61,14.828125
62,14.921875
63,15.09375
64,15.1875
65,15.359375
66,15.453125
67,15.625
68,15.71875
69,15.890625
70,15.984375
71,16.15625
72,16.28125
73,16.484375
74,16.609375
75,16.84375
76,16.9375
77,17.140625
78,17.265625
79,17.46875
80,17.59375
81,17.796875
82,17.890625
83,18.03125
84,18.15625
85,18.265625
86,18.390625
87,18.59375
88,18.6875
89,18.828125
90,18.921875
91,19.0625
92,19.15625
93,19.296875
94,19.421875
95,19.5625
96,19.65625
97,19.796875
98,19.890625
99,20.03125
100,20.125
101,20.21875
102,20.359375
103,20.453125
104,20.546875
105,20.6875
106,20.78125
107,20.875
108,21.015625
109,21.109375
110,21.203125
111,21.34375
112,21.5
113,21.609375
114,21.703125
115,21.875
116,21.96875
117,22.140625
118,22.234375
119,22.40625
120,22.5
121,22.671875
122,22.765625
123,22.9375
124,23.03125
125,23.125
126,23.265625
127,23.359375
128,23.453125
129,23.59375
130,23.6875
131,23.78125
132,23.921875
133,24.015625
134,24.109375
135,24.25
136,24.34375
137,24.4375
138,24.5625
139,24.671875
140,24.796875
141,24.90625
142,25.0
143,25.15625
144,25.265625
145,25.328125
146,25.421875
147,25.5625
148,25.65625
149,25.78125
150,25.890625
151,25.984375
152,26.140625
153,26.25
154,26.375
155,26.484375
156,26.578125
157,26.703125
158,26.8125
159,26.90625
160,26.96875
161,27.0625
162,27.203125
163,27.296875
164,27.390625
165,27.484375
166,27.59375
167,27.6875
168,27.78125
169,27.890625
170,27.984375
171,28.078125
172,28.1875
173,28.28125
174,28.375
175,28.484375
176,28.578125
177,28.671875
178,28.78125
179,28.875
180,28.96875
181,29.078125
182,29.171875
183,29.265625
184,29.328125
185,29.421875
186,29.53125
187,29.625
188,29.6875
189,29.796875
190,29.890625
191,29.984375
192,30.046875
193,30.140625
194,30.25
195,30.34375
196,30.40625
197,30.5
198,30.625
199,30.734375
200,30.828125
201,30.921875
202,30.984375
203,31.046875
204,31.15625
205,31.25
206,31.34375
207,31.40625
208,31.5
209,31.609375
210,31.703125
211,31.765625
212,31.859375
213,31.953125
214,32.0625
215,32.15625
216,32.21875
217,32.3125
218,32.421875
219,32.515625
220,32.578125
221,32.671875
222,32.734375
223,32.828125
224,32.9375
225,33.03125
226,33.09375
227,33.1875
228,33.25
229,33.34375
230,33.453125
231,33.546875
232,33.609375
233,33.703125
234,33.765625
235,33.859375
236,34.0
237,34.09375
238,34.1875
239,34.296875
240,34.390625
241,34.484375
242,34.578125
243,34.671875
244,34.78125
245,34.875
246,34.96875
247,35.0625
248,35.15625
249,35.265625
250,35.359375
251,35.453125
252,35.546875
253,35.640625
254,35.71875
255,35.8125
256,35.875
257,35.9375
258,36.046875
259,36.140625
260,36.234375
261,36.328125
262,36.421875
263,36.515625
264,36.59375
265,36.6875
266,36.75
267,36.8125
268,36.921875
269,37.015625
270,37.078125
271,37.171875
272,37.265625
273,37.375
274,37.46875
275,37.5625
276,37.65625
277,37.71875
278,37.78125
279,37.890625
280,37.984375
281,38.078125
282,38.171875
283,38.265625
284,38.375
285,38.46875
286,38.53125
287,38.625
288,38.6875
289,38.78125
290,38.890625
291,38.984375
292,39.078125
293,39.15625
294,39.25
295,39.3125
296,39.375
297,39.484375
298,39.578125
299,39.671875
300,39.765625
301,39.828125
302,39.921875
303,40.0
304,40.09375
305,40.15625
306,40.21875
307,40.328125
308,40.421875
309,40.515625
310,40.609375
311,40.671875
312,40.765625
313,40.90625
314,41.0
315,41.09375
316,41.15625
317,41.265625
318,41.359375
319,41.421875
320,41.515625
321,41.609375
322,41.671875
323,41.8125
324,41.90625
325,41.96875
326,42.03125
327,42.09375
328,42.234375
329,42.328125
330,42.421875
331,42.484375
332,42.625
333,42.71875
334,42.8125
335,42.875
336,42.984375
337,43.078125
338,43.171875
339,43.265625
340,43.359375
341,43.421875
342,43.5625
343,43.65625
344,43.71875
345,43.78125
346,43.890625
347,43.984375
348,44.078125
349,44.140625
350,44.25
351,44.34375
352,44.4375
353,44.53125
354,44.59375
355,44.703125
356,44.796875
357,44.890625
358,44.984375
359,45.046875
360,45.1875
361,45.28125
362,45.34375
363,45.40625
364,45.515625
365,45.609375
366,45.671875
367,45.734375
368,45.84375
369,45.9375
370,46.03125
371,46.125
372,46.1875
373,46.296875
374,46.390625
375,46.484375
376,46.578125
377,46.640625
378,46.703125
379,46.84375
380,46.9375
381,47.03125
382,47.09375
383,47.15625
384,47.296875
385,47.390625
386,47.484375
387,47.578125
388,47.640625
389,47.703125
390,47.84375
391,47.9375
392,48.03125
393,48.09375
394,48.15625
395,48.296875
396,48.359375
397,48.453125
398,48.546875
399,48.609375
400,48.75
401,48.84375
402,48.9375
403,49.03125
404,49.09375
405,49.15625
406,49.21875
407,49.359375
408,49.453125
409,49.515625
410,49.578125
411,49.640625
412,49.78125
413,49.875
414,49.9375
415,50.0
416,50.0625
417,50.203125
418,50.296875
419,50.359375
420,50.421875
421,50.484375
422,50.625
423,50.71875
424,50.8125
425,50.90625
426,50.96875
427,51.109375
428,51.203125
429,51.296875
430,51.390625
431,51.453125
432,51.515625
433,51.578125
434,51.71875
435,51.8125
436,51.90625
437,51.96875
438,52.03125
439,52.09375
440,52.15625
441,52.21875
442,52.359375
443,52.453125
444,52.546875
445,52.640625
446,52.703125
447,52.765625
448,52.828125
449,52.96875
450,53.0625
451,53.15625
452,53.25
453,53.3125
454,53.453125
455,53.546875
456,53.640625
457,53.734375
458,53.796875
459,53.859375
460,54.0
461,54.09375
462,54.1875
463,54.28125
464,54.34375
465,54.40625
466,54.546875
467,54.640625
468,54.734375
469,54.828125
470,54.890625
471,54.953125
472,55.09375
473,55.1875
474,55.28125
475,55.375
476,55.4375
477,55.5
478,55.5625
479,55.703125
480,55.796875
481,55.890625
482,55.984375
483,56.046875
484,56.109375
485,56.171875
486,56.234375
487,56.375
488,56.46875
489,56.5625
490,56.65625
491,56.71875
492,56.78125
493,56.84375
494,56.90625
495,56.96875
496,57.109375
497,57.203125
498,57.296875
499,57.390625
0,0.609375
1,1.015625
2,1.390625
3,1.828125
4,2.1875
5,2.546875
6,2.90625
7,3.265625
8,3.546875
9,3.90625
10,4.15625
11,4.4375
12,4.6875
13,4.9375
14,5.21875
15,5.5
16,5.75
17,6.03125
18,6.3125
19,6.59375
20,6.875
21,7.15625
22,7.4375
23,7.71875
24,7.96875
25,8.234375
26,8.515625
27,8.796875
28,9.078125
29,9.328125
30,9.5625
31,9.734375
32,10.046875
33,10.328125
34,10.5625
35,10.796875
36,11.0
37,11.234375
38,11.46875
39,11.703125
40,11.90625
41,12.140625
42,12.375
43,12.578125
44,12.8125
45,13.046875
46,13.28125
47,13.515625
48,13.75
49,13.953125
50,14.1875
51,14.421875
52,14.59375
53,14.6875
54,14.890625
55,15.09375
56,15.265625
57,15.359375
58,15.5625
59,15.765625
60,15.9375
61,16.03125
62,16.234375
63,16.4375
64,16.609375
65,16.734375
66,16.828125
67,17.03125
68,17.234375
69,17.40625
70,17.5
71,17.703125
72,17.90625
73,18.078125
74,18.140625
75,18.3125
76,18.4375
77,18.53125
78,18.734375
79,18.90625
80,18.96875
81,19.140625
82,19.265625
83,19.359375
84,19.5625
85,19.765625
86,19.9375
87,20.0625
88,20.125
89,20.21875
90,20.359375
91,20.453125
92,20.515625
93,20.6875
94,20.8125
95,20.90625
96,21.109375
97,21.28125
98,21.40625
99,21.578125
100,21.671875
101,21.796875
102,21.9375
103,22.03125
104,22.125
105,22.296875
106,22.390625
107,22.484375
108,22.65625
109,22.78125
110,22.921875
111,23.015625
112,23.078125
113,23.171875
114,23.3125
115,23.40625
116,23.46875
117,23.609375
118,23.734375
119,23.796875
120,23.921875
121,24.0625
122,24.125
123,24.265625
124,24.390625
125,24.484375
126,24.65625
127,24.75
128,24.921875
129,25.015625
130,25.1875
131,25.25
132,25.390625
133,25.515625
134,25.609375
135,25.734375
136,25.875
137,25.96875
138,26.140625
139,26.234375
140,26.328125
141,26.453125
142,26.59375
143,26.6875
144,26.78125
145,26.953125
146,27.046875
147,27.140625
148,27.265625
149,27.40625
150,27.5
151,27.59375
152,27.734375
153,27.859375
154,27.953125
155,28.078125
156,28.1875
157,28.28125
158,28.375
159,28.5
160,28.640625
161,28.734375
162,28.828125
163,28.96875
164,29.0625
165,29.15625
166,29.25
167,29.34375
168,29.484375
169,29.578125
170,29.671875
171,29.765625
172,29.90625
173,30.0
174,30.09375
175,30.1875
176,30.328125
177,30.421875
178,30.515625
179,30.609375
180,30.703125
181,30.84375
182,30.9375
183,31.03125
184,31.125
185,31.265625
186,31.359375
187,31.453125
188,31.546875
189,31.640625
190,31.78125
191,31.875
192,31.96875
193,32.0625
194,32.203125
195,32.296875
196,32.390625
197,32.484375
198,32.65625
199,32.75
200,32.84375
201,32.9375
202,33.0
203,33.140625
204,33.234375
205,33.328125
206,33.421875
207,33.5625
208,33.65625
209,33.75
210,33.84375
211,33.90625
212,34.046875
213,34.140625
214,34.234375
215,34.328125
216,34.46875
217,34.5625
218,34.65625
219,34.75
220,34.8125
221,34.953125
222,35.046875
223,35.140625
224,35.234375
225,35.375
226,35.46875
227,35.5625
228,35.65625
229,35.71875
230,35.859375
231,35.953125
232,36.046875
233,36.140625
234,36.234375
235,36.375
236,36.5
237,36.671875
238,36.765625
239,36.859375
240,36.953125
241,37.046875
242,37.1875
243,37.28125
244,37.375
245,37.46875
246,37.5625
247,37.671875
248,37.765625
249,37.859375
250,37.953125
251,38.046875
252,38.1875
253,38.28125
254,38.40625
255,38.53125
256,38.671875
257,38.765625
258,38.890625
259,39.015625
260,39.15625
261,39.25
262,39.375
263,39.5
264,39.640625
265,39.734375
266,39.859375
267,39.921875
268,40.015625
269,40.15625
270,40.28125
271,40.34375
272,40.4375
273,40.5
274,40.609375
275,40.703125
276,40.796875
277,40.890625
278,40.984375
279,41.125
280,41.21875
281,41.34375
282,41.375
283,41.46875
284,41.53125
285,41.640625
286,41.734375
287,41.859375
288,41.921875
289,42.015625
290,42.15625
291,42.25
292,42.375
293,42.40625
294,42.5
295,42.5625
296,42.671875
297,42.765625
298,42.890625
299,42.953125
300,43.046875
301,43.1875
302,43.28125
303,43.375
304,43.46875
305,43.609375
306,43.703125
307,43.828125
308,43.890625
309,43.953125
310,44.09375
311,44.1875
312,44.3125
313,44.375
314,44.46875
315,44.609375
316,44.703125
317,44.828125
318,44.921875
319,45.0625
320,45.15625
321,45.28125
322,45.34375
323,45.40625
324,45.546875
325,45.640625
326,45.765625
327,45.828125
328,45.890625
329,46.03125
330,46.125
331,46.25
332,46.3125
333,46.375
334,46.4375
335,46.5
336,46.609375
337,46.703125
338,46.828125
339,46.890625
340,46.953125
341,47.09375
342,47.1875
343,47.3125
344,47.375
345,47.4375
346,47.578125
347,47.671875
348,47.796875
349,47.859375
350,47.921875
351,47.984375
352,48.09375
353,48.1875
354,48.3125
355,48.375
356,48.46875
357,48.609375
358,48.703125
359,48.828125
360,48.890625
361,48.953125
362,49.09375
363,49.1875
364,49.3125
365,49.375
366,49.4375
367,49.578125
368,49.671875
369,49.796875
370,49.859375
371,49.921875
372,49.984375
373,50.046875
374,50.15625
375,50.25
376,50.375
377,50.40625
378,50.46875
379,50.53125
380,50.59375
381,50.65625
382,50.71875
383,50.828125
384,50.921875
385,51.046875
386,51.109375
387,51.171875
388,51.3125
389,51.40625
390,51.53125
391,51.59375
392,51.65625
393,51.71875
394,51.78125
395,51.890625
396,51.984375
397,52.109375
398,52.140625
399,52.203125
400,52.265625
401,52.328125
402,52.390625
403,52.453125
404,52.5625
405,52.65625
406,52.78125
407,52.8125
408,52.875
409,52.9375
410,53.0
411,53.0625
412,53.125
413,53.234375
414,53.328125
415,53.453125
416,53.515625
417,53.578125
418,53.640625
419,53.703125
420,53.765625
421,53.828125
422,53.9375
423,54.03125
424,54.15625
425,54.21875
426,54.28125
427,54.34375
428,54.40625
429,54.46875
430,54.53125
431,54.640625
432,54.734375
433,54.859375
434,54.890625
435,54.953125
436,55.015625
437,55.078125
438,55.140625
439,55.203125
440,55.3125
441,55.40625
442,55.53125
443,55.59375
444,55.65625
445,55.71875
446,55.78125
447,55.84375
448,55.90625
449,56.015625
450,56.109375
451,56.234375
452,56.265625
453,56.328125
454,56.390625
455,56.453125
456,56.515625
457,56.578125
458,56.6875
459,56.78125
460,56.90625
461,57.0
462,57.0625
463,57.125
464,57.1875
465,57.25
466,57.359375
467,57.453125
468,57.578125
469,57.640625
470,57.703125
471,57.765625
472,57.828125
473,57.9375
474,58.03125
475,58.15625
476,58.1875
477,58.25
478,58.3125
479,58.375
480,58.4375
481,58.5
482,58.609375
483,58.703125
484,58.828125
485,58.859375
486,58.921875
487,58.984375
488,59.046875
489,59.109375
490,59.171875
491,59.28125
492,59.375
493,59.5
494,59.53125
495,59.59375
496,59.65625
497,59.71875
498,59.78125
499,59.84375
0,0.65625
1,1.125
2,1.515625
3,2.0
4,2.40625
5,2.75
6,3.21875
7,3.5
8,3.859375
9,4.171875
10,4.421875
11,4.734375
12,4.953125
13,5.1875
14,5.40625
15,5.640625
16,5.953125
17,6.234375
18,6.546875
19,6.828125
20,7.109375
21,7.3125
22,7.59375
23,7.796875
24,7.96875
25,8.171875
26,8.453125
27,8.65625
28,8.859375
29,9.03125
30,9.234375
31,9.40625
32,9.609375
33,9.78125
34,9.984375
35,10.1875
36,10.390625
37,10.59375
38,10.796875
39,11.0
40,11.203125
41,11.40625
42,11.609375
43,11.8125
44,12.015625
45,12.25
46,12.453125
47,12.65625
48,12.859375
49,13.0625
50,13.296875
51,13.5
52,13.734375
53,13.9375
54,14.171875
55,14.375
56,14.53125
57,14.703125
58,14.90625
59,15.078125
60,15.234375
61,15.40625
62,15.609375
63,15.78125
64,15.90625
65,16.078125
66,16.203125
67,16.40625
68,16.578125
69,16.703125
70,16.875
71,17.0
72,17.140625
73,17.296875
74,17.46875
75,17.59375
76,17.765625
77,17.890625
78,18.09375
79,18.265625
80,18.390625
81,18.5625
82,18.6875
83,18.828125
84,18.984375
85,19.15625
86,19.3125
87,19.484375
88,19.609375
89,19.78125
90,19.90625
91,20.078125
92,20.203125
93,20.34375
94,20.46875
95,20.609375
96,20.765625
97,20.90625
98,21.03125
99,21.15625
100,21.328125
101,21.484375
102,21.59375
103,21.71875
104,21.84375
105,22.015625
106,22.140625
107,22.28125
108,22.4375
109,22.578125
110,22.703125
111,22.859375
112,22.96875
113,23.09375
114,23.21875
115,23.390625
116,23.515625
117,23.6875
118,23.8125
119,23.953125
120,24.078125
121,24.234375
122,24.34375
123,24.46875
124,24.59375
125,24.765625
126,24.890625
127,25.0625
128,25.1875
129,25.359375
130,25.484375
131,25.625
132,25.75
133,25.84375
134,25.984375
135,26.109375
136,26.203125
137,26.34375
138,26.46875
139,26.5625
140,26.703125
141,26.828125
142,26.921875
143,27.0625
144,27.1875
145,27.28125
146,27.421875
147,27.546875
148,27.671875
149,27.765625
150,27.90625
151,28.0
152,28.171875
153,28.265625
154,28.4375
155,28.53125
156,28.703125
157,28.796875
158,28.921875
159,29.0625
160,29.1875
161,29.25
162,29.3125
163,29.40625
164,29.546875
165,29.640625
166,29.765625
167,29.90625
168,30.0
169,30.0625
170,30.203125
171,30.328125
172,30.421875
173,30.484375
174,30.625
175,30.75
176,30.84375
177,30.90625
178,31.046875
179,31.171875
180,31.265625
181,31.328125
182,31.46875
183,31.59375
184,31.6875
185,31.828125
186,31.953125
187,32.046875
188,32.109375
189,32.25
190,32.375
191,32.46875
192,32.53125
193,32.59375
194,32.65625
195,32.71875
196,32.78125
197,32.84375
198,32.9375
199,33.078125
200,33.171875
201,33.234375
202,33.359375
203,33.5
204,33.59375
205,33.65625
206,33.71875
207,33.78125
208,33.84375
209,33.90625
210,33.96875
211,34.03125
212,34.125
213,34.265625
214,34.359375
215,34.421875
216,34.546875
217,34.6875
218,34.78125
219,34.84375
220,34.90625
221,34.96875
222,35.03125
223,35.09375
224,35.15625
225,35.25
226,35.390625
227,35.484375
228,35.546875
229,35.671875
230,35.8125
231,35.90625
232,35.96875
233,36.03125
234,36.09375
235,36.15625
236,36.21875
237,36.28125
238,36.34375
239,36.4375
240,36.578125
241,36.671875
242,36.734375
243,36.796875
244,36.859375
245,36.921875
246,36.984375
247,37.046875
248,37.109375
249,37.171875
250,37.3125
251,37.40625
252,37.5
253,37.5625
254,37.703125
255,37.796875
256,37.890625
257,37.953125
258,38.09375
259,38.1875
260,38.28125
261,38.34375
262,38.484375
263,38.578125
264,38.671875
265,38.734375
266,38.796875
267,38.859375
268,38.921875
269,38.984375
270,39.046875
271,39.109375
272,39.25
273,39.34375
274,39.4375
275,39.5
276,39.640625
277,39.734375
278,39.828125
279,39.890625
280,40.03125
281,40.125
282,40.21875
283,40.28125
284,40.421875
285,40.515625
286,40.609375
287,40.671875
288,40.8125
289,40.90625
290,41.0
291,41.0625
292,41.125
293,41.1875
294,41.25
295,41.3125
296,41.375
297,41.4375
298,41.578125
299,41.703125
300,41.796875
301,41.859375
302,42.0
303,42.125
304,42.21875
305,42.28125
306,42.421875
307,42.546875
308,42.640625
309,42.703125
310,42.84375
311,42.96875
312,43.0625
313,43.125
314,43.265625
315,43.359375
316,43.453125
317,43.546875
318,43.609375
319,43.734375
320,43.84375
321,43.9375
322,44.0
323,44.0625
324,44.125
325,44.1875
326,44.25
327,44.3125
328,44.375
329,44.5
330,44.609375
331,44.703125
332,44.796875
333,44.859375
334,44.921875
335,44.984375
336,45.109375
337,45.21875
338,45.3125
339,45.40625
340,45.46875
341,45.53125
342,45.65625
343,45.765625
344,45.859375
345,45.953125
346,46.015625
347,46.078125
348,46.203125
349,46.3125
350,46.40625
351,46.46875
352,46.53125
353,46.59375
354,46.71875
355,46.859375
356,46.953125
357,47.015625
358,47.078125
359,47.140625
360,47.203125
361,47.328125
362,47.4375
363,47.53125
364,47.59375
365,47.65625
366,47.71875
367,47.84375
368,47.984375
369,48.078125
370,48.140625
371,48.203125
372,48.265625
373,48.328125
374,48.453125
375,48.59375
376,48.6875
377,48.75
378,48.8125
379,48.875
380,49.0
381,49.140625
382,49.234375
383,49.296875
384,49.359375
385,49.421875
386,49.484375
387,49.609375
388,49.75
389,49.84375
390,49.90625
391,49.96875
392,50.03125
393,50.15625
394,50.296875
395,50.390625
396,50.453125
397,50.515625
398,50.578125
399,50.640625
400,50.78125
401,50.875
402,50.96875
403,51.03125
404,51.09375
405,51.234375
406,51.328125
407,51.421875
408,51.484375
409,51.546875
410,51.6875
411,51.78125
412,51.875
413,51.9375
414,52.0
415,52.140625
416,52.234375
417,52.328125
418,52.390625
419,52.453125
420,52.59375
421,52.6875
422,52.78125
423,52.84375
424,52.90625
425,53.046875
426,53.140625
427,53.234375
428,53.296875
429,53.359375
430,53.5
431,53.59375
432,53.6875
433,53.75
434,53.8125
435,53.953125
436,54.046875
437,54.140625
438,54.203125
439,54.265625
440,54.40625
441,54.5
442,54.59375
443,54.65625
444,54.71875
445,54.859375
446,54.953125
447,55.046875
448,55.109375
449,55.171875
450,55.3125
451,55.40625
452,55.5
453,55.5625
454,55.625
455,55.765625
456,55.859375
457,55.953125
458,56.015625
459,56.078125
460,56.171875
461,56.3125
462,56.40625
463,56.5
464,56.5625
465,56.625
466,56.6875
467,56.8125
468,56.953125
469,57.046875
470,57.140625
471,57.203125
472,57.265625
473,57.328125
474,57.390625
475,57.453125
476,57.515625
477,57.578125
478,57.640625
479,57.703125
480,57.765625
481,57.828125
482,57.890625
483,57.953125
484,58.015625
485,58.078125
486,58.140625
487,58.203125
488,58.265625
489,58.328125
490,58.390625
491,58.453125
492,58.515625
493,58.578125
494,58.640625
495,58.703125
496,58.765625
497,58.828125
498,58.890625
499,58.953125
0,0.59375
1,1.03125
2,1.4375
3,1.828125
4,2.171875
5,2.5625
6,2.921875
7,3.3125
8,3.671875
9,4.015625
10,4.328125
11,4.640625
12,4.984375
13,5.296875
14,5.609375
15,5.921875
16,6.234375
17,6.578125
18,6.890625
19,7.15625
20,7.40625
21,7.671875
22,7.984375
23,8.328125
24,8.5625
25,8.8125
26,9.015625
27,9.28125
28,9.515625
29,9.765625
30,10.046875
31,10.25
32,10.515625
33,10.765625
34,11.0
35,11.203125
36,11.453125
37,11.640625
38,11.859375
39,12.0625
40,12.265625
41,12.46875
42,12.671875
43,12.875
44,13.078125
45,13.28125
46,13.4375
47,13.609375
48,13.828125
49,14.03125
50,14.1875
51,14.40625
52,14.5625
53,14.734375
54,14.90625
55,15.078125
56,15.25
57,15.421875
58,15.5625
59,15.6875
60,15.859375
61,16.03125
62,16.171875
63,16.296875
64,16.46875
65,16.640625
66,16.78125
67,16.90625
68,17.078125
69,17.25
70,17.390625
71,17.484375
72,17.625
73,17.71875
74,17.859375
75,17.953125
76,18.09375
77,18.1875
78,18.328125
79,18.421875
80,18.5625
81,18.65625
82,18.796875
83,18.890625
84,19.03125
85,19.125
86,19.265625
87,19.359375
88,19.5
89,19.59375
90,19.734375
91,19.828125
92,19.96875
93,20.0625
94,20.203125
95,20.296875
96,20.4375
97,20.53125
98,20.671875
99,20.765625
100,20.90625
101,21.0
102,21.140625
103,21.234375
104,21.375
105,21.5
106,21.640625
107,21.765625
108,21.90625
109,22.03125
110,22.171875
111,22.296875
112,22.5
113,22.59375
114,22.796875
115,22.890625
116,23.015625
117,23.1875
118,23.28125
119,23.40625
120,23.578125
121,23.671875
122,23.796875
123,23.96875
124,24.0625
125,24.1875
126,24.359375
127,24.453125
128,24.546875
129,24.71875
130,24.8125
131,24.9375
132,25.078125
133,25.171875
134,25.265625
135,25.40625
136,25.5
137,25.671875
138,25.765625
139,25.859375
140,26.03125
141,26.125
142,26.21875
143,26.390625
144,26.484375
145,26.578125
146,26.75
147,26.84375
148,26.9375
149,27.109375
150,27.203125
151,27.296875
152,27.390625
153,27.53125
154,27.625
155,27.796875
156,27.890625
157,27.984375
158,28.1875
159,28.28125
160,28.375
161,28.46875
162,28.640625
163,28.734375
164,28.828125
165,29.0
166,29.09375
167,29.1875
168,29.390625
169,29.484375
170,29.578125
171,29.671875
172,29.84375
173,29.9375
174,30.03125
175,30.234375
176,30.328125
177,30.421875
178,30.515625
179,30.6875
180,30.78125
181,30.875
182,31.046875
183,31.140625
184,31.234375
185,31.375
186,31.46875
187,31.5625
188,31.65625
189,31.796875
190,31.890625
191,31.984375
192,32.1875
193,32.28125
194,32.375
195,32.46875
196,32.609375
197,32.703125
198,32.796875
199,32.984375
200,33.09375
201,33.1875
202,33.28125
203,33.421875
204,33.515625
205,33.609375
206,33.8125
207,33.90625
208,34.0
209,34.09375
210,34.125
211,34.265625
212,34.359375
213,34.453125
214,34.546875
215,34.578125
216,34.71875
217,34.8125
218,34.90625
219,35.0
220,35.140625
221,35.234375
222,35.328125
223,35.421875
224,35.453125
225,35.59375
226,35.6875
227,35.78125
228,35.90625
229,36.015625
230,36.109375
231,36.203125
232,36.296875
233,36.359375
234,36.46875
235,36.5625
236,36.65625
237,36.75
238,36.8125
239,36.921875
240,37.015625
241,37.109375
242,37.203125
243,37.265625
244,37.375
245,37.46875
246,37.5625
247,37.65625
248,37.78125
249,37.890625
250,37.984375
251,38.078125
252,38.140625
253,38.25
254,38.34375
255,38.4375
256,38.53125
257,38.59375
258,38.703125
259,38.796875
260,38.890625
261,38.984375
262,39.046875
263,39.15625
264,39.25
265,39.34375
266,39.4375
267,39.5
268,39.609375
269,39.703125
270,39.796875
271,39.890625
272,39.953125
273,40.0625
274,40.15625
275,40.25
276,40.34375
277,40.40625
278,40.515625
279,40.609375
280,40.703125
281,40.796875
282,40.859375
283,40.96875
284,41.0625
285,41.15625
286,41.25
287,41.34375
288,41.453125
289,41.546875
290,41.640625
291,41.734375
292,41.859375
293,41.96875
294,42.0625
295,42.15625
296,42.25
297,42.3125
298,42.421875
299,42.515625
300,42.609375
301,42.703125
302,42.765625
303,42.875
304,42.96875
305,43.0625
306,43.15625
307,43.21875
308,43.328125
309,43.421875
310,43.515625
311,43.609375
312,43.640625
313,43.75
314,43.84375
315,43.9375
316,44.03125
317,44.09375
318,44.203125
319,44.296875
320,44.390625
321,44.484375
322,44.546875
323,44.65625
324,44.75
325,44.84375
326,44.9375
327,45.0
328,45.09375
329,45.203125
330,45.296875
331,45.390625
332,45.484375
333,45.515625
334,45.578125
335,45.6875
336,45.78125
337,45.875
338,45.96875
339,46.03125
340,46.09375
341,46.203125
342,46.296875
343,46.390625
344,46.484375
345,46.546875
346,46.609375
347,46.71875
348,46.8125
349,46.90625
350,47.0
351,47.0625
352,47.09375
353,47.125
354,47.234375
355,47.328125
356,47.421875
357,47.515625
358,47.578125
359,47.640625
360,47.75
361,47.84375
362,47.9375
363,48.03125
364,48.125
365,48.15625
366,48.21875
367,48.328125
368,48.421875
369,48.515625
370,48.609375
371,48.671875
372,48.703125
373,48.8125
374,48.90625
375,49.0
376,49.09375
377,49.15625
378,49.1875
379,49.25
380,49.359375
381,49.453125
382,49.546875
383,49.640625
384,49.703125
385,49.734375
386,49.84375
387,49.9375
388,50.03125
389,50.125
390,50.1875
391,50.21875
392,50.328125
393,50.421875
394,50.515625
395,50.609375
396,50.671875
397,50.703125
398,50.8125
399,50.90625
400,51.0
401,51.09375
402,51.15625
403,51.1875
404,51.25
405,51.359375
406,51.453125
407,51.546875
408,51.640625
409,51.703125
410,51.734375
411,51.84375
412,51.9375
413,52.03125
414,52.125
415,52.1875
416,52.21875
417,52.328125
418,52.421875
419,52.515625
420,52.609375
421,52.671875
422,52.703125
423,52.765625
424,52.828125
425,52.9375
426,53.03125
427,53.125
428,53.21875
429,53.25
430,53.28125
431,53.3125
432,53.375
433,53.46875
434,53.578125
435,53.671875
436,53.765625
437,53.828125
438,53.859375
439,53.921875
440,54.03125
441,54.125
442,54.21875
443,54.3125
444,54.375
445,54.40625
446,54.46875
447,54.53125
448,54.640625
449,54.734375
450,54.828125
451,54.921875
452,54.953125
453,54.984375
454,55.046875
455,55.109375
456,55.21875
457,55.3125
458,55.40625
459,55.5
460,55.53125
461,55.5625
462,55.59375
463,55.65625
464,55.75
465,55.859375
466,55.953125
467,56.046875
468,56.109375
469,56.140625
470,56.203125
471,56.265625
472,56.375
473,56.46875
474,56.5625
475,56.65625
476,56.6875
477,56.71875
478,56.78125
479,56.84375
480,56.953125
481,57.046875
482,57.140625
483,57.234375
484,57.296875
485,57.328125
486,57.390625
487,57.5
488,57.59375
489,57.6875
490,57.78125
491,57.84375
492,57.875
493,57.9375
494,58.03125
495,58.140625
496,58.234375
497,58.328125
498,58.359375
499,58.390625
0,0.640625
1,1.15625
2,1.671875
3,2.1875
4,2.671875
5,3.015625
6,3.375
7,3.671875
8,4.0
9,4.375
10,4.65625
11,4.953125
12,5.234375
13,5.578125
14,5.875
15,6.125
16,6.4375
17,6.71875
18,7.0
19,7.28125
20,7.5625
21,7.84375
22,8.078125
23,8.328125
24,8.53125
25,8.75
26,8.875
27,9.125
28,9.375
29,9.578125
30,9.6875
31,9.875
32,10.0625
33,10.25
34,10.4375
35,10.5625
36,10.78125
37,10.96875
38,11.046875
39,11.171875
40,11.34375
41,11.5625
42,11.6875
43,11.859375
44,12.03125
45,12.203125
46,12.28125
47,12.40625
48,12.53125
49,12.640625
50,12.765625
51,12.9375
52,13.03125
53,13.171875
54,13.296875
55,13.40625
56,13.5625
57,13.640625
58,13.828125
59,13.90625
60,14.03125
61,14.15625
62,14.265625
63,14.390625
64,14.484375
65,14.625
66,14.75
67,14.859375
68,14.984375
69,15.078125
70,15.21875
71,15.34375
72,15.453125
73,15.609375
74,15.703125
75,15.8125
76,15.9375
77,16.03125
78,16.171875
79,16.296875
80,16.40625
81,16.53125
82,16.625
83,16.765625
84,16.890625
85,17.0
86,17.125
87,17.203125
88,17.390625
89,17.46875
90,17.65625
91,17.75
92,17.890625
93,18.015625
94,18.125
95,18.25
96,18.34375
97,18.484375
98,18.609375
99,18.71875
100,18.84375
101,18.9375
102,19.046875
103,19.234375
104,19.328125
105,19.421875
106,19.53125
107,19.65625
108,19.75
109,19.890625
110,20.015625
111,20.125
112,20.3125
113,20.40625
114,20.515625
115,20.640625
116,20.734375
117,20.875
118,21.0
119,21.109375
120,21.296875
121,21.390625
122,21.5
123,21.6875
124,21.78125
125,21.890625
126,22.046875
127,22.140625
128,22.234375
129,22.375
130,22.5
131,22.609375
132,22.796875
133,22.890625
134,23.0
135,23.1875
136,23.28125
137,23.390625
138,23.546875
139,23.640625
140,23.734375
141,23.90625
142,24.0
143,24.109375
144,24.296875
145,24.390625
146,24.5
147,24.65625
148,24.75
149,24.84375
150,25.015625
151,25.109375
152,25.21875
153,25.40625
154,25.5
155,25.609375
156,25.765625
157,25.859375
158,25.953125
159,26.125
160,26.21875
161,26.328125
162,26.453125
163,26.546875
164,26.640625
165,26.75
166,26.875
167,26.96875
168,27.0625
169,27.171875
170,27.296875
171,27.390625
172,27.484375
173,27.59375
174,27.75
175,27.84375
176,27.9375
177,28.046875
178,28.171875
179,28.265625
180,28.359375
181,28.46875
182,28.59375
183,28.6875
184,28.78125
185,28.890625
186,29.015625
187,29.109375
188,29.203125
189,29.3125
190,29.4375
191,29.53125
192,29.625
193,29.703125
194,29.796875
195,29.921875
196,30.015625
197,30.109375
198,30.25
199,30.34375
200,30.4375
201,30.578125
202,30.671875
203,30.765625
204,30.90625
205,31.0
206,31.09375
207,31.1875
208,31.296875
209,31.421875
210,31.515625
211,31.609375
212,31.75
213,31.84375
214,31.9375
215,32.046875
216,32.109375
217,32.203125
218,32.296875
219,32.390625
220,32.5
221,32.625
222,32.71875
223,32.8125
224,32.953125
225,33.046875
226,33.140625
227,33.25
228,33.3125
229,33.40625
230,33.5
231,33.59375
232,33.703125
233,33.828125
234,33.921875
235,34.015625
236,34.109375
237,34.203125
238,34.3125
239,34.40625
240,34.5
241,34.59375
242,34.703125
243,34.796875
244,34.890625
245,34.984375
246,35.078125
247,35.1875
248,35.3125
249,35.40625
250,35.5
251,35.59375
252,35.6875
253,35.796875
254,35.890625
255,35.984375
256,36.078125
257,36.171875
258,36.265625
259,36.375
260,36.46875
261,36.53125
262,36.625
263,36.71875
264,36.8125
265,36.921875
266,37.015625
267,37.109375
268,37.203125
269,37.296875
270,37.390625
271,37.5
272,37.59375
273,37.6875
274,37.78125
275,37.875
276,37.96875
277,38.078125
278,38.171875
279,38.234375
280,38.328125
281,38.421875
282,38.515625
283,38.625
284,38.71875
285,38.8125
286,38.90625
287,39.0
288,39.09375
289,39.171875
290,39.265625
291,39.359375
292,39.453125
293,39.546875
294,39.640625
295,39.734375
296,39.84375
297,39.9375
298,40.03125
299,40.125
300,40.21875
301,40.3125
302,40.390625
303,40.484375
304,40.578125
305,40.671875
306,40.765625
307,40.859375
308,40.953125
309,41.0625
310,41.15625
311,41.25
312,41.34375
313,41.4375
314,41.53125
315,41.609375
316,41.703125
317,41.796875
318,41.890625
319,41.984375
320,42.078125
321,42.171875
322,42.28125
323,42.375
324,42.46875
325,42.5625
326,42.65625
327,42.75
328,42.828125
329,42.921875
330,43.015625
331,43.109375
332,43.203125
333,43.296875
334,43.390625
335,43.46875
336,43.5625
337,43.65625
338,43.75
339,43.828125
340,43.921875
341,44.015625
342,44.109375
343,44.21875
344,44.3125
345,44.40625
346,44.5
347,44.609375
348,44.703125
349,44.765625
350,44.859375
351,44.953125
352,45.0625
353,45.15625
354,45.25
355,45.34375
356,45.4375
357,45.53125
358,45.640625
359,45.734375
360,45.796875
361,45.890625
362,45.984375
363,46.09375
364,46.1875
365,46.28125
366,46.375
367,46.484375
368,46.578125
369,46.640625
370,46.734375
371,46.828125
372,46.921875
373,47.015625
374,47.109375
375,47.21875
376,47.3125
377,47.375
378,47.46875
379,47.5625
380,47.65625
381,47.75
382,47.84375
383,47.953125
384,48.046875
385,48.109375
386,48.203125
387,48.328125
388,48.4375
389,48.53125
390,48.625
391,48.71875
392,48.8125
393,48.90625
394,49.0
395,49.09375
396,49.203125
397,49.296875
398,49.359375
399,49.453125
400,49.546875
401,49.640625
402,49.734375
403,49.828125
404,49.9375
405,50.03125
406,50.09375
407,50.1875
408,50.28125
409,50.375
410,50.46875
411,50.5625
412,50.65625
413,50.765625
414,50.859375
415,50.921875
416,51.015625
417,51.109375
418,51.203125
419,51.296875
420,51.390625
421,51.5
422,51.59375
423,51.6875
424,51.78125
425,51.875
426,51.96875
427,52.0625
428,52.15625
429,52.265625
430,52.359375
431,52.453125
432,52.578125
433,52.671875
434,52.78125
435,52.875
436,52.96875
437,53.0625
438,53.15625
439,53.25
440,53.34375
441,53.4375
442,53.546875
443,53.640625
444,53.734375
445,53.828125
446,53.921875
447,54.015625
448,54.125
449,54.21875
450,54.3125
451,54.4375
452,54.53125
453,54.640625
454,54.734375
455,54.828125
456,54.921875
457,55.015625
458,55.109375
459,55.203125
460,55.296875
461,55.40625
462,55.5
463,55.59375
464,55.6875
465,55.78125
466,55.875
467,55.96875
468,56.0625
469,56.171875
470,56.265625
471,56.328125
472,56.421875
473,56.515625
474,56.609375
475,56.703125
476,56.796875
477,56.90625
478,57.0
479,57.09375
480,57.1875
481,57.28125
482,57.375
483,57.46875
484,57.5625
485,57.671875
486,57.765625
487,57.828125
488,57.921875
489,58.015625
490,58.109375
491,58.203125
492,58.296875
493,58.40625
494,58.5
495,58.59375
496,58.6875
497,58.8125
498,58.90625
499,59.0
