0,0.7916667
1,0.125
2,0.041666668
3,0.3125
4,0.25
5,0.041666668
6,0.22916667
7,0.25
8,0.041666668
9,0.041666668
10,0.22916667
11,0.20833333
12,0.041666668
13,0.041666668
14,0.041666668
15,0.1875
16,0.16666667
17,0.041666668
18,0.041666668
19,0.041666668
20,0.041666668
21,0.1875
22,0.16666667
23,0.041666668
24,0.041666668
25,0.041666668
26,0.041666668
27,0.104166664
28,0.16666667
29,0.083333336
30,0.041666668
31,0.041666668
32,0.041666668
33,0.104166664
34,0.16666667
35,0.041666668
36,0.041666668
37,0.041666668
38,0.041666668
39,0.041666668
40,0.104166664
41,0.16666667
42,0.041666668
43,0.041666668
44,0.041666668
45,0.041666668
46,0.041666668
47,0.104166664
48,0.16666667
49,0.041666668
50,0.041666668
51,0.041666668
52,0.041666668
53,0.041666668
54,0.0625
55,0.16666667
56,0.041666668
57,0.041666668
58,0.041666668
59,0.041666668
60,0.041666668
61,0.0625
62,0.20833333
63,0.083333336
64,0.041666668
65,0.041666668
66,0.041666668
67,0.041666668
68,0.0625
69,0.16666667
70,0.083333336
71,0.041666668
72,0.041666668
73,0.041666668
74,0.041666668
75,0.041666668
76,0.0625
77,0.16666667
78,0.083333336
79,0.041666668
80,0.041666668
81,0.041666668
82,0.041666668
83,0.020833334
84,0.16666667
85,0.083333336
86,0.041666668
87,0.041666668
88,0.041666668
89,0.041666668
90,0.020833334
91,0.16666667
92,0.041666668
93,0.041666668
94,0.041666668
95,0.041666668
96,0.041666668
97,0.020833334
98,0.16666667
99,0.083333336
100,0.041666668
101,0.041666668
102,0.041666668
103,0.041666668
104,0.020833334
105,0.16666667
106,0.083333336
107,0.041666668
108,0.041666668
109,0.041666668
110,0.020833334
111,0.16666667
112,0.083333336
113,0.041666668
114,0.041666668
115,0.041666668
116,0.041666668
117,0.020833334
118,0.16666667
119,0.083333336
120,0.041666668
121,0.041666668
122,0.041666668
123,0.041666668
124,0.020833334
125,0.16666667
126,0.083333336
127,0.041666668
128,0.041666668
129,0.041666668
130,0.020833334
131,0.125
132,0.083333336
133,0.083333336
134,0.041666668
135,0.041666668
136,0.041666668
137,0.041666668
138,0.020833334
139,0.125
140,0.083333336
141,0.083333336
142,0.041666668
143,0.041666668
144,0.041666668
145,0.041666668
146,0.020833334
147,0.125
148,0.083333336
149,0.083333336
150,0.041666668
151,0.041666668
152,0.041666668
153,0.041666668
154,0.020833334
155,0.041666668
156,0.125
157,0.041666668
158,0.041666668
159,0.041666668
160,0.041666668
161,0.020833334
162,0.041666668
163,0.125
164,0.041666668
165,0.041666668
166,0.041666668
167,0.041666668
168,0.020833334
169,0.041666668
170,0.125
171,0.083333336
172,0.041666668
173,0.041666668
174,0.041666668
175,0.020833334
176,0.125
177,0.083333336
178,0.083333336
179,0.041666668
180,0.041666668
181,0.041666668
182,0.041666668
183,0.020833334
184,0.041666668
185,0.125
186,0.041666668
187,0.041666668
188,0.041666668
189,0.041666668
190,0.020833334
191,0.041666668
192,0.125
193,0.041666668
194,0.041666668
195,0.041666668
196,0.041666668
197,0.020833334
198,0.041666668
199,0.125
200,0.041666668
201,0.041666668
202,0.041666668
203,0.041666668
204,0.020833334
205,0.041666668
206,0.125
207,0.083333336
208,0.041666668
209,0.041666668
210,0.041666668
211,0.020833334
212,0.041666668
213,0.125
214,0.041666668
215,0.041666668
216,0.041666668
217,0.041666668
218,0.020833334
219,0.041666668
220,0.125
221,0.041666668
222,0.041666668
223,0.041666668
224,0.041666668
225,0.020833334
226,0.041666668
227,0.125
228,0.041666668
229,0.041666668
230,0.041666668
231,0.041666668
232,0.020833334
233,0.041666668
234,0.125
235,0.083333336
236,0.041666668
237,0.041666668
238,0.020833334
239,0.041666668
240,0.125
241,0.083333336
242,0.041666668
243,0.041666668
244,0.041666668
245,0.020833334
246,0.041666668
247,0.125
248,0.041666668
249,0.041666668
250,0.041666668
251,0.041666668
252,0.020833334
253,0.041666668
254,0.125
255,0.041666668
256,0.041666668
257,0.041666668
258,0.041666668
259,0.020833334
260,0.041666668
261,0.125
262,0.041666668
263,0.041666668
264,0.041666668
265,0.041666668
266,0.020833334
267,0.041666668
268,0.125
269,0.083333336
270,0.041666668
271,0.041666668
272,0.041666668
273,0.020833334
274,0.041666668
275,0.125
276,0.041666668
277,0.041666668
278,0.041666668
279,0.041666668
280,0.020833334
281,0.041666668
282,0.125
283,0.041666668
284,0.041666668
285,0.041666668
286,0.041666668
287,0.020833334
288,0.041666668
289,0.125
290,0.041666668
291,0.041666668
292,0.041666668
293,0.041666668
294,0.020833334
295,0.041666668
296,0.125
297,0.083333336
298,0.041666668
299,0.041666668
300,0.041666668
301,0.020833334
302,0.041666668
303,0.125
304,0.041666668
305,0.041666668
306,0.041666668
307,0.041666668
308,0.020833334
309,0.041666668
310,0.125
311,0.041666668
312,0.041666668
313,0.041666668
314,0.041666668
315,0.020833334
316,0.041666668
317,0.125
318,0.041666668
319,0.041666668
320,0.041666668
321,0.041666668
322,0.020833334
323,0.041666668
324,0.125
325,0.041666668
326,0.041666668
327,0.041666668
328,0.041666668
329,0.020833334
330,0.041666668
331,0.125
332,0.083333336
333,0.041666668
334,0.041666668
335,0.041666668
336,0.020833334
337,0.041666668
338,0.125
339,0.041666668
340,0.041666668
341,0.041666668
342,0.041666668
343,0.020833334
344,0.041666668
345,0.125
346,0.041666668
347,0.041666668
348,0.041666668
349,0.041666668
350,0.020833334
351,0.041666668
352,0.125
353,0.041666668
354,0.041666668
355,0.041666668
356,0.041666668
357,0.020833334
358,0.041666668
359,0.125
360,0.041666668
361,0.041666668
362,0.041666668
363,0.041666668
364,0.041666668
365,0.020833334
366,0.041666668
367,0.125
368,0.041666668
369,0.041666668
370,0.041666668
371,0.041666668
372,0.020833334
373,0.041666668
374,0.125
375,0.041666668
376,0.041666668
377,0.041666668
378,0.041666668
379,0.020833334
380,0.041666668
381,0.125
382,0.041666668
383,0.041666668
384,0.041666668
385,0.041666668
386,0.020833334
387,0.041666668
388,0.125
389,0.041666668
390,0.041666668
391,0.041666668
392,0.041666668
393,0.020833334
394,0.041666668
395,0.125
396,0.083333336
397,0.041666668
398,0.041666668
399,0.041666668
400,0.020833334
401,0.041666668
402,0.125
403,0.041666668
404,0.041666668
405,0.041666668
406,0.041666668
407,0.020833334
408,0.041666668
409,0.125
410,0.041666668
411,0.041666668
412,0.041666668
413,0.041666668
414,0.020833334
415,0.041666668
416,0.125
417,0.041666668
418,0.041666668
419,0.041666668
420,0.041666668
421,0.020833334
422,0.041666668
423,0.125
424,0.041666668
425,0.041666668
426,0.041666668
427,0.041666668
428,0.041666668
429,0.020833334
430,0.041666668
431,0.041666668
432,0.041666668
433,0.041666668
434,0.083333336
435,0.083333336
436,0.041666668
437,0.041666668
438,0.041666668
439,0.020833334
440,0.041666668
441,0.125
442,0.041666668
443,0.041666668
444,0.041666668
445,0.041666668
446,0.020833334
447,0.041666668
448,0.125
449,0.041666668
450,0.041666668
451,0.041666668
452,0.041666668
453,0.020833334
454,0.041666668
455,0.125
456,0.041666668
457,0.041666668
458,0.041666668
459,0.041666668
460,0.041666668
461,0.020833334
462,0.041666668
463,0.041666668
464,0.041666668
465,0.041666668
466,0.083333336
467,0.083333336
468,0.041666668
469,0.041666668
470,0.041666668
471,0.020833334
472,0.041666668
473,0.041666668
474,0.041666668
475,0.083333336
476,0.083333336
477,0.041666668
478,0.041666668
479,0.041666668
480,0.020833334
481,0.041666668
482,0.125
483,0.041666668
484,0.041666668
485,0.041666668
486,0.041666668
487,0.020833334
488,0.041666668
489,0.041666668
490,0.041666668
491,0.083333336
492,0.083333336
493,0.041666668
494,0.041666668
495,0.041666668
496,0.020833334
497,0.041666668
498,0.041666668
499,0.041666668
0,0.104166664
1,0.041666668
2,0.083333336
3,0.104166664
4,0.041666668
5,0.083333336
6,0.104166664
7,0.041666668
8,0.083333336
9,0.083333336
10,0.020833334
11,0.041666668
12,0.083333336
13,0.083333336
14,0.020833334
15,0.041666668
16,0.083333336
17,0.083333336
18,0.020833334
19,0.041666668
20,0.083333336
21,0.083333336
22,0.020833334
23,0.041666668
24,0.083333336
25,0.083333336
26,0.020833334
27,0.041666668
28,0.083333336
29,0.083333336
30,0.020833334
31,0.041666668
32,0.083333336
33,0.083333336
34,0.020833334
35,0.041666668
36,0.125
37,0.041666668
38,0.041666668
39,0.020833334
40,0.041666668
41,0.083333336
42,0.104166664
43,0.041666668
44,0.083333336
45,0.083333336
46,0.020833334
47,0.041666668
48,0.083333336
49,0.083333336
50,0.020833334
51,0.041666668
52,0.083333336
53,0.083333336
54,0.020833334
55,0.041666668
56,0.083333336
57,0.083333336
58,0.020833334
59,0.041666668
60,0.083333336
61,0.083333336
62,0.020833334
63,0.041666668
64,0.083333336
65,0.083333336
66,0.020833334
67,0.041666668
68,0.083333336
69,0.083333336
70,0.020833334
71,0.041666668
72,0.083333336
73,0.083333336
74,0.020833334
75,0.041666668
76,0.083333336
77,0.083333336
78,0.020833334
79,0.041666668
80,0.083333336
81,0.083333336
82,0.020833334
83,0.041666668
84,0.083333336
85,0.083333336
86,0.020833334
87,0.041666668
88,0.083333336
89,0.083333336
90,0.020833334
91,0.041666668
92,0.083333336
93,0.041666668
94,0.041666668
95,0.041666668
96,0.041666668
97,0.041666668
98,0.020833334
99,0.041666668
100,0.083333336
101,0.041666668
102,0.041666668
103,0.041666668
104,0.041666668
105,0.041666668
106,0.041666668
107,0.020833334
108,0.041666668
109,0.125
110,0.041666668
111,0.041666668
112,0.020833334
113,0.041666668
114,0.083333336
115,0.041666668
116,0.041666668
117,0.041666668
118,0.041666668
119,0.041666668
120,0.041666668
121,0.020833334
122,0.041666668
123,0.125
124,0.041666668
125,0.041666668
126,0.020833334
127,0.041666668
128,0.083333336
129,0.041666668
130,0.041666668
131,0.041666668
132,0.041666668
133,0.041666668
134,0.041666668
135,0.020833334
136,0.041666668
137,0.125
138,0.041666668
139,0.041666668
140,0.020833334
141,0.041666668
142,0.083333336
143,0.041666668
144,0.041666668
145,0.041666668
146,0.041666668
147,0.041666668
148,0.041666668
149,0.020833334
150,0.041666668
151,0.125
152,0.041666668
153,0.041666668
154,0.020833334
155,0.041666668
156,0.083333336
157,0.041666668
158,0.041666668
159,0.041666668
160,0.041666668
161,0.041666668
162,0.041666668
163,0.020833334
164,0.041666668
165,0.125
166,0.041666668
167,0.041666668
168,0.020833334
169,0.041666668
170,0.083333336
171,0.041666668
172,0.041666668
173,0.041666668
174,0.041666668
175,0.041666668
176,0.041666668
177,0.020833334
178,0.041666668
179,0.083333336
180,0.041666668
181,0.041666668
182,0.041666668
183,0.041666668
184,0.041666668
185,0.020833334
186,0.041666668
187,0.083333336
188,0.041666668
189,0.041666668
190,0.041666668
191,0.041666668
192,0.041666668
193,0.020833334
194,0.041666668
195,0.083333336
196,0.041666668
197,0.041666668
198,0.041666668
199,0.041666668
200,0.041666668
201,0.020833334
202,0.041666668
203,0.083333336
204,0.041666668
205,0.041666668
206,0.041666668
207,0.041666668
208,0.041666668
209,0.020833334
210,0.041666668
211,0.083333336
212,0.041666668
213,0.041666668
214,0.041666668
215,0.041666668
216,0.041666668
217,0.020833334
218,0.041666668
219,0.083333336
220,0.041666668
221,0.041666668
222,0.041666668
223,0.041666668
224,0.041666668
225,0.020833334
226,0.041666668
227,0.083333336
228,0.041666668
229,0.041666668
230,0.041666668
231,0.041666668
232,0.041666668
233,0.020833334
234,0.041666668
235,0.083333336
236,0.041666668
237,0.041666668
238,0.041666668
239,0.041666668
240,0.041666668
241,0.020833334
242,0.041666668
243,0.083333336
244,0.041666668
245,0.041666668
246,0.041666668
247,0.041666668
248,0.041666668
249,0.041666668
250,0.020833334
251,0.041666668
252,0.083333336
253,0.041666668
254,0.041666668
255,0.041666668
256,0.041666668
257,0.041666668
258,0.020833334
259,0.041666668
260,0.083333336
261,0.041666668
262,0.041666668
263,0.041666668
264,0.041666668
265,0.041666668
266,0.020833334
267,0.041666668
268,0.083333336
269,0.041666668
270,0.041666668
271,0.041666668
272,0.041666668
273,0.041666668
274,0.020833334
275,0.041666668
276,0.083333336
277,0.041666668
278,0.041666668
279,0.041666668
280,0.041666668
281,0.041666668
282,0.020833334
283,0.041666668
284,0.083333336
285,0.041666668
286,0.041666668
287,0.041666668
288,0.041666668
289,0.041666668
290,0.020833334
291,0.041666668
292,0.083333336
293,0.041666668
294,0.041666668
295,0.041666668
296,0.041666668
297,0.041666668
298,0.020833334
299,0.041666668
300,0.083333336
301,0.041666668
302,0.041666668
303,0.041666668
304,0.041666668
305,0.041666668
306,0.020833334
307,0.041666668
308,0.083333336
309,0.041666668
310,0.041666668
311,0.041666668
312,0.041666668
313,0.041666668
314,0.041666668
315,0.020833334
316,0.041666668
317,0.083333336
318,0.041666668
319,0.041666668
320,0.041666668
321,0.041666668
322,0.041666668
323,0.020833334
324,0.041666668
325,0.083333336
326,0.041666668
327,0.041666668
328,0.041666668
329,0.041666668
330,0.041666668
331,0.020833334
332,0.041666668
333,0.083333336
334,0.041666668
335,0.041666668
336,0.041666668
337,0.041666668
338,0.041666668
339,0.020833334
340,0.041666668
341,0.083333336
342,0.041666668
343,0.041666668
344,0.041666668
345,0.041666668
346,0.041666668
347,0.020833334
348,0.041666668
349,0.083333336
350,0.041666668
351,0.041666668
352,0.041666668
353,0.041666668
354,0.041666668
355,0.020833334
356,0.041666668
357,0.083333336
358,0.041666668
359,0.041666668
360,0.041666668
361,0.041666668
362,0.041666668
363,0.020833334
364,0.041666668
365,0.041666668
366,0.0
367,0.0
368,0.0
369,0.0
370,0.0
371,0.0
372,0.0
373,0.0
374,0.0
375,0.0
376,0.0
377,0.0
378,0.0
379,0.0
380,0.0
381,0.0
382,0.0
383,0.0
384,0.0
385,0.0
386,0.0
387,0.0
388,0.0
389,0.0
390,0.0
391,0.0
392,0.0
393,0.0
394,0.0
395,0.0
396,0.0
397,0.0
398,0.0
399,0.0
400,0.0
401,0.0
402,0.0
403,0.0
404,0.0
405,0.0
406,0.0
407,0.0
408,0.0
409,0.0
410,0.0
411,0.0
412,0.0
413,0.0
414,0.0
415,0.0
416,0.0
417,0.0
418,0.0
419,0.0
420,0.0
421,0.0
422,0.0
423,0.0
424,0.0
425,0.0
426,0.0
427,0.0
428,0.0
429,0.0
430,0.0
431,0.0
432,0.0
433,0.0
434,0.0
435,0.0
436,0.0
437,0.0
438,0.0
439,0.0
440,0.0
441,0.0
442,0.0
443,0.0
444,0.0
445,0.0
446,0.0
447,0.0
448,0.0
449,0.0
450,0.0
451,0.0
452,0.0
453,0.0
454,0.0
455,0.0
456,0.0
457,0.0
458,0.0
459,0.0
460,0.0
461,0.0
462,0.0
463,0.0
464,0.0
465,0.0
466,0.0
467,0.0
468,0.0
469,0.0
470,0.0
471,0.0
472,0.0
473,0.0
474,0.0
475,0.0
476,0.0
477,0.0
478,0.0
479,0.0
480,0.0
481,0.0
482,0.0
483,0.0
484,0.0
485,0.0
486,0.0
487,0.0
488,0.0
489,0.0
490,0.0
491,0.0
492,0.0
493,0.0
494,0.0
495,0.0
496,0.0
497,0.0
498,0.0
499,0.0
0,0.083333336
1,0.083333336
2,0.0625
3,0.041666668
4,0.083333336
5,0.083333336
6,0.0625
7,0.041666668
8,0.083333336
9,0.083333336
10,0.0625
11,0.041666668
12,0.083333336
13,0.083333336
14,0.083333336
15,0.0625
16,0.083333336
17,0.083333336
18,0.0625
19,0.041666668
20,0.083333336
21,0.083333336
22,0.0625
23,0.041666668
24,0.083333336
25,0.083333336
26,0.0625
27,0.041666668
28,0.083333336
29,0.083333336
30,0.083333336
31,0.0625
32,0.083333336
33,0.083333336
34,0.083333336
35,0.0625
36,0.041666668
37,0.083333336
38,0.083333336
39,0.0625
40,0.041666668
41,0.083333336
42,0.083333336
43,0.0625
44,0.041666668
45,0.083333336
46,0.083333336
47,0.0625
48,0.041666668
49,0.083333336
50,0.083333336
51,0.0625
52,0.041666668
53,0.083333336
54,0.083333336
55,0.083333336
56,0.0625
57,0.083333336
58,0.083333336
59,0.083333336
60,0.0625
61,0.041666668
62,0.083333336
63,0.083333336
64,0.0625
65,0.041666668
66,0.083333336
67,0.083333336
68,0.0625
69,0.041666668
70,0.083333336
71,0.083333336
72,0.0625
73,0.041666668
74,0.083333336
75,0.083333336
76,0.0625
77,0.041666668
78,0.083333336
79,0.083333336
80,0.0625
81,0.041666668
82,0.083333336
83,0.083333336
84,0.083333336
85,0.0625
86,0.041666668
87,0.083333336
88,0.083333336
89,0.0625
90,0.041666668
91,0.083333336
92,0.083333336
93,0.0625
94,0.041666668
95,0.083333336
96,0.083333336
97,0.0625
98,0.041666668
99,0.083333336
100,0.083333336
101,0.0625
102,0.041666668
103,0.083333336
104,0.083333336
105,0.0625
106,0.041666668
107,0.083333336
108,0.083333336
109,0.0625
110,0.041666668
111,0.083333336
112,0.083333336
113,0.0625
114,0.041666668
115,0.083333336
116,0.083333336
117,0.0625
118,0.041666668
119,0.083333336
120,0.083333336
121,0.083333336
122,0.020833334
123,0.041666668
124,0.083333336
125,0.083333336
126,0.0625
127,0.041666668
128,0.083333336
129,0.083333336
130,0.0625
131,0.041666668
132,0.083333336
133,0.083333336
134,0.0625
135,0.041666668
136,0.083333336
137,0.083333336
138,0.083333336
139,0.020833334
140,0.041666668
141,0.083333336
142,0.083333336
143,0.0625
144,0.041666668
145,0.083333336
146,0.083333336
147,0.0625
148,0.041666668
149,0.083333336
150,0.083333336
151,0.0625
152,0.041666668
153,0.083333336
154,0.083333336
155,0.083333336
156,0.020833334
157,0.041666668
158,0.083333336
159,0.083333336
160,0.0625
161,0.041666668
162,0.083333336
163,0.083333336
164,0.0625
165,0.041666668
166,0.083333336
167,0.083333336
168,0.0625
169,0.041666668
170,0.083333336
171,0.083333336
172,0.0625
173,0.041666668
174,0.083333336
175,0.083333336
176,0.083333336
177,0.020833334
178,0.041666668
179,0.083333336
180,0.083333336
181,0.0625
182,0.041666668
183,0.083333336
184,0.083333336
185,0.0625
186,0.041666668
187,0.083333336
188,0.083333336
189,0.0625
190,0.041666668
191,0.083333336
192,0.083333336
193,0.083333336
194,0.020833334
195,0.041666668
196,0.083333336
197,0.083333336
198,0.0625
199,0.041666668
200,0.083333336
201,0.083333336
202,0.0625
203,0.041666668
204,0.083333336
205,0.083333336
206,0.0625
207,0.041666668
208,0.083333336
209,0.083333336
210,0.083333336
211,0.020833334
212,0.041666668
213,0.083333336
214,0.083333336
215,0.041666668
216,0.020833334
217,0.041666668
218,0.083333336
219,0.083333336
220,0.0625
221,0.041666668
222,0.083333336
223,0.083333336
224,0.0625
225,0.041666668
226,0.041666668
227,0.083333336
228,0.083333336
229,0.041666668
230,0.020833334
231,0.041666668
232,0.083333336
233,0.083333336
234,0.041666668
235,0.020833334
236,0.041666668
237,0.083333336
238,0.083333336
239,0.041666668
240,0.020833334
241,0.041666668
242,0.041666668
243,0.083333336
244,0.083333336
245,0.041666668
246,0.020833334
247,0.041666668
248,0.041666668
249,0.083333336
250,0.083333336
251,0.020833334
252,0.041666668
253,0.041666668
254,0.083333336
255,0.083333336
256,0.041666668
257,0.020833334
258,0.041666668
259,0.041666668
260,0.083333336
261,0.083333336
262,0.041666668
263,0.020833334
264,0.041666668
265,0.041666668
266,0.083333336
267,0.083333336
268,0.020833334
269,0.041666668
270,0.041666668
271,0.083333336
272,0.083333336
273,0.041666668
274,0.020833334
275,0.041666668
276,0.041666668
277,0.083333336
278,0.083333336
279,0.041666668
280,0.020833334
281,0.041666668
282,0.041666668
283,0.083333336
284,0.083333336
285,0.020833334
286,0.041666668
287,0.041666668
288,0.083333336
289,0.083333336
290,0.041666668
291,0.020833334
292,0.041666668
293,0.041666668
294,0.083333336
295,0.083333336
296,0.041666668
297,0.020833334
298,0.041666668
299,0.041666668
300,0.083333336
301,0.083333336
302,0.041666668
303,0.020833334
304,0.041666668
305,0.041666668
306,0.083333336
307,0.083333336
308,0.020833334
309,0.041666668
310,0.041666668
311,0.083333336
312,0.083333336
313,0.041666668
314,0.020833334
315,0.041666668
316,0.041666668
317,0.083333336
318,0.083333336
319,0.041666668
320,0.020833334
321,0.041666668
322,0.041666668
323,0.083333336
324,0.083333336
325,0.020833334
326,0.041666668
327,0.041666668
328,0.083333336
329,0.083333336
330,0.020833334
331,0.041666668
332,0.041666668
333,0.083333336
334,0.083333336
335,0.041666668
336,0.020833334
337,0.041666668
338,0.041666668
339,0.083333336
340,0.083333336
341,0.020833334
342,0.041666668
343,0.041666668
344,0.083333336
345,0.083333336
346,0.020833334
347,0.041666668
348,0.041666668
349,0.083333336
350,0.083333336
351,0.041666668
352,0.020833334
353,0.041666668
354,0.041666668
355,0.083333336
356,0.083333336
357,0.041666668
358,0.020833334
359,0.041666668
360,0.041666668
361,0.083333336
362,0.041666668
363,0.041666668
364,0.041666668
365,0.020833334
366,0.041666668
367,0.041666668
368,0.083333336
369,0.041666668
370,0.041666668
371,0.041666668
372,0.020833334
373,0.041666668
374,0.041666668
375,0.083333336
376,0.041666668
377,0.041666668
378,0.041666668
379,0.020833334
380,0.041666668
381,0.041666668
382,0.083333336
383,0.041666668
384,0.041666668
385,0.041666668
386,0.020833334
387,0.041666668
388,0.041666668
389,0.083333336
390,0.041666668
391,0.041666668
392,0.041666668
393,0.020833334
394,0.041666668
395,0.041666668
396,0.083333336
397,0.041666668
398,0.041666668
399,0.041666668
400,0.020833334
401,0.041666668
402,0.041666668
403,0.083333336
404,0.041666668
405,0.041666668
406,0.041666668
407,0.020833334
408,0.041666668
409,0.041666668
410,0.083333336
411,0.041666668
412,0.041666668
413,0.041666668
414,0.020833334
415,0.041666668
416,0.041666668
417,0.083333336
418,0.041666668
419,0.041666668
420,0.041666668
421,0.020833334
422,0.041666668
423,0.041666668
424,0.083333336
425,0.041666668
426,0.041666668
427,0.041666668
428,0.020833334
429,0.041666668
430,0.041666668
431,0.083333336
432,0.041666668
433,0.041666668
434,0.041666668
435,0.020833334
436,0.041666668
437,0.041666668
438,0.083333336
439,0.041666668
440,0.041666668
441,0.041666668
442,0.020833334
443,0.041666668
444,0.041666668
445,0.083333336
446,0.041666668
447,0.041666668
448,0.041666668
449,0.020833334
450,0.041666668
451,0.041666668
452,0.083333336
453,0.041666668
454,0.041666668
455,0.041666668
456,0.020833334
457,0.041666668
458,0.041666668
459,0.083333336
460,0.041666668
461,0.041666668
462,0.041666668
463,0.020833334
464,0.041666668
465,0.041666668
466,0.083333336
467,0.041666668
468,0.041666668
469,0.041666668
470,0.020833334
471,0.041666668
472,0.041666668
473,0.083333336
474,0.041666668
475,0.041666668
476,0.041666668
477,0.020833334
478,0.041666668
479,0.041666668
480,0.083333336
481,0.041666668
482,0.041666668
483,0.041666668
484,0.020833334
485,0.041666668
486,0.041666668
487,0.083333336
488,0.041666668
489,0.041666668
490,0.041666668
491,0.020833334
492,0.041666668
493,0.041666668
494,0.083333336
495,0.041666668
496,0.041666668
497,0.041666668
498,0.020833334
499,0.041666668
0,0.104166664
1,0.083333336
2,0.0625
3,0.041666668
4,0.083333336
5,0.083333336
6,0.083333336
7,0.0625
8,0.083333336
9,0.083333336
10,0.083333336
11,0.0625
12,0.041666668
13,0.083333336
14,0.083333336
15,0.083333336
16,0.0625
17,0.083333336
18,0.083333336
19,0.083333336
20,0.0625
21,0.041666668
22,0.083333336
23,0.083333336
24,0.0625
25,0.041666668
26,0.083333336
27,0.083333336
28,0.083333336
29,0.0625
30,0.041666668
31,0.083333336
32,0.083333336
33,0.083333336
34,0.0625
35,0.041666668
36,0.083333336
37,0.083333336
38,0.0625
39,0.041666668
40,0.083333336
41,0.083333336
42,0.0625
43,0.041666668
44,0.083333336
45,0.083333336
46,0.083333336
47,0.0625
48,0.041666668
49,0.083333336
50,0.083333336
51,0.083333336
52,0.0625
53,0.041666668
54,0.083333336
55,0.083333336
56,0.0625
57,0.041666668
58,0.083333336
59,0.083333336
60,0.0625
61,0.041666668
62,0.083333336
63,0.083333336
64,0.083333336
65,0.0625
66,0.041666668
67,0.083333336
68,0.083333336
69,0.083333336
70,0.0625
71,0.041666668
72,0.083333336
73,0.083333336
74,0.0625
75,0.041666668
76,0.083333336
77,0.083333336
78,0.0625
79,0.041666668
80,0.083333336
81,0.083333336
82,0.083333336
83,0.0625
84,0.041666668
85,0.083333336
86,0.083333336
87,0.083333336
88,0.0625
89,0.041666668
90,0.083333336
91,0.083333336
92,0.0625
93,0.041666668
94,0.083333336
95,0.083333336
96,0.0625
97,0.041666668
98,0.083333336
99,0.083333336
100,0.083333336
101,0.0625
102,0.041666668
103,0.083333336
104,0.083333336
105,0.083333336
106,0.0625
107,0.041666668
108,0.083333336
109,0.083333336
110,0.0625
111,0.041666668
112,0.083333336
113,0.083333336
114,0.0625
115,0.041666668
116,0.083333336
117,0.083333336
118,0.0625
119,0.041666668
120,0.083333336
121,0.083333336
122,0.083333336
123,0.0625
124,0.041666668
125,0.083333336
126,0.083333336
127,0.0625
128,0.041666668
129,0.083333336
130,0.083333336
131,0.0625
132,0.041666668
133,0.083333336
134,0.083333336
135,0.0625
136,0.041666668
137,0.083333336
138,0.083333336
139,0.083333336
140,0.0625
141,0.041666668
142,0.083333336
143,0.083333336
144,0.083333336
145,0.0625
146,0.041666668
147,0.083333336
148,0.083333336
149,0.0625
150,0.041666668
151,0.083333336
152,0.083333336
153,0.0625
154,0.041666668
155,0.083333336
156,0.083333336
157,0.083333336
158,0.0625
159,0.041666668
160,0.083333336
161,0.083333336
162,0.083333336
163,0.0625
164,0.041666668
165,0.083333336
166,0.083333336
167,0.0625
168,0.041666668
169,0.083333336
170,0.083333336
171,0.0625
172,0.041666668
173,0.083333336
174,0.083333336
175,0.083333336
176,0.0625
177,0.041666668
178,0.083333336
179,0.083333336
180,0.083333336
181,0.0625
182,0.041666668
183,0.083333336
184,0.083333336
185,0.0625
186,0.041666668
187,0.083333336
188,0.083333336
189,0.0625
190,0.041666668
191,0.083333336
192,0.083333336
193,0.083333336
194,0.020833334
195,0.041666668
196,0.083333336
197,0.083333336
198,0.0625
199,0.041666668
200,0.083333336
201,0.083333336
202,0.0625
203,0.041666668
204,0.041666668
205,0.083333336
206,0.083333336
207,0.0625
208,0.041666668
209,0.083333336
210,0.083333336
211,0.0625
212,0.041666668
213,0.041666668
214,0.083333336
215,0.083333336
216,0.0625
217,0.041666668
218,0.083333336
219,0.083333336
220,0.0625
221,0.041666668
222,0.041666668
223,0.083333336
224,0.083333336
225,0.0625
226,0.041666668
227,0.041666668
228,0.083333336
229,0.083333336
230,0.0625
231,0.041666668
232,0.083333336
233,0.083333336
234,0.0625
235,0.041666668
236,0.041666668
237,0.083333336
238,0.083333336
239,0.0625
240,0.041666668
241,0.083333336
242,0.083333336
243,0.0625
244,0.041666668
245,0.041666668
246,0.083333336
247,0.083333336
248,0.0625
249,0.041666668
250,0.083333336
251,0.083333336
252,0.0625
253,0.041666668
254,0.041666668
255,0.083333336
256,0.083333336
257,0.0625
258,0.041666668
259,0.083333336
260,0.083333336
261,0.0625
262,0.041666668
263,0.041666668
264,0.083333336
265,0.083333336
266,0.0625
267,0.041666668
268,0.041666668
269,0.083333336
270,0.083333336
271,0.020833334
272,0.041666668
273,0.041666668
274,0.083333336
275,0.083333336
276,0.0625
277,0.041666668
278,0.041666668
279,0.083333336
280,0.083333336
281,0.020833334
282,0.041666668
283,0.041666668
284,0.083333336
285,0.083333336
286,0.0625
287,0.041666668
288,0.041666668
289,0.083333336
290,0.083333336
291,0.020833334
292,0.041666668
293,0.041666668
294,0.083333336
295,0.083333336
296,0.0625
297,0.041666668
298,0.041666668
299,0.083333336
300,0.083333336
301,0.020833334
302,0.041666668
303,0.041666668
304,0.083333336
305,0.083333336
306,0.041666668
307,0.020833334
308,0.041666668
309,0.041666668
310,0.083333336
311,0.083333336
312,0.020833334
313,0.041666668
314,0.041666668
315,0.083333336
316,0.083333336
317,0.041666668
318,0.020833334
319,0.041666668
320,0.041666668
321,0.083333336
322,0.083333336
323,0.041666668
324,0.020833334
325,0.041666668
326,0.041666668
327,0.083333336
328,0.083333336
329,0.041666668
330,0.020833334
331,0.041666668
332,0.041666668
333,0.083333336
334,0.083333336
335,0.041666668
336,0.020833334
337,0.041666668
338,0.041666668
339,0.083333336
340,0.083333336
341,0.0625
342,0.041666668
343,0.041666668
344,0.083333336
345,0.083333336
346,0.041666668
347,0.020833334
348,0.041666668
349,0.041666668
350,0.083333336
351,0.083333336
352,0.041666668
353,0.020833334
354,0.041666668
355,0.041666668
356,0.083333336
357,0.083333336
358,0.041666668
359,0.020833334
360,0.041666668
361,0.041666668
362,0.083333336
363,0.083333336
364,0.041666668
365,0.020833334
366,0.041666668
367,0.041666668
368,0.083333336
369,0.083333336
370,0.041666668
371,0.020833334
372,0.041666668
373,0.041666668
374,0.083333336
375,0.083333336
376,0.041666668
377,0.020833334
378,0.041666668
379,0.041666668
380,0.083333336
381,0.083333336
382,0.041666668
383,0.020833334
384,0.041666668
385,0.041666668
386,0.083333336
387,0.083333336
388,0.083333336
389,0.020833334
390,0.041666668
391,0.041666668
392,0.083333336
393,0.083333336
394,0.041666668
395,0.020833334
396,0.041666668
397,0.041666668
398,0.083333336
399,0.083333336
400,0.041666668
401,0.020833334
402,0.041666668
403,0.041666668
404,0.083333336
405,0.083333336
406,0.041666668
407,0.020833334
408,0.041666668
409,0.041666668
410,0.083333336
411,0.083333336
412,0.041666668
413,0.020833334
414,0.041666668
415,0.041666668
416,0.083333336
417,0.083333336
418,0.041666668
419,0.020833334
420,0.041666668
421,0.041666668
422,0.083333336
423,0.083333336
424,0.041666668
425,0.020833334
426,0.041666668
427,0.041666668
428,0.083333336
429,0.083333336
430,0.041666668
431,0.020833334
432,0.041666668
433,0.041666668
434,0.083333336
435,0.083333336
436,0.041666668
437,0.041666668
438,0.020833334
439,0.041666668
440,0.041666668
441,0.083333336
442,0.083333336
443,0.041666668
444,0.020833334
445,0.041666668
446,0.041666668
447,0.083333336
448,0.083333336
449,0.041666668
450,0.020833334
451,0.041666668
452,0.041666668
453,0.083333336
454,0.083333336
455,0.041666668
456,0.020833334
457,0.041666668
458,0.041666668
459,0.083333336
460,0.083333336
461,0.041666668
462,0.020833334
463,0.041666668
464,0.041666668
465,0.083333336
466,0.083333336
467,0.041666668
468,0.020833334
469,0.041666668
470,0.041666668
471,0.083333336
472,0.083333336
473,0.041666668
474,0.020833334
475,0.041666668
476,0.041666668
477,0.083333336
478,0.083333336
479,0.041666668
480,0.020833334
481,0.041666668
482,0.041666668
483,0.083333336
484,0.083333336
485,0.041666668
486,0.041666668
487,0.020833334
488,0.041666668
489,0.041666668
490,0.083333336
491,0.083333336
492,0.041666668
493,0.020833334
494,0.041666668
495,0.041666668
496,0.083333336
497,0.083333336
498,0.041666668
499,0.020833334
0,0.041666668
1,0.0
2,0.0
3,0.0
4,0.0
5,0.0
6,0.0
7,0.0
8,0.0
9,0.0
10,0.0
11,0.0
12,0.0
13,0.0
14,0.0
15,0.0
16,0.0
17,0.0
18,0.0
19,0.0
20,0.0
21,0.0
22,0.0
23,0.0
24,0.0
25,0.0
26,0.0
27,0.0
28,0.0
29,0.0
30,0.0
31,0.0
32,0.0
33,0.0
34,0.0
35,0.0
36,0.0
37,0.0
38,0.0
39,0.0
40,0.0
41,0.0
42,0.0
43,0.0
44,0.0
45,0.0
46,0.0
47,0.0
48,0.0
49,0.0
50,0.0
51,0.0
52,0.0
53,0.0
54,0.0
55,0.0
56,0.0
57,0.0
58,0.0
59,0.0
60,0.0
61,0.0
62,0.0
63,0.0
64,0.0
65,0.0
66,0.0
67,0.0
68,0.0
69,0.0
70,0.0
71,0.0
72,0.0
73,0.0
74,0.0
75,0.0
76,0.0
77,0.0
78,0.0
79,0.0
80,0.0
81,0.0
82,0.0
83,0.0
84,0.0
85,0.0
86,0.0
87,0.0
88,0.0
89,0.0
90,0.0
91,0.0
92,0.0
93,0.0
94,0.0
95,0.0
96,0.0
97,0.0
98,0.0
99,0.0
100,0.0
101,0.0
102,0.0
103,0.0
104,0.0
105,0.0
106,0.0
107,0.0
108,0.0
109,0.0
110,0.0
111,0.0
112,0.0
113,0.0
114,0.0
115,0.0
116,0.0
117,0.0
118,0.0
119,0.0
120,0.0
121,0.0
122,0.0
123,0.0
124,0.0
125,0.0
126,0.0
127,0.0
128,0.0
129,0.0
130,0.0
131,0.0
132,0.0
133,0.0
134,0.0
135,0.0
136,0.0
137,0.0
138,0.0
139,0.0
140,0.0
141,0.0
142,0.0
143,0.0
144,0.0
145,0.0
146,0.0
147,0.0
148,0.0
149,0.0
150,0.0
151,0.0
152,0.0
153,0.0
154,0.0
155,0.0
156,0.0
157,0.0
158,0.0
159,0.0
160,0.0
161,0.0
162,0.0
163,0.0
164,0.0
165,0.0
166,0.0
167,0.0
168,0.0
169,0.0
170,0.0
171,0.0
172,0.0
173,0.0
174,0.0
175,0.0
176,0.0
177,0.0
178,0.0
179,0.0
180,0.0
181,0.0
182,0.0
183,0.0
184,0.0
185,0.0
186,0.0
187,0.0
188,0.0
189,0.0
190,0.0
191,0.0
192,0.0
193,0.0
194,0.0
195,0.0
196,0.0
197,0.0
198,0.0
199,0.0
200,0.0
201,0.0
202,0.0
203,0.0
204,0.0
205,0.0
206,0.0
207,0.0
208,0.0
209,0.0
210,0.0
211,0.0
212,0.0
213,0.0
214,0.0
215,0.0
216,0.0
217,0.0
218,0.0
219,0.0
220,0.0
221,0.0
222,0.0
223,0.0
224,0.0
225,0.0
226,0.0
227,0.0
228,0.0
229,0.0
230,0.0
231,0.0
232,0.0
233,0.0
234,0.0
235,0.0
236,0.0
237,0.0
238,0.0
239,0.0
240,0.0
241,0.0
242,0.0
243,0.0
244,0.0
245,0.0
246,0.0
247,0.0
248,0.0
249,0.0
250,0.0
251,0.0
252,0.0
253,0.0
254,0.0
255,0.0
256,0.0
257,0.0
258,0.0
259,0.0
260,0.0
261,0.0
262,0.0
263,0.0
264,0.0
265,0.0
266,0.0
267,0.0
268,0.0
269,0.0
270,0.0
271,0.0
272,0.0
273,0.0
274,0.0
275,0.0
276,0.0
277,0.0
278,0.0
279,0.0
280,0.0
281,0.0
282,0.0
283,0.0
284,0.0
285,0.0
286,0.0
287,0.0
288,0.0
289,0.0
290,0.0
291,0.0
292,0.0
293,0.0
294,0.0
295,0.0
296,0.0
297,0.0
298,0.0
299,0.0
300,0.0
301,0.0
302,0.0
303,0.0
304,0.0
305,0.0
306,0.0
307,0.0
308,0.0
309,0.0
310,0.0
311,0.0
312,0.0
313,0.0
314,0.0
315,0.0
316,0.0
317,0.0
318,0.0
319,0.0
320,0.0
321,0.0
322,0.0
323,0.0
324,0.0
325,0.0
326,0.0
327,0.0
328,0.0
329,0.0
330,0.0
331,0.0
332,0.0
333,0.0
334,0.0
335,0.0
336,0.0
337,0.0
338,0.0
339,0.0
340,0.0
341,0.0
342,0.0
343,0.0
344,0.0
345,0.0
346,0.0
347,0.0
348,0.0
349,0.0
350,0.0
351,0.0
352,0.0
353,0.0
354,0.0
355,0.0
356,0.0
357,0.0
358,0.0
359,0.0
360,0.0
361,0.0
362,0.0
363,0.0
364,0.0
365,0.0
366,0.0
367,0.0
368,0.0
369,0.0
370,0.0
371,0.0
372,0.0
373,0.0
374,0.0
375,0.0
376,0.0
377,0.0
378,0.0
379,0.0
380,0.0
381,0.0
382,0.0
383,0.0
384,0.0
385,0.0
386,0.0
387,0.0
388,0.0
389,0.0
390,0.0
391,0.0
392,0.0
393,0.0
394,0.0
395,0.0
396,0.0
397,0.0
398,0.0
399,0.0
400,0.0
401,0.0
402,0.0
403,0.0
404,0.0
405,0.0
406,0.0
407,0.0
408,0.0
409,0.0
410,0.0
411,0.0
412,0.0
413,0.0
414,0.0
415,0.0
416,0.0
417,0.0
418,0.0
419,0.0
420,0.0
421,0.0
422,0.0
423,0.0
424,0.0
425,0.0
426,0.0
427,0.0
428,0.0
429,0.0
430,0.0
431,0.0
432,0.0
433,0.0
434,0.0
435,0.0
436,0.0
437,0.0
438,0.0
439,0.0
440,0.0
441,0.0
442,0.0
443,0.0
444,0.0
445,0.0
446,0.0
447,0.0
448,0.0
449,0.0
450,0.0
451,0.0
452,0.0
453,0.0
454,0.0
455,0.0
456,0.0
457,0.0
458,0.0
459,0.0
460,0.0
461,0.0
462,0.0
463,0.0
464,0.0
465,0.0
466,0.0
467,0.0
468,0.0
469,0.0
470,0.0
471,0.0
472,0.0
473,0.0
474,0.0
475,0.0
476,0.0
477,0.0
478,0.0
479,0.0
480,0.0
481,0.0
482,0.0
483,0.0
484,0.0
485,0.0
486,0.0
487,0.0
488,0.0
489,0.0
490,0.0
491,0.0
492,0.0
493,0.0
494,0.0
495,0.0
496,0.0
497,0.0
498,0.0
499,0.0
