0,2.0
1,4.125
2,6.1875
3,8.0625
4,9.5625
5,11.375
6,13.1875
7,14.5625
8,16.125
9,17.5
10,18.75
11,20.0
12,21.0625
13,22.0
14,22.9375
15,23.875
16,24.8125
17,25.75
18,26.6875
19,27.5
20,28.3125
21,29.125
22,29.9375
23,30.75
24,31.6875
25,32.375
26,32.9375
27,33.75
28,34.5625
29,35.375
30,36.1875
31,36.875
32,37.5625
33,38.25
34,38.8125
35,39.5
36,40.3125
37,40.875
38,41.4375
39,42.0
40,42.5625
41,43.375
42,43.9375
43,44.5
44,44.875
45,45.25
46,45.8125
47,46.1875
48,46.5625
49,47.0
50,47.25
51,47.625
52,48.0
53,48.375
54,48.75
55,49.1875
56,49.5625
57,49.9375
58,50.3125
59,50.6875
60,51.0625
61,51.4375
62,51.8125
63,52.1875
64,52.5625
65,52.8125
66,53.0625
67,53.3125
68,53.5625
69,53.9375
70,54.1875
71,54.4375
72,54.6875
73,54.9375
74,55.1875
75,55.4375
76,55.6875
77,55.9375
78,56.1875
79,56.5625
80,56.8125
81,57.0625
82,57.3125
83,57.5625
84,57.8125
85,58.0625
86,58.3125
87,58.5625
88,58.8125
89,59.1875
90,59.4375
91,59.6875
92,59.9375
93,60.1875
94,60.4375
95,60.6875
96,60.9375
97,61.1875
98,61.4375
99,61.6875
100,62.0625
101,62.3125
102,62.5625
103,62.8125
104,63.0625
105,63.3125
106,63.5625
107,63.8125
108,64.0625
109,64.3125
110,64.5625
111,64.8125
112,65.1875
113,65.4375
114,65.6875
115,65.9375
116,66.1875
117,66.4375
118,66.6875
119,66.9375
120,67.1875
121,67.4375
122,67.6875
123,67.9375
124,68.1875
125,68.5625
126,68.8125
127,69.0625
128,69.3125
129,69.5625
130,69.8125
131,70.0625
132,70.3125
133,70.5625
134,70.8125
135,71.0625
136,71.3125
137,71.5625
138,71.8125
139,72.0625
140,72.3125
141,72.5625
142,72.6875
143,72.8125
144,73.0625
145,73.1875
146,73.3125
147,73.5625
148,73.6875
149,73.8125
150,73.9375
151,74.1875
152,74.3125
153,74.4375
154,74.5625
155,74.8125
156,74.9375
157,75.0625
158,75.1875
159,75.4375
160,75.5625
161,75.6875
162,75.9375
163,76.0625
164,76.1875
165,76.3125
166,76.5625
167,76.6875
168,76.8125
169,76.9375
170,77.1875
171,77.3125
172,77.4375
173,77.5625
174,77.8125
175,77.9375
176,78.0625
177,78.1875
178,78.4375
179,78.5625
180,78.6875
181,78.9375
182,79.0625
183,79.1875
184,79.3125
185,79.5625
186,79.6875
187,79.8125
188,79.9375
189,80.1875
190,80.3125
191,80.4375
192,80.5625
193,80.8125
194,80.9375
195,81.0625
196,81.1875
197,81.4375
198,81.5625
199,81.6875
200,81.8125
201,82.0625
202,82.1875
203,82.3125
204,82.4375
205,82.6875
206,82.8125
207,82.9375
208,83.0625
209,83.3125
210,83.625
211,83.875
212,84.1875
213,84.4375
214,84.5625
215,84.875
216,85.125
217,85.25
218,85.5625
219,85.8125
220,85.9375
221,86.25
222,86.5
223,86.625
224,86.9375
225,87.1875
226,87.3125
227,87.4375
228,87.5625
229,87.6875
230,87.8125
231,87.9375
232,88.0625
233,88.1875
234,88.3125
235,88.4375
236,88.5625
237,88.6875
238,88.8125
239,88.9375
240,89.0625
241,89.3125
242,89.4375
243,89.5625
244,89.6875
245,89.9375
246,90.0625
247,90.1875
248,90.3125
249,90.5625
250,90.6875
251,90.8125
252,90.9375
253,91.1875
254,91.3125
255,91.4375
256,91.5625
257,91.6875
258,91.8125
259,92.0625
260,92.375
261,92.625
262,93.0625
263,93.1875
264,93.3125
265,93.5625
266,93.875
267,94.125
268,94.25
269,94.375
270,94.5
271,94.625
272,94.75
273,94.875
274,95.0
275,95.125
276,95.25
277,95.375
278,95.5
279,95.625
280,95.75
281,95.875
282,96.0
283,96.125
284,96.25
285,96.375
286,96.625
287,96.75
288,96.875
289,97.0
290,97.25
291,97.375
292,97.5
293,97.625
294,97.75
295,97.875
296,98.0
297,98.25
298,98.5625
299,98.8125
300,98.9375
301,99.0625
302,99.1875
303,99.3125
304,99.4375
305,99.5625
306,99.6875
307,99.8125
308,99.9375
309,100.0625
310,100.1875
311,100.3125
312,100.4375
313,100.5625
314,100.6875
315,100.8125
316,100.9375
317,101.1875
318,101.3125
319,101.4375
320,101.5625
321,101.8125
322,101.9375
323,102.0625
324,102.3125
325,102.4375
326,102.5625
327,102.6875
328,102.9375
329,103.0625
330,103.1875
331,103.3125
332,103.4375
333,103.5625
334,103.6875
335,103.9375
336,104.25
337,104.5
338,104.625
339,104.75
340,104.875
341,105.0
342,105.125
343,105.25
344,105.375
345,105.5
346,105.625
347,105.75
348,105.875
349,106.0
350,106.125
351,106.25
352,106.375
353,106.5
354,106.625
355,106.875
356,107.0
357,107.125
358,107.25
359,107.5
360,107.625
361,107.75
362,107.875
363,108.125
364,108.25
365,108.375
366,108.625
367,108.75
368,108.875
369,109.0
370,109.25
371,109.375
372,109.5
373,109.625
374,109.75
375,109.875
376,110.0
377,110.125
378,110.375
379,110.6875
380,110.9375
381,111.0625
382,111.1875
383,111.3125
384,111.4375
385,111.5625
386,111.6875
387,111.8125
388,111.9375
389,112.0625
390,112.1875
391,112.3125
392,112.4375
393,112.5625
394,112.6875
395,112.8125
396,113.0625
397,113.1875
398,113.3125
399,113.4375
400,113.6875
401,113.8125
402,113.9375
403,114.0625
404,114.1875
405,114.3125
406,114.4375
407,114.5625
408,114.8125
409,115.125
410,115.375
411,115.5
412,115.625
413,115.75
414,115.875
415,116.0
416,116.125
417,116.25
418,116.375
419,116.5
420,116.625
421,116.75
422,116.875
423,117.0
424,117.125
425,117.25
426,117.5
427,117.625
428,117.75
429,117.875
430,118.125
431,118.25
432,118.375
433,118.625
434,118.75
435,118.875
436,119.0
437,119.125
438,119.25
439,119.375
440,119.5
441,119.75
442,120.0625
443,120.3125
444,120.4375
445,120.5625
446,120.6875
447,120.8125
448,120.9375
449,121.0625
450,121.1875
451,121.3125
452,121.4375
453,121.5625
454,121.6875
455,121.8125
456,121.9375
457,122.0625
458,122.1875
459,122.4375
460,122.5625
461,122.6875
462,122.8125
463,123.0625
464,123.1875
465,123.3125
466,123.4375
467,123.5625
468,123.6875
469,123.8125
470,123.9375
471,124.0625
472,124.3125
473,124.6875
474,125.0
475,125.375
476,125.6875
477,125.8125
478,125.9375
479,126.0625
480,126.1875
481,126.3125
482,126.4375
483,126.5625
484,126.6875
485,126.8125
486,126.9375
487,127.0625
488,127.1875
489,127.3125
490,127.4375
491,127.5625
492,127.6875
493,127.8125
494,127.9375
495,128.1875
496,128.3125
497,128.4375
498,128.5625
499,128.8125
0,0.8125
1,1.375
2,1.8125
3,2.25
4,2.6875
5,3.125
6,3.5625
7,4.0
8,4.4375
9,4.875
10,5.3125
11,5.75
12,6.1875
13,6.625
14,7.0625
15,7.5
16,7.9375
17,8.375
18,8.8125
19,9.25
20,9.6875
21,10.125
22,10.5625
23,11.0
24,11.4375
25,11.875
26,12.1875
27,12.75
28,13.0625
29,13.625
30,13.9375
31,14.5
32,14.8125
33,15.375
34,15.6875
35,16.25
36,16.5625
37,17.125
38,17.4375
39,18.0
40,18.25
41,18.5625
42,18.8125
43,19.0
44,19.25
45,19.5625
46,19.8125
47,19.9375
48,20.125
49,20.375
50,20.6875
51,20.9375
52,21.0625
53,21.375
54,21.625
55,21.8125
56,22.0625
57,22.1875
58,22.3125
59,22.5
60,22.75
61,22.875
62,23.0
63,23.1875
64,23.4375
65,23.5625
66,23.6875
67,23.875
68,24.125
69,24.25
70,24.375
71,24.5625
72,24.8125
73,24.9375
74,25.0625
75,25.25
76,25.5
77,25.625
78,25.75
79,25.9375
80,26.1875
81,26.3125
82,26.4375
83,26.625
84,26.875
85,27.0
86,27.125
87,27.3125
88,27.5625
89,27.6875
90,27.8125
91,28.0
92,28.25
93,28.375
94,28.5
95,28.6875
96,28.9375
97,29.0625
98,29.1875
99,29.375
100,29.625
101,29.75
102,29.875
103,30.0625
104,30.3125
105,30.4375
106,30.5625
107,30.75
108,31.0
109,31.125
110,31.25
111,31.4375
112,31.6875
113,31.8125
114,31.9375
115,32.125
116,32.375
117,32.5
118,32.625
119,32.8125
120,33.0625
121,33.1875
122,33.3125
123,33.5
124,33.75
125,33.875
126,34.0
127,34.1875
128,34.4375
129,34.5625
130,34.6875
131,34.875
132,35.125
133,35.25
134,35.375
135,35.5625
136,35.8125
137,35.9375
138,36.0625
139,36.25
140,36.5
141,36.625
142,36.75
143,36.9375
144,37.1875
145,37.3125
146,37.4375
147,37.625
148,37.875
149,38.0
150,38.125
151,38.3125
152,38.5625
153,38.6875
154,38.8125
155,39.0
156,39.25
157,39.375
158,39.5
159,39.6875
160,39.9375
161,40.0625
162,40.1875
163,40.375
164,40.625
165,40.75
166,40.875
167,41.0625
168,41.3125
169,41.4375
170,41.5625
171,41.75
172,42.0
173,42.125
174,42.25
175,42.4375
176,42.6875
177,42.9375
178,43.0625
179,43.1875
180,43.3125
181,43.4375
182,43.5625
183,43.75
184,44.0
185,44.25
186,44.375
187,44.5
188,44.625
189,44.75
190,44.875
191,45.0625
192,45.3125
193,45.5625
194,45.6875
195,45.8125
196,45.9375
197,46.0625
198,46.1875
199,46.375
200,46.625
201,46.875
202,47.0
203,47.125
204,47.25
205,47.375
206,47.5
207,47.625
208,47.6875
209,47.6875
210,47.6875
211,47.6875
212,47.6875
213,47.6875
214,47.6875
215,47.6875
216,47.6875
217,47.6875
218,47.6875
219,47.6875
220,47.6875
221,47.6875
222,47.6875
223,47.6875
224,47.6875
225,47.6875
226,47.6875
227,47.6875
228,47.6875
229,47.6875
230,47.6875
231,47.6875
232,47.6875
233,47.6875
234,47.6875
235,47.6875
236,47.6875
237,47.6875
238,47.6875
239,47.6875
240,47.6875
241,47.6875
242,47.6875
243,47.6875
244,47.6875
245,47.6875
246,47.6875
247,47.6875
248,47.6875
249,47.6875
250,47.6875
251,47.6875
252,47.6875
253,47.6875
254,47.6875
255,47.6875
256,47.6875
257,47.6875
258,47.6875
259,47.6875
260,47.6875
261,47.6875
262,47.6875
263,47.6875
264,47.6875
265,47.6875
266,47.6875
267,47.6875
268,47.6875
269,47.6875
270,47.6875
271,47.6875
272,47.6875
273,47.6875
274,47.6875
275,47.6875
276,47.6875
277,47.6875
278,47.6875
279,47.6875
280,47.6875
281,47.6875
282,47.6875
283,47.6875
284,47.6875
285,47.6875
286,47.6875
287,47.6875
288,47.6875
289,47.6875
290,47.6875
291,47.6875
292,47.6875
293,47.6875
294,47.6875
295,47.6875
296,47.6875
297,47.6875
298,47.6875
299,47.6875
300,47.6875
301,47.6875
302,47.6875
303,47.6875
304,47.6875
305,47.6875
306,47.6875
307,47.6875
308,47.6875
309,47.6875
310,47.6875
311,47.6875
312,47.6875
313,47.6875
314,47.6875
315,47.6875
316,47.6875
317,47.6875
318,47.6875
319,47.6875
320,47.6875
321,47.6875
322,47.6875
323,47.6875
324,47.6875
325,47.6875
326,47.6875
327,47.6875
328,47.6875
329,47.6875
330,47.6875
331,47.6875
332,47.6875
333,47.6875
334,47.6875
335,47.6875
336,47.6875
337,47.6875
338,47.6875
339,47.6875
340,47.6875
341,47.6875
342,47.6875
343,47.6875
344,47.6875
345,47.6875
346,47.6875
347,47.6875
348,47.6875
349,47.6875
350,47.6875
351,47.6875
352,47.6875
353,47.6875
354,47.6875
355,47.6875
356,47.6875
357,47.6875
358,47.6875
359,47.6875
360,47.6875
361,47.6875
362,47.6875
363,47.6875
364,47.6875
365,47.6875
366,47.6875
367,47.6875
368,47.6875
369,47.6875
370,47.6875
371,47.6875
372,47.6875
373,47.6875
374,47.6875
375,47.6875
376,47.6875
377,47.6875
378,47.6875
379,47.6875
380,47.6875
381,47.6875
382,47.6875
383,47.6875
384,47.6875
385,47.6875
386,47.6875
387,47.6875
388,47.6875
389,47.6875
390,47.6875
391,47.6875
392,47.6875
393,47.6875
394,47.6875
395,47.6875
396,47.6875
397,47.6875
398,47.6875
399,47.6875
400,47.6875
401,47.6875
402,47.6875
403,47.6875
404,47.6875
405,47.6875
406,47.6875
407,47.6875
408,47.6875
409,47.6875
410,47.6875
411,47.6875
412,47.6875
413,47.6875
414,47.6875
415,47.6875
416,47.6875
417,47.6875
418,47.6875
419,47.6875
420,47.6875
421,47.6875
422,47.6875
423,47.6875
424,47.6875
425,47.6875
426,47.6875
427,47.6875
428,47.6875
429,47.6875
430,47.6875
431,47.6875
432,47.6875
433,47.6875
434,47.6875
435,47.6875
436,47.6875
437,47.6875
438,47.6875
439,47.6875
440,47.6875
441,47.6875
442,47.6875
443,47.6875
444,47.6875
445,47.6875
446,47.6875
447,47.6875
448,47.6875
449,47.6875
450,47.6875
451,47.6875
452,47.6875
453,47.6875
454,47.6875
455,47.6875
456,47.6875
457,47.6875
458,47.6875
459,47.6875
460,47.6875
461,47.6875
462,47.6875
463,47.6875
464,47.6875
465,47.6875
466,47.6875
467,47.6875
468,47.6875
469,47.6875
470,47.6875
471,47.6875
472,47.6875
473,47.6875
474,47.6875
475,47.6875
476,47.6875
477,47.6875
478,47.6875
479,47.6875
480,47.6875
481,47.6875
482,47.6875
483,47.6875
484,47.6875
485,47.6875
486,47.6875
487,47.6875
488,47.6875
489,47.6875
490,47.6875
491,47.6875
492,47.6875
493,47.6875
494,47.6875
495,47.6875
496,47.6875
497,47.6875
498,47.6875
499,47.6875
0,0.8125
1,1.625
2,2.25
3,2.8125
4,3.5
5,4.125
6,4.6875
7,5.375
8,5.6875
9,6.375
10,6.6875
11,7.375
12,7.9375
13,8.5625
14,9.125
15,9.8125
16,10.125
17,10.8125
18,11.375
19,11.9375
20,12.5
21,13.125
22,13.6875
23,14.375
24,14.9375
25,15.5
26,16.0625
27,16.625
28,17.125
29,17.5
30,18.0625
31,18.625
32,19.0625
33,19.5
34,19.9375
35,20.125
36,20.5
37,21.0625
38,21.5
39,21.625
40,22.0625
41,22.625
42,23.1875
43,23.75
44,24.1875
45,24.3125
46,24.75
47,25.3125
48,25.875
49,26.4375
50,26.8125
51,26.9375
52,27.0625
53,27.5
54,28.0625
55,28.625
56,28.875
57,29.125
58,29.375
59,29.625
60,29.875
61,30.125
62,30.375
63,30.625
64,30.875
65,31.125
66,31.375
67,31.625
68,31.875
69,32.125
70,32.375
71,32.625
72,32.875
73,33.125
74,33.375
75,33.625
76,33.875
77,34.125
78,34.375
79,34.625
80,34.875
81,35.125
82,35.375
83,35.625
84,35.875
85,36.125
86,36.375
87,36.625
88,36.875
89,37.125
90,37.375
91,37.625
92,37.875
93,38.125
94,38.375
95,38.625
96,38.875
97,39.125
98,39.375
99,39.625
100,39.875
101,40.125
102,40.375
103,40.625
104,40.875
105,41.125
106,41.375
107,41.625
108,41.875
109,42.125
110,42.375
111,42.625
112,42.875
113,43.125
114,43.375
115,43.625
116,43.875
117,44.125
118,44.375
119,44.625
120,44.875
121,45.125
122,45.375
123,45.625
124,45.875
125,46.125
126,46.375
127,46.625
128,46.875
129,47.125
130,47.375
131,47.625
132,47.875
133,48.125
134,48.375
135,48.625
136,48.875
137,49.125
138,49.375
139,49.625
140,49.875
141,50.125
142,50.375
143,50.625
144,50.875
145,51.125
146,51.375
147,51.625
148,51.875
149,52.125
150,52.375
151,52.625
152,52.875
153,53.125
154,53.375
155,53.625
156,53.875
157,54.125
158,54.375
159,54.625
160,54.875
161,55.125
162,55.375
163,55.625
164,55.875
165,56.125
166,56.375
167,56.625
168,56.875
169,57.125
170,57.375
171,57.625
172,57.875
173,58.125
174,58.375
175,58.625
176,58.875
177,59.125
178,59.375
179,59.625
180,59.875
181,60.125
182,60.375
183,60.625
184,60.875
185,61.125
186,61.375
187,61.625
188,61.875
189,62.125
190,62.375
191,62.625
192,62.875
193,63.125
194,63.375
195,63.625
196,63.875
197,64.125
198,64.375
199,64.625
200,64.875
201,65.125
202,65.375
203,65.625
204,65.875
205,66.125
206,66.375
207,66.625
208,66.875
209,67.125
210,67.375
211,67.625
212,67.875
213,68.125
214,68.375
215,68.625
216,68.875
217,69.125
218,69.375
219,69.625
220,69.875
221,70.125
222,70.375
223,70.625
224,70.875
225,71.125
226,71.375
227,71.625
228,71.875
229,72.125
230,72.375
231,72.625
232,72.875
233,73.125
234,73.375
235,73.625
236,73.875
237,74.125
238,74.375
239,74.625
240,74.875
241,75.125
242,75.375
243,75.625
244,75.875
245,76.125
246,76.375
247,76.625
248,76.875
249,77.125
250,77.375
251,77.625
252,77.875
253,78.125
254,78.375
255,78.625
256,78.875
257,79.125
258,79.375
259,79.625
260,79.875
261,80.125
262,80.375
263,80.625
264,80.875
265,81.125
266,81.375
267,81.625
268,81.875
269,82.125
270,82.375
271,82.625
272,82.875
273,83.125
274,83.375
275,83.625
276,83.875
277,84.125
278,84.375
279,84.625
280,84.875
281,85.125
282,85.375
283,85.625
284,85.875
285,86.125
286,86.375
287,86.625
288,86.875
289,87.125
290,87.375
291,87.625
292,87.875
293,88.125
294,88.375
295,88.625
296,88.875
297,89.125
298,89.375
299,89.625
300,89.875
301,90.125
302,90.375
303,90.625
304,90.875
305,91.125
306,91.375
307,91.625
308,91.875
309,92.125
310,92.375
311,92.625
312,92.875
313,93.125
314,93.375
315,93.625
316,93.875
317,94.125
318,94.375
319,94.625
320,94.875
321,95.125
322,95.375
323,95.625
324,95.875
325,96.125
326,96.375
327,96.625
328,96.875
329,97.125
330,97.375
331,97.625
332,97.875
333,98.125
334,98.375
335,98.625
336,98.875
337,99.125
338,99.375
339,99.625
340,99.875
341,100.125
342,100.375
343,100.625
344,100.875
345,101.125
346,101.375
347,101.625
348,101.875
349,102.125
350,102.375
351,102.625
352,102.875
353,103.125
354,103.375
355,103.625
356,103.875
357,104.125
358,104.375
359,104.625
360,104.875
361,105.125
362,105.375
363,105.625
364,105.875
365,106.125
366,106.375
367,106.625
368,106.875
369,107.125
370,107.375
371,107.625
372,107.875
373,108.125
374,108.375
375,108.625
376,108.875
377,109.125
378,109.375
379,109.625
380,109.875
381,110.125
382,110.375
383,110.625
384,110.875
385,111.125
386,111.375
387,111.625
388,111.875
389,112.125
390,112.375
391,112.625
392,112.875
393,113.125
394,113.375
395,113.625
396,113.875
397,114.125
398,114.375
399,114.625
400,114.875
401,115.125
402,115.375
403,115.625
404,115.875
405,116.125
406,116.375
407,116.625
408,116.875
409,117.125
410,117.375
411,117.625
412,117.875
413,118.125
414,118.375
415,118.625
416,118.875
417,119.125
418,119.375
419,119.625
420,119.875
421,120.125
422,120.375
423,120.625
424,120.875
425,121.125
426,121.375
427,121.625
428,121.875
429,122.125
430,122.375
431,122.625
432,122.875
433,123.125
434,123.375
435,123.625
436,123.875
437,124.125
438,124.375
439,124.625
440,124.875
441,125.125
442,125.375
443,125.625
444,125.875
445,126.125
446,126.375
447,126.625
448,126.875
449,127.125
450,127.375
451,127.625
452,127.875
453,128.125
454,128.375
455,128.625
456,128.875
457,129.125
458,129.375
459,129.625
460,129.875
461,130.125
462,130.375
463,130.625
464,130.875
465,131.125
466,131.375
467,131.625
468,131.875
469,132.125
470,132.375
471,132.625
472,132.875
473,133.125
474,133.375
475,133.625
476,133.875
477,134.125
478,134.375
479,134.625
480,134.875
481,135.125
482,135.375
483,135.625
484,135.875
485,136.125
486,136.375
487,136.625
488,136.875
489,137.125
490,137.375
491,137.625
492,137.875
493,138.125
494,138.375
495,138.625
496,138.875
497,139.125
498,139.375
499,139.625
0,0.9375
1,1.625
2,2.25
3,2.6875
4,3.3125
5,3.75
6,4.375
7,4.8125
8,5.4375
9,6.125
10,6.5625
11,7.0
12,7.4375
13,7.875
14,8.1875
15,8.875
16,9.3125
17,9.625
18,10.3125
19,10.75
20,11.0625
21,11.75
22,12.1875
23,12.5
24,13.0625
25,13.375
26,13.8125
27,14.375
28,14.8125
29,15.125
30,15.375
31,15.8125
32,16.25
33,16.6875
34,17.125
35,17.5625
36,17.875
37,18.3125
38,18.6875
39,19.125
40,19.25
41,19.5625
42,19.875
43,20.3125
44,20.6875
45,21.125
46,21.25
47,21.5625
48,21.875
49,22.125
50,22.5625
51,23.0
52,23.4375
53,23.875
54,24.3125
55,24.75
56,25.1875
57,25.625
58,26.0625
59,26.5
60,26.9375
61,27.1875
62,27.5
63,27.9375
64,28.375
65,28.8125
66,29.25
67,29.625
68,29.875
69,30.125
70,30.375
71,30.625
72,30.875
73,31.125
74,31.375
75,31.625
76,31.875
77,32.125
78,32.375
79,32.625
80,32.875
81,33.125
82,33.375
83,33.625
84,33.875
85,34.125
86,34.375
87,34.625
88,34.875
89,35.125
90,35.375
91,35.625
92,35.875
93,36.125
94,36.375
95,36.625
96,36.875
97,37.125
98,37.375
99,37.625
100,37.875
101,38.125
102,38.375
103,38.625
104,38.875
105,39.125
106,39.375
107,39.625
108,39.875
109,40.125
110,40.375
111,40.625
112,40.875
113,41.125
114,41.375
115,41.625
116,41.875
117,42.125
118,42.375
119,42.625
120,42.875
121,43.125
122,43.375
123,43.625
124,43.875
125,44.125
126,44.375
127,44.625
128,44.875
129,45.125
130,45.375
131,45.625
132,45.875
133,46.125
134,46.375
135,46.625
136,46.875
137,47.125
138,47.375
139,47.625
140,47.875
141,48.125
142,48.375
143,48.625
144,48.875
145,49.125
146,49.375
147,49.625
148,49.875
149,50.125
150,50.375
151,50.625
152,50.875
153,51.125
154,51.375
155,51.625
156,51.875
157,52.125
158,52.375
159,52.625
160,52.875
161,53.125
162,53.375
163,53.625
164,53.875
165,54.125
166,54.375
167,54.625
168,54.875
169,55.125
170,55.375
171,55.625
172,55.875
173,56.125
174,56.375
175,56.625
176,56.875
177,57.125
178,57.375
179,57.625
180,57.875
181,58.125
182,58.375
183,58.625
184,58.875
185,59.125
186,59.375
187,59.625
188,59.875
189,60.125
190,60.375
191,60.625
192,60.875
193,61.125
194,61.375
195,61.625
196,61.875
197,62.125
198,62.375
199,62.625
200,62.875
201,63.125
202,63.375
203,63.625
204,63.875
205,64.125
206,64.375
207,64.625
208,64.875
209,65.125
210,65.375
211,65.625
212,65.875
213,66.125
214,66.375
215,66.625
216,66.875
217,67.125
218,67.375
219,67.625
220,67.875
221,68.125
222,68.375
223,68.625
224,68.875
225,69.125
226,69.375
227,69.625
228,69.875
229,70.125
230,70.375
231,70.625
232,70.875
233,71.125
234,71.375
235,71.625
236,71.875
237,72.125
238,72.375
239,72.625
240,72.875
241,73.125
242,73.375
243,73.625
244,73.875
245,74.125
246,74.375
247,74.625
248,74.875
249,75.125
250,75.375
251,75.625
252,75.875
253,76.125
254,76.375
255,76.625
256,76.875
257,77.125
258,77.375
259,77.625
260,77.875
261,78.125
262,78.375
263,78.625
264,78.875
265,79.125
266,79.375
267,79.625
268,79.875
269,80.125
270,80.375
271,80.625
272,80.875
273,81.125
274,81.375
275,81.625
276,81.875
277,82.125
278,82.375
279,82.625
280,82.875
281,83.125
282,83.375
283,83.625
284,83.875
285,84.125
286,84.375
287,84.625
288,84.875
289,85.125
290,85.375
291,85.625
292,85.875
293,86.125
294,86.375
295,86.625
296,86.875
297,87.125
298,87.375
299,87.625
300,87.875
301,88.125
302,88.375
303,88.625
304,88.875
305,89.125
306,89.375
307,89.625
308,89.875
309,90.125
310,90.375
311,90.625
312,90.875
313,91.125
314,91.375
315,91.625
316,91.875
317,92.125
318,92.375
319,92.625
320,92.875
321,93.125
322,93.375
323,93.625
324,93.875
325,94.125
326,94.375
327,94.625
328,94.875
329,95.125
330,95.375
331,95.625
332,95.875
333,96.125
334,96.375
335,96.625
336,96.875
337,97.125
338,97.375
339,97.625
340,97.875
341,98.125
342,98.375
343,98.625
344,98.875
345,99.125
346,99.375
347,99.625
348,99.875
349,100.125
350,100.375
351,100.625
352,100.875
353,101.125
354,101.375
355,101.625
356,101.875
357,102.125
358,102.375
359,102.625
360,102.875
361,103.125
362,103.375
363,103.625
364,103.875
365,104.125
366,104.375
367,104.625
368,104.875
369,105.125
370,105.375
371,105.625
372,105.875
373,106.125
374,106.375
375,106.625
376,106.875
377,107.125
378,107.375
379,107.625
380,107.875
381,108.125
382,108.375
383,108.625
384,108.875
385,109.125
386,109.375
387,109.625
388,109.875
389,110.125
390,110.375
391,110.625
392,110.875
393,111.125
394,111.375
395,111.625
396,111.875
397,112.125
398,112.375
399,112.625
400,112.875
401,113.125
402,113.375
403,113.625
404,113.875
405,114.125
406,114.375
407,114.625
408,114.875
409,115.125
410,115.375
411,115.625
412,115.875
413,116.125
414,116.375
415,116.625
416,116.875
417,117.125
418,117.375
419,117.625
420,117.875
421,118.125
422,118.375
423,118.625
424,118.875
425,119.125
426,119.375
427,119.625
428,119.875
429,120.125
430,120.375
431,120.625
432,120.875
433,121.125
434,121.375
435,121.625
436,121.875
437,122.125
438,122.375
439,122.625
440,122.875
441,123.125
442,123.375
443,123.625
444,123.875
445,124.125
446,124.375
447,124.625
448,124.875
449,125.125
450,125.375
451,125.625
452,125.875
453,126.125
454,126.375
455,126.625
456,126.875
457,127.125
458,127.375
459,127.625
460,127.875
461,128.125
462,128.375
463,128.625
464,128.875
465,129.125
466,129.375
467,129.625
468,129.875
469,130.125
470,130.375
471,130.625
472,130.875
473,131.125
474,131.375
475,131.625
476,131.875
477,132.125
478,132.375
479,132.625
480,132.875
481,133.125
482,133.375
483,133.625
484,133.875
485,134.125
486,134.375
487,134.625
488,134.875
489,135.125
490,135.375
491,135.625
492,135.875
493,136.125
494,136.375
495,136.625
496,136.875
497,137.125
498,137.375
499,137.625
0,0.8125
1,1.625
2,2.25
3,3.0625
4,3.6875
5,4.25
6,5.0625
7,5.6875
8,6.5
9,7.125
10,7.6875
11,8.25
12,8.8125
13,9.25
14,9.6875
15,10.125
16,10.5625
17,11.0
18,11.4375
19,11.875
20,12.4375
21,12.875
22,13.3125
23,13.75
24,13.9375
25,14.375
26,14.8125
27,15.1875
28,15.75
29,16.3125
30,16.8125
31,17.1875
32,17.75
33,18.3125
34,18.875
35,19.4375
36,20.0
37,20.5
38,20.875
39,21.4375
40,22.0
41,22.5625
42,23.125
43,23.6875
44,24.0625
45,24.4375
46,24.6875
47,24.9375
48,25.1875
49,25.4375
50,25.6875
51,25.75
52,25.75
53,25.75
54,25.75
55,25.75
56,25.75
57,25.75
58,25.75
59,25.75
60,25.75
61,25.75
62,25.75
63,25.75
64,25.75
65,25.75
66,25.75
67,25.75
68,25.75
69,25.75
70,25.75
71,25.75
72,25.75
73,25.75
74,25.75
75,25.75
76,25.75
77,25.75
78,25.75
79,25.75
80,25.75
81,25.75
82,25.75
83,25.75
84,25.75
85,25.75
86,25.75
87,25.75
88,25.75
89,25.75
90,25.75
91,25.75
92,25.75
93,25.75
94,25.75
95,25.75
96,25.75
97,25.75
98,25.75
99,25.75
100,25.75
101,25.75
102,25.75
103,25.75
104,25.75
105,25.75
106,25.75
107,25.75
108,25.75
109,25.75
110,25.75
111,25.75
112,25.75
113,25.75
114,25.75
115,25.75
116,25.75
117,25.75
118,25.75
119,25.75
120,25.75
121,25.75
122,25.75
123,25.75
124,25.75
125,25.75
126,25.75
127,25.75
128,25.75
129,25.75
130,25.75
131,25.75
132,25.75
133,25.75
134,25.75
135,25.75
136,25.75
137,25.75
138,25.75
139,25.75
140,25.75
141,25.75
142,25.75
143,25.75
144,25.75
145,25.75
146,25.75
147,25.75
148,25.75
149,25.75
150,25.75
151,25.75
152,25.75
153,25.75
154,25.75
155,25.75
156,25.75
157,25.75
158,25.75
159,25.75
160,25.75
161,25.75
162,25.75
163,25.75
164,25.75
165,25.75
166,25.75
167,25.75
168,25.75
169,25.75
170,25.75
171,25.75
172,25.75
173,25.75
174,25.75
175,25.75
176,25.75
177,25.75
178,25.75
179,25.75
180,25.75
181,25.75
182,25.75
183,25.75
184,25.75
185,25.75
186,25.75
187,25.75
188,25.75
189,25.75
190,25.75
191,25.75
192,25.75
193,25.75
194,25.75
195,25.75
196,25.75
197,25.75
198,25.75
199,25.75
200,25.75
201,25.75
202,25.75
203,25.75
204,25.75
205,25.75
206,25.75
207,25.75
208,25.75
209,25.75
210,25.75
211,25.75
212,25.75
213,25.75
214,25.75
215,25.75
216,25.75
217,25.75
218,25.75
219,25.75
220,25.75
221,25.75
222,25.75
223,25.75
224,25.75
225,25.75
226,25.75
227,25.75
228,25.75
229,25.75
230,25.75
231,25.75
232,25.75
233,25.75
234,25.75
235,25.75
236,25.75
237,25.75
238,25.75
239,25.75
240,25.75
241,25.75
242,25.75
243,25.75
244,25.75
245,25.75
246,25.75
247,25.75
248,25.75
249,25.75
250,25.75
251,25.75
252,25.75
253,25.75
254,25.75
255,25.75
256,25.75
257,25.75
258,25.75
259,25.75
260,25.75
261,25.75
262,25.75
263,25.75
264,25.75
265,25.75
266,25.75
267,25.75
268,25.75
269,25.75
270,25.75
271,25.75
272,25.75
273,25.75
274,25.75
275,25.75
276,25.75
277,25.75
278,25.75
279,25.75
280,25.75
281,25.75
282,25.75
283,25.75
284,25.75
285,25.75
286,25.75
287,25.75
288,25.75
289,25.75
290,25.75
291,25.75
292,25.75
293,25.75
294,25.75
295,25.75
296,25.75
297,25.75
298,25.75
299,25.75
300,25.75
301,25.75
302,25.75
303,25.75
304,25.75
305,25.75
306,25.75
307,25.75
308,25.75
309,25.75
310,25.75
311,25.75
312,25.75
313,25.75
314,25.75
315,25.75
316,25.75
317,25.75
318,25.75
319,25.75
320,25.75
321,25.75
322,25.75
323,25.75
324,25.75
325,25.75
326,25.75
327,25.75
328,25.75
329,25.75
330,25.75
331,25.75
332,25.75
333,25.75
334,25.75
335,25.75
336,25.75
337,25.75
338,25.75
339,25.75
340,25.75
341,25.75
342,25.75
343,25.75
344,25.75
345,25.75
346,25.75
347,25.75
348,25.75
349,25.75
350,25.75
351,25.75
352,25.75
353,25.75
354,25.75
355,25.75
356,25.75
357,25.75
358,25.75
359,25.75
360,25.75
361,25.75
362,25.75
363,25.75
364,25.75
365,25.75
366,25.75
367,25.75
368,25.75
369,25.75
370,25.75
371,25.75
372,25.75
373,25.75
374,25.75
375,25.75
376,25.75
377,25.75
378,25.75
379,25.75
380,25.75
381,25.75
382,25.75
383,25.75
384,25.75
385,25.75
386,25.75
387,25.75
388,25.75
389,25.75
390,25.75
391,25.75
392,25.75
393,25.75
394,25.75
395,25.75
396,25.75
397,25.75
398,25.75
399,25.75
400,25.75
401,25.75
402,25.75
403,25.75
404,25.75
405,25.75
406,25.75
407,25.75
408,25.75
409,25.75
410,25.75
411,25.75
412,25.75
413,25.75
414,25.75
415,25.75
416,25.75
417,25.75
418,25.75
419,25.75
420,25.75
421,25.75
422,25.75
423,25.75
424,25.75
425,25.75
426,25.75
427,25.75
428,25.75
429,25.75
430,25.75
431,25.75
432,25.75
433,25.75
434,25.75
435,25.75
436,25.75
437,25.75
438,25.75
439,25.75
440,25.75
441,25.75
442,25.75
443,25.75
444,25.75
445,25.75
446,25.75
447,25.75
448,25.75
449,25.75
450,25.75
451,25.75
452,25.75
453,25.75
454,25.75
455,25.75
456,25.75
457,25.75
458,25.75
459,25.75
460,25.75
461,25.75
462,25.75
463,25.75
464,25.75
465,25.75
466,25.75
467,25.75
468,25.75
469,25.75
470,25.75
471,25.75
472,25.75
473,25.75
474,25.75
475,25.75
476,25.75
477,25.75
478,25.75
479,25.75
480,25.75
481,25.75
482,25.75
483,25.75
484,25.75
485,25.75
486,25.75
487,25.75
488,25.75
489,25.75
490,25.75
491,25.75
492,25.75
493,25.75
494,25.75
495,25.75
496,25.75
497,25.75
498,25.75
499,25.75
