0,0.875
1,1.4821428
2,1.9464285
3,2.125
4,2.517857
5,3.0535715
6,3.4285715
7,3.8035715
8,4.089286
9,4.375
10,4.75
11,5.035714
12,5.410714
13,5.732143
14,6.017857
15,6.303571
16,6.446429
17,6.607143
18,6.767857
19,6.946429
20,7.214286
21,7.357143
22,7.482143
23,7.767857
24,7.964286
25,8.035714
26,8.232142
27,8.517858
28,8.589286
29,8.785714
30,8.982142
31,9.178572
32,9.410714
33,9.607142
34,9.839286
35,10.035714
36,10.232142
37,10.464286
38,10.660714
39,10.857142
40,11.053572
41,11.285714
42,11.482142
43,11.678572
44,11.910714
45,12.142858
46,12.25
47,12.446428
48,12.642858
49,12.875
50,13.107142
51,13.214286
52,13.410714
53,13.642858
54,13.75
55,13.946428
56,14.053572
57,14.25
58,14.357142
59,14.553572
60,14.75
61,14.857142
62,15.053572
63,15.160714
64,15.357142
65,15.589286
66,15.785714
67,15.892858
68,16.089285
69,16.196428
70,16.392857
71,16.5
72,16.660715
73,16.767857
74,16.928572
75,17.035715
76,17.196428
77,17.303572
78,17.464285
79,17.571428
80,17.732143
81,17.839285
82,18.035715
83,18.142857
84,18.303572
85,18.410715
86,18.571428
87,18.678572
88,18.839285
89,18.946428
90,19.107143
91,19.214285
92,19.375
93,19.446428
94,19.517857
95,19.714285
96,19.821428
97,19.982143
98,20.053572
99,20.125
100,20.321428
101,20.428572
102,20.589285
103,20.660715
104,20.732143
105,20.892857
106,20.964285
107,21.035715
108,21.196428
109,21.303572
110,21.464285
111,21.571428
112,21.732143
113,21.803572
114,22.035715
115,22.142857
116,22.303572
117,22.375
118,22.446428
119,22.607143
120,22.678572
121,22.75
122,22.910715
123,23.017857
124,23.178572
125,23.25
126,23.321428
127,23.482143
128,23.553572
129,23.625
130,23.785715
131,23.857143
132,23.928572
133,24.089285
134,24.196428
135,24.357143
136,24.428572
137,24.5
138,24.660715
139,24.732143
140,24.803572
141,24.964285
142,25.071428
143,25.232143
144,25.303572
145,25.5
146,25.571428
147,25.678572
148,25.839285
149,25.946428
150,26.107143
151,26.178572
152,26.25
153,26.410715
154,26.482143
155,26.553572
156,26.714285
157,26.821428
158,26.982143
159,27.053572
160,27.125
161,27.25
162,27.321428
163,27.517857
164,27.589285
165,27.696428
166,27.857143
167,27.964285
168,28.125
169,28.196428
170,28.267857
171,28.392857
172,28.464285
173,28.642857
174,28.732143
175,28.839285
176,29.0
177,29.071428
178,29.25
179,29.339285
180,29.410715
181,29.482143
182,29.642857
183,29.75
184,29.875
185,29.946428
186,30.017857
187,30.178572
188,30.25
189,30.321428
190,30.446428
191,30.517857
192,30.589285
193,30.75
194,30.821428
195,30.892857
196,31.017857
197,31.089285
198,31.160715
199,31.285715
200,31.357143
201,31.428572
202,31.589285
203,31.660715
204,31.732143
205,31.857143
206,31.928572
207,32.0
208,32.125
209,32.19643
210,32.267857
211,32.42857
212,32.5
213,32.57143
214,32.69643
215,32.767857
216,32.839287
217,32.94643
218,33.035713
219,33.142857
220,33.25
221,33.339287
222,33.44643
223,33.55357
224,33.642857
225,33.75
226,33.857143
227,33.94643
228,34.05357
229,34.214287
230,34.285713
231,34.357143
232,34.482143
233,34.55357
234,34.625
235,34.75
236,34.82143
237,34.892857
238,35.05357
239,35.125
240,35.19643
241,35.30357
242,35.357143
243,35.42857
244,35.5
245,35.660713
246,35.732143
247,35.80357
248,35.92857
249,36.0
250,36.07143
251,36.232143
252,36.30357
253,36.375
254,36.535713
255,36.607143
256,36.67857
257,36.80357
258,36.875
259,36.94643
260,37.107143
261,37.17857
262,37.25
263,37.410713
264,37.482143
265,37.55357
266,37.625
267,37.75
268,37.82143
269,37.892857
270,37.964287
271,38.089287
272,38.19643
273,38.30357
274,38.42857
275,38.5
276,38.57143
277,38.642857
278,38.767857
279,38.875
280,38.982143
281,39.107143
282,39.17857
283,39.25
284,39.375
285,39.44643
286,39.482143
287,39.55357
288,39.625
289,39.69643
290,39.82143
291,39.892857
292,39.964287
293,40.035713
294,40.107143
295,40.214287
296,40.267857
297,40.339287
298,40.44643
299,40.517857
300,40.642857
301,40.714287
302,40.785713
303,40.857143
304,40.92857
305,41.035713
306,41.089287
307,41.160713
308,41.19643
309,41.267857
310,41.339287
311,41.410713
312,41.535713
313,41.607143
314,41.67857
315,41.75
316,41.82143
317,41.92857
318,42.017857
319,42.125
320,42.19643
321,42.30357
322,42.392857
323,42.5
324,42.57143
325,42.67857
326,42.732143
327,42.80357
328,42.910713
329,42.982143
330,43.089287
331,43.17857
332,43.285713
333,43.357143
334,43.464287
335,43.55357
336,43.660713
337,43.732143
338,43.839287
339,43.92857
340,44.035713
341,44.107143
342,44.214287
343,44.267857
344,44.339287
345,44.375
346,44.44643
347,44.517857
348,44.589287
349,44.69643
350,44.785713
351,44.892857
352,44.964287
353,45.07143
354,45.160713
355,45.267857
356,45.339287
357,45.44643
358,45.5
359,45.57143
360,45.67857
361,45.75
362,45.82143
363,45.892857
364,46.0
365,46.089287
366,46.19643
367,46.267857
368,46.375
369,46.464287
370,46.57143
371,46.642857
372,46.75
373,46.839287
374,46.94643
375,47.017857
376,47.125
377,47.214287
378,47.32143
379,47.392857
380,47.464287
381,47.517857
382,47.55357
383,47.589287
384,47.660713
385,47.767857
386,47.839287
387,47.910713
388,47.982143
389,48.05357
390,48.125
391,48.214287
392,48.285713
393,48.357143
394,48.42857
395,48.5
396,48.589287
397,48.625
398,48.69643
399,48.80357
400,48.875
401,48.94643
402,49.017857
403,49.125
404,49.214287
405,49.285713
406,49.357143
407,49.42857
408,49.5
409,49.589287
410,49.660713
411,49.732143
412,49.80357
413,49.875
414,49.982143
415,50.07143
416,50.142857
417,50.214287
418,50.285713
419,50.375
420,50.44643
421,50.55357
422,50.625
423,50.69643
424,50.767857
425,50.875
426,50.964287
427,51.035713
428,51.107143
429,51.17857
430,51.25
431,51.339287
432,51.410713
433,51.482143
434,51.55357
435,51.625
436,51.732143
437,51.82143
438,51.892857
439,51.964287
440,52.035713
441,52.125
442,52.19643
443,52.267857
444,52.339287
445,52.410713
446,52.482143
447,52.589287
448,52.67857
449,52.75
450,52.82143
451,52.892857
452,52.964287
453,53.07143
454,53.160713
455,53.232143
456,53.30357
457,53.375
458,53.44643
459,53.517857
460,53.625
461,53.714287
462,53.785713
463,53.857143
464,53.92857
465,54.0
466,54.107143
467,54.19643
468,54.267857
469,54.339287
470,54.410713
471,54.517857
472,54.607143
473,54.67857
474,54.75
475,54.82143
476,54.892857
477,55.0
478,55.089287
479,55.125
480,55.19643
481,55.267857
482,55.339287
483,55.410713
484,55.5
485,55.57143
486,55.642857
487,55.714287
488,55.785713
489,55.892857
490,55.982143
491,56.05357
492,56.125
493,56.19643
494,56.267857
495,56.339287
496,56.44643
497,56.535713
498,56.607143
499,56.67857
0,0.66071427
1,1.1071428
2,1.6428572
3,2.0
4,2.392857
5,2.642857
6,2.9642856
7,3.357143
8,3.607143
9,3.857143
10,4.178571
11,4.321429
12,4.482143
13,4.642857
14,4.803571
15,4.964286
16,5.125
17,5.285714
18,5.446429
19,5.607143
20,5.767857
21,5.928571
22,6.089286
23,6.25
24,6.410714
25,6.571429
26,6.732143
27,6.892857
28,7.053571
29,7.232143
30,7.375
31,7.535714
32,7.767857
33,7.964286
34,8.035714
35,8.160714
36,8.357142
37,8.428572
38,8.589286
39,8.785714
40,8.857142
41,9.053572
42,9.25
43,9.446428
44,9.517858
45,9.714286
46,9.785714
47,10.017858
48,10.214286
49,10.285714
50,10.482142
51,10.553572
52,10.75
53,10.946428
54,11.142858
55,11.214286
56,11.410714
57,11.482142
58,11.678572
59,11.875
60,12.071428
61,12.142858
62,12.339286
63,12.410714
64,12.607142
65,12.767858
66,12.875
67,13.035714
68,13.107142
69,13.303572
70,13.464286
71,13.571428
72,13.732142
73,13.803572
74,13.964286
75,14.071428
76,14.232142
77,14.303572
78,14.5
79,14.660714
80,14.767858
81,14.928572
82,15.0
83,15.160714
84,15.321428
85,15.428572
86,15.589286
87,15.660714
88,15.821428
89,15.928572
90,16.089285
91,16.160715
92,16.357143
93,16.392857
94,16.464285
95,16.625
96,16.660715
97,16.732143
98,16.892857
99,16.928572
100,17.0
101,17.160715
102,17.196428
103,17.267857
104,17.428572
105,17.5
106,17.660715
107,17.767857
108,17.928572
109,17.964285
110,18.035715
111,18.196428
112,18.232143
113,18.303572
114,18.464285
115,18.535715
116,18.696428
117,18.767857
118,18.803572
119,18.875
120,19.0
121,19.071428
122,19.142857
123,19.303572
124,19.375
125,19.446428
126,19.607143
127,19.678572
128,19.75
129,19.910715
130,19.982143
131,20.053572
132,20.214285
133,20.285715
134,20.357143
135,20.517857
136,20.589285
137,20.660715
138,20.821428
139,20.892857
140,20.928572
141,21.0
142,21.160715
143,21.232143
144,21.267857
145,21.339285
146,21.5
147,21.571428
148,21.642857
149,21.803572
150,21.875
151,21.910715
152,21.982143
153,22.142857
154,22.214285
155,22.25
156,22.321428
157,22.482143
158,22.553572
159,22.589285
160,22.660715
161,22.821428
162,22.892857
163,22.928572
164,23.0
165,23.160715
166,23.232143
167,23.303572
168,23.464285
169,23.535715
170,23.571428
171,23.642857
172,23.803572
173,23.875
174,23.910715
175,23.982143
176,24.142857
177,24.214285
178,24.25
179,24.321428
180,24.428572
181,24.517857
182,24.553572
183,24.625
184,24.75
185,24.821428
186,24.892857
187,25.053572
188,25.125
189,25.196428
190,25.303572
191,25.392857
192,25.428572
193,25.464285
194,25.535715
195,25.696428
196,25.767857
197,25.803572
198,25.875
199,26.035715
200,26.107143
201,26.142857
202,26.214285
203,26.375
204,26.446428
205,26.482143
206,26.553572
207,26.660715
208,26.75
209,26.785715
210,26.821428
211,26.892857
212,27.053572
213,27.125
214,27.160715
215,27.232143
216,27.392857
217,27.464285
218,27.5
219,27.571428
220,27.678572
221,27.75
222,27.839285
223,27.875
224,27.910715
225,27.982143
226,28.125
227,28.214285
228,28.25
229,28.321428
230,28.392857
231,28.5
232,28.571428
233,28.660715
234,28.696428
235,28.767857
236,28.839285
237,28.946428
238,29.017857
239,29.107143
240,29.142857
241,29.214285
242,29.357143
243,29.446428
244,29.482143
245,29.553572
246,29.625
247,29.732143
248,29.803572
249,29.892857
250,29.928572
251,30.0
252,30.071428
253,30.178572
254,30.25
255,30.339285
256,30.375
257,30.446428
258,30.517857
259,30.625
260,30.696428
261,30.785715
262,30.821428
263,30.892857
264,30.964285
265,31.071428
266,31.142857
267,31.232143
268,31.267857
269,31.339285
270,31.410715
271,31.517857
272,31.589285
273,31.678572
274,31.714285
275,31.785715
276,31.892857
277,31.982143
278,32.017857
279,32.089287
280,32.19643
281,32.285713
282,32.32143
283,32.392857
284,32.5
285,32.589287
286,32.625
287,32.660713
288,32.69643
289,32.767857
290,32.875
291,32.964287
292,33.035713
293,33.107143
294,33.214287
295,33.30357
296,33.375
297,33.410713
298,33.44643
299,33.517857
300,33.625
301,33.69643
302,33.785713
303,33.82143
304,33.892857
305,34.0
306,34.089287
307,34.160713
308,34.19643
309,34.232143
310,34.30357
311,34.410713
312,34.482143
313,34.57143
314,34.607143
315,34.67857
316,34.785713
317,34.857143
318,34.94643
319,34.982143
320,35.05357
321,35.160713
322,35.25
323,35.32143
324,35.357143
325,35.392857
326,35.464287
327,35.57143
328,35.642857
329,35.732143
330,35.767857
331,35.839287
332,35.94643
333,36.035713
334,36.107143
335,36.142857
336,36.17857
337,36.25
338,36.357143
339,36.42857
340,36.517857
341,36.55357
342,36.625
343,36.732143
344,36.80357
345,36.892857
346,36.92857
347,37.0
348,37.07143
349,37.142857
350,37.232143
351,37.267857
352,37.30357
353,37.375
354,37.482143
355,37.55357
356,37.642857
357,37.67857
358,37.75
359,37.82143
360,37.892857
361,37.982143
362,38.05357
363,38.089287
364,38.160713
365,38.267857
366,38.339287
367,38.42857
368,38.464287
369,38.535713
370,38.642857
371,38.714287
372,38.80357
373,38.839287
374,38.910713
375,38.982143
376,39.05357
377,39.142857
378,39.214287
379,39.25
380,39.32143
381,39.42857
382,39.5
383,39.589287
384,39.625
385,39.69643
386,39.767857
387,39.839287
388,39.92857
389,40.0
390,40.035713
391,40.107143
392,40.17857
393,40.25
394,40.357143
395,40.44643
396,40.517857
397,40.589287
398,40.660713
399,40.732143
400,40.80357
401,40.892857
402,40.964287
403,41.035713
404,41.107143
405,41.17857
406,41.25
407,41.339287
408,41.410713
409,41.482143
410,41.55357
411,41.660713
412,41.732143
413,41.82143
414,41.82143
415,41.82143
416,41.82143
417,41.82143
418,41.82143
419,41.82143
420,41.82143
421,41.82143
422,41.82143
423,41.82143
424,41.82143
425,41.82143
426,41.82143
427,41.82143
428,41.82143
429,41.82143
430,41.82143
431,41.82143
432,41.82143
433,41.82143
434,41.82143
435,41.82143
436,41.82143
437,41.82143
438,41.82143
439,41.82143
440,41.82143
441,41.82143
442,41.82143
443,41.82143
444,41.82143
445,41.82143
446,41.82143
447,41.82143
448,41.82143
449,41.82143
450,41.82143
451,41.82143
452,41.82143
453,41.82143
454,41.82143
455,41.82143
456,41.82143
457,41.82143
458,41.82143
459,41.82143
460,41.82143
461,41.82143
462,41.82143
463,41.82143
464,41.82143
465,41.82143
466,41.82143
467,41.82143
468,41.82143
469,41.82143
470,41.82143
471,41.82143
472,41.82143
473,41.82143
474,41.82143
475,41.82143
476,41.82143
477,41.82143
478,41.82143
479,41.82143
480,41.82143
481,41.82143
482,41.82143
483,41.82143
484,41.82143
485,41.82143
486,41.82143
487,41.82143
488,41.82143
489,41.82143
490,41.82143
491,41.82143
492,41.82143
493,41.82143
494,41.82143
495,41.82143
496,41.82143
497,41.82143
498,41.82143
499,41.82143
0,0.60714287
1,1.0178572
2,1.3035715
3,1.6785715
4,1.9642857
5,2.25
6,2.6964285
7,3.107143
8,3.2142856
9,3.5892856
10,3.875
11,3.982143
12,4.303571
13,4.678571
14,4.910714
15,5.017857
16,5.339286
17,5.785714
18,6.017857
19,6.214286
20,6.446429
21,6.732143
22,6.964286
23,7.071429
24,7.303571
25,7.464286
26,7.732143
27,7.928571
28,8.214286
29,8.321428
30,8.553572
31,8.75
32,9.017858
33,9.178572
34,9.321428
35,9.589286
36,9.785714
37,9.982142
38,10.214286
39,10.321428
40,10.553572
41,10.714286
42,10.982142
43,11.214286
44,11.357142
45,11.553572
46,11.785714
47,11.892858
48,12.125
49,12.357142
50,12.589286
51,12.696428
52,12.857142
53,13.0
54,13.160714
55,13.392858
56,13.5
57,13.696428
58,13.964286
59,14.071428
60,14.303572
61,14.535714
62,14.642858
63,14.839286
64,15.071428
65,15.178572
66,15.375
67,15.607142
68,15.714286
69,15.910714
70,16.142857
71,16.25
72,16.446428
73,16.642857
74,16.785715
75,16.982143
76,17.089285
77,17.285715
78,17.517857
79,17.625
80,17.821428
81,18.053572
82,18.160715
83,18.357143
84,18.625
85,18.732143
86,18.892857
87,19.035715
88,19.232143
89,19.428572
90,19.571428
91,19.767857
92,19.875
93,20.035715
94,20.178572
95,20.375
96,20.517857
97,20.714285
98,20.821428
99,20.982143
100,21.125
101,21.321428
102,21.464285
103,21.660715
104,21.767857
105,21.928572
106,22.071428
107,22.267857
108,22.375
109,22.571428
110,22.678572
111,22.875
112,22.982143
113,23.142857
114,23.285715
115,23.428572
116,23.589285
117,23.785715
118,23.928572
119,24.071428
120,24.232143
121,24.464285
122,24.607143
123,24.75
124,24.910715
125,25.107143
126,25.25
127,25.392857
128,25.553572
129,25.785715
130,25.928572
131,26.089285
132,26.232143
133,26.392857
134,26.535715
135,26.678572
136,26.839285
137,27.071428
138,27.214285
139,27.357143
140,27.517857
141,27.714285
142,27.857143
143,28.0
144,28.160715
145,28.267857
146,28.410715
147,28.571428
148,28.714285
149,28.875
150,28.982143
151,29.125
152,29.285715
153,29.392857
154,29.553572
155,29.696428
156,29.839285
157,30.0
158,30.196428
159,30.339285
160,30.5
161,30.642857
162,30.75
163,30.946428
164,31.053572
165,31.160715
166,31.321428
167,31.428572
168,31.535715
169,31.732143
170,31.839285
171,31.946428
172,32.107143
173,32.214287
174,32.32143
175,32.482143
176,32.589287
177,32.69643
178,32.857143
179,32.964287
180,33.07143
181,33.19643
182,33.339287
183,33.44643
184,33.642857
185,33.75
186,33.857143
187,33.982143
188,34.089287
189,34.19643
190,34.30357
191,34.464287
192,34.57143
193,34.67857
194,34.80357
195,34.910713
196,35.017857
197,35.125
198,35.285713
199,35.392857
200,35.5
201,35.625
202,35.732143
203,35.80357
204,35.910713
205,36.107143
206,36.214287
207,36.32143
208,36.44643
209,36.55357
210,36.625
211,36.732143
212,36.92857
213,37.035713
214,37.142857
215,37.25
216,37.410713
217,37.517857
218,37.625
219,37.785713
220,37.892857
221,38.0
222,38.107143
223,38.267857
224,38.375
225,38.482143
226,38.642857
227,38.75
228,38.857143
229,39.05357
230,39.160713
231,39.267857
232,39.375
233,39.535713
234,39.642857
235,39.75
236,39.910713
237,40.017857
238,40.125
239,40.32143
240,40.42857
241,40.535713
242,40.642857
243,40.80357
244,40.910713
245,41.017857
246,41.17857
247,41.32143
248,41.392857
249,41.5
250,41.660713
251,41.767857
252,41.875
253,42.035713
254,42.17857
255,42.25
256,42.357143
257,42.517857
258,42.660713
259,42.732143
260,42.875
261,43.035713
262,43.142857
263,43.25
264,43.410713
265,43.55357
266,43.625
267,43.732143
268,43.892857
269,44.035713
270,44.107143
271,44.25
272,44.410713
273,44.482143
274,44.55357
275,44.660713
276,44.82143
277,44.964287
278,45.035713
279,45.17857
280,45.339287
281,45.410713
282,45.482143
283,45.589287
284,45.75
285,45.892857
286,45.964287
287,46.107143
288,46.267857
289,46.339287
290,46.410713
291,46.517857
292,46.67857
293,46.82143
294,46.892857
295,47.035713
296,47.160713
297,47.30357
298,47.375
299,47.44643
300,47.55357
301,47.67857
302,47.82143
303,47.892857
304,47.964287
305,48.107143
306,48.232143
307,48.375
308,48.44643
309,48.517857
310,48.625
311,48.75
312,48.892857
313,48.964287
314,49.035713
315,49.17857
316,49.30357
317,49.44643
318,49.517857
319,49.589287
320,49.69643
321,49.82143
322,49.964287
323,50.035713
324,50.107143
325,50.267857
326,50.410713
327,50.482143
328,50.55357
329,50.75
330,50.892857
331,50.964287
332,51.07143
333,51.232143
334,51.30357
335,51.375
336,51.44643
337,51.607143
338,51.75
339,51.82143
340,51.92857
341,52.089287
342,52.160713
343,52.232143
344,52.339287
345,52.5
346,52.57143
347,52.642857
348,52.714287
349,52.857143
350,52.982143
351,53.125
352,53.19643
353,53.267857
354,53.42857
355,53.57143
356,53.642857
357,53.75
358,53.910713
359,53.982143
360,54.05357
361,54.125
362,54.285713
363,54.42857
364,54.5
365,54.607143
366,54.732143
367,54.839287
368,54.910713
369,54.982143
370,55.05357
371,55.214287
372,55.357143
373,55.42857
374,55.535713
375,55.660713
376,55.767857
377,55.875
378,55.94643
379,56.017857
380,56.17857
381,56.32143
382,56.392857
383,56.5
384,56.625
385,56.732143
386,56.839287
387,56.910713
388,56.982143
389,57.142857
390,57.25
391,57.32143
392,57.392857
393,57.5
394,57.625
395,57.732143
396,57.80357
397,57.875
398,57.982143
399,58.107143
400,58.214287
401,58.32143
402,58.392857
403,58.5
404,58.625
405,58.732143
406,58.839287
407,58.910713
408,58.982143
409,59.089287
410,59.214287
411,59.32143
412,59.357143
413,59.42857
414,59.5
415,59.607143
416,59.732143
417,59.839287
418,59.94643
419,60.017857
420,60.089287
421,60.19643
422,60.32143
423,60.42857
424,60.464287
425,60.535713
426,60.607143
427,60.714287
428,60.839287
429,60.94643
430,61.05357
431,61.125
432,61.19643
433,61.30357
434,61.42857
435,61.535713
436,61.57143
437,61.642857
438,61.714287
439,61.785713
440,61.892857
441,62.017857
442,62.125
443,62.160713
444,62.232143
445,62.30357
446,62.410713
447,62.535713
448,62.642857
449,62.75
450,62.82143
451,62.892857
452,63.0
453,63.125
454,63.232143
455,63.267857
456,63.339287
457,63.410713
458,63.517857
459,63.642857
460,63.75
461,63.857143
462,63.92857
463,64.0
464,64.10714
465,64.23214
466,64.33929
467,64.41071
468,64.48214
469,64.55357
470,64.625
471,64.73214
472,64.85714
473,64.96429
474,65.03571
475,65.10714
476,65.17857
477,65.28571
478,65.41071
479,65.51786
480,65.625
481,65.69643
482,65.76786
483,65.875
484,66.0
485,66.10714
486,66.17857
487,66.21429
488,66.28571
489,66.35714
490,66.46429
491,66.58929
492,66.69643
493,66.76786
494,66.83929
495,66.875
496,66.94643
497,67.01786
498,67.125
499,67.25
0,0.64285713
1,1.1964285
2,1.6785715
3,2.142857
4,2.5
5,2.9107144
6,3.142857
7,3.5535715
8,3.892857
9,4.178571
10,4.571429
11,4.803571
12,5.125
13,5.464286
14,5.803571
15,6.0
16,6.339286
17,6.678571
18,6.910714
19,7.142857
20,7.375
21,7.607143
22,7.839286
23,8.071428
24,8.303572
25,8.535714
26,8.767858
27,9.0
28,9.232142
29,9.464286
30,9.696428
31,9.928572
32,10.160714
33,10.392858
34,10.625
35,10.857142
36,10.964286
37,11.160714
38,11.392858
39,11.625
40,11.857142
41,12.089286
42,12.321428
43,12.553572
44,12.785714
45,13.017858
46,13.125
47,13.321428
48,13.553572
49,13.785714
50,14.017858
51,14.25
52,14.482142
53,14.714286
54,14.946428
55,15.178572
56,15.285714
57,15.482142
58,15.714286
59,15.946428
60,16.142857
61,16.285715
62,16.482143
63,16.589285
64,16.75
65,16.857143
66,17.017857
67,17.125
68,17.321428
69,17.428572
70,17.589285
71,17.696428
72,17.857143
73,17.964285
74,18.160715
75,18.303572
76,18.464285
77,18.607143
78,18.767857
79,18.910715
80,19.071428
81,19.178572
82,19.375
83,19.482143
84,19.678572
85,19.785715
86,19.982143
87,20.089285
88,20.285715
89,20.392857
90,20.589285
91,20.696428
92,20.892857
93,21.0
94,21.196428
95,21.303572
96,21.5
97,21.642857
98,21.839285
99,21.946428
100,22.142857
101,22.25
102,22.446428
103,22.589285
104,22.785715
105,22.892857
106,23.089285
107,23.232143
108,23.428572
109,23.535715
110,23.732143
111,23.839285
112,24.035715
113,24.178572
114,24.339285
115,24.482143
116,24.642857
117,24.785715
118,24.946428
119,25.089285
120,25.25
121,25.392857
122,25.553572
123,25.696428
124,25.857143
125,26.0
126,26.160715
127,26.303572
128,26.464285
129,26.607143
130,26.767857
131,26.910715
132,27.071428
133,27.214285
134,27.375
135,27.482143
136,27.553572
137,27.714285
138,27.821428
139,28.017857
140,28.125
141,28.196428
142,28.357143
143,28.464285
144,28.660715
145,28.767857
146,28.839285
147,29.0
148,29.107143
149,29.303572
150,29.410715
151,29.482143
152,29.642857
153,29.75
154,29.946428
155,30.053572
156,30.125
157,30.285715
158,30.392857
159,30.589285
160,30.696428
161,30.803572
162,30.964285
163,31.071428
164,31.267857
165,31.375
166,31.482143
167,31.642857
168,31.75
169,31.946428
170,32.05357
171,32.160713
172,32.32143
173,32.42857
174,32.535713
175,32.732143
176,32.839287
177,33.0
178,33.107143
179,33.25
180,33.410713
181,33.517857
182,33.67857
183,33.785713
184,33.857143
185,34.017857
186,34.125
187,34.232143
188,34.392857
189,34.5
190,34.69643
191,34.80357
192,34.875
193,34.94643
194,35.142857
195,35.25
196,35.32143
197,35.482143
198,35.589287
199,35.660713
200,35.732143
201,35.92857
202,36.035713
203,36.107143
204,36.267857
205,36.375
206,36.44643
207,36.517857
208,36.714287
209,36.82143
210,36.892857
211,36.964287
212,37.160713
213,37.267857
214,37.30357
215,37.464287
216,37.57143
217,37.607143
218,37.767857
219,37.875
220,37.910713
221,38.07143
222,38.17857
223,38.214287
224,38.375
225,38.482143
226,38.589287
227,38.785713
228,38.892857
229,38.964287
230,39.125
231,39.232143
232,39.30357
233,39.464287
234,39.57143
235,39.642857
236,39.80357
237,39.910713
238,39.982143
239,40.142857
240,40.25
241,40.32143
242,40.392857
243,40.589287
244,40.69643
245,40.767857
246,40.92857
247,41.035713
248,41.107143
249,41.267857
250,41.375
251,41.44643
252,41.607143
253,41.714287
254,41.785713
255,41.857143
256,42.017857
257,42.125
258,42.19643
259,42.267857
260,42.464287
261,42.57143
262,42.642857
263,42.714287
264,42.910713
265,43.017857
266,43.089287
267,43.160713
268,43.357143
269,43.464287
270,43.57143
271,43.732143
272,43.839287
273,43.910713
274,43.982143
275,44.17857
276,44.285713
277,44.357143
278,44.42857
279,44.57143
280,44.660713
281,44.767857
282,44.875
283,44.94643
284,45.142857
285,45.25
286,45.32143
287,45.392857
288,45.464287
289,45.660713
290,45.767857
291,45.839287
292,45.910713
293,45.982143
294,46.142857
295,46.25
296,46.32143
297,46.42857
298,46.589287
299,46.69643
300,46.767857
301,46.875
302,47.017857
303,47.142857
304,47.25
305,47.32143
306,47.482143
307,47.589287
308,47.660713
309,47.732143
310,47.80357
311,47.964287
312,48.07143
313,48.142857
314,48.214287
315,48.285713
316,48.44643
317,48.55357
318,48.625
319,48.69643
320,48.839287
321,48.964287
322,49.07143
323,49.142857
324,49.214287
325,49.285713
326,49.482143
327,49.589287
328,49.660713
329,49.732143
330,49.875
331,50.0
332,50.107143
333,50.17857
334,50.25
335,50.392857
336,50.517857
337,50.625
338,50.69643
339,50.839287
340,50.964287
341,51.035713
342,51.107143
343,51.17857
344,51.32143
345,51.44643
346,51.55357
347,51.625
348,51.69643
349,51.767857
350,51.92857
351,52.035713
352,52.107143
353,52.17857
354,52.25
355,52.32143
356,52.464287
357,52.589287
358,52.660713
359,52.732143
360,52.80357
361,52.875
362,53.017857
363,53.142857
364,53.214287
365,53.285713
366,53.357143
367,53.482143
368,53.55357
369,53.660713
370,53.767857
371,53.839287
372,53.910713
373,53.982143
374,54.05357
375,54.19643
376,54.32143
377,54.392857
378,54.464287
379,54.535713
380,54.660713
381,54.732143
382,54.839287
383,54.94643
384,55.017857
385,55.089287
386,55.160713
387,55.232143
388,55.375
389,55.5
390,55.57143
391,55.642857
392,55.714287
393,55.785713
394,55.892857
395,56.035713
396,56.160713
397,56.232143
398,56.30357
399,56.375
400,56.517857
401,56.642857
402,56.714287
403,56.785713
404,56.857143
405,56.92857
406,57.0
407,57.142857
408,57.267857
409,57.339287
410,57.410713
411,57.482143
412,57.55357
413,57.625
414,57.767857
415,57.892857
416,57.964287
417,58.035713
418,58.107143
419,58.17857
420,58.25
421,58.357143
422,58.482143
423,58.589287
424,58.660713
425,58.732143
426,58.80357
427,58.94643
428,59.07143
429,59.142857
430,59.214287
431,59.285713
432,59.357143
433,59.5
434,59.625
435,59.69643
436,59.767857
437,59.839287
438,59.982143
439,60.107143
440,60.17857
441,60.25
442,60.32143
443,60.392857
444,60.464287
445,60.57143
446,60.69643
447,60.80357
448,60.875
449,60.94643
450,61.017857
451,61.160713
452,61.285713
453,61.357143
454,61.42857
455,61.5
456,61.642857
457,61.767857
458,61.839287
459,61.910713
460,61.982143
461,62.05357
462,62.125
463,62.267857
464,62.392857
465,62.464287
466,62.535713
467,62.607143
468,62.67857
469,62.75
470,62.857143
471,62.982143
472,63.089287
473,63.160713
474,63.232143
475,63.30357
476,63.375
477,63.482143
478,63.607143
479,63.67857
480,63.75
481,63.82143
482,63.892857
483,63.964287
484,64.07143
485,64.19643
486,64.26786
487,64.33929
488,64.41071
489,64.48214
490,64.55357
491,64.66071
492,64.78571
493,64.85714
494,64.92857
495,65.0
496,65.07143
497,65.14286
498,65.25
499,65.375
0,0.75
1,1.0892857
2,1.5892857
3,1.9285715
4,2.3392856
5,2.607143
6,2.892857
7,3.1785715
8,3.4642856
9,3.6607144
10,3.857143
11,4.053571
12,4.25
13,4.535714
14,4.821429
15,5.107143
16,5.392857
17,5.678571
18,5.964286
19,6.160714
20,6.321429
21,6.482143
22,6.678571
23,6.875
24,7.071429
25,7.267857
26,7.428571
27,7.589286
28,7.785714
29,8.017858
30,8.214286
31,8.446428
32,8.642858
33,8.875
34,9.071428
35,9.303572
36,9.5
37,9.571428
38,9.767858
39,10.0
40,10.196428
41,10.428572
42,10.625
43,10.696428
44,10.892858
45,11.125
46,11.321428
47,11.553572
48,11.75
49,11.821428
50,12.017858
51,12.25
52,12.321428
53,12.482142
54,12.75
55,12.821428
56,12.982142
57,13.25
58,13.321428
59,13.482142
60,13.75
61,13.821428
62,13.982142
63,14.25
64,14.321428
65,14.482142
66,14.75
67,14.821428
68,14.946428
69,15.089286
70,15.25
71,15.517858
72,15.589286
73,15.75
74,16.017857
75,16.089285
76,16.25
77,16.517857
78,16.589285
79,16.75
80,16.857143
81,17.017857
82,17.160715
83,17.321428
84,17.464285
85,17.625
86,17.732143
87,17.892857
88,18.035715
89,18.196428
90,18.339285
91,18.5
92,18.607143
93,18.767857
94,18.910715
95,19.071428
96,19.214285
97,19.375
98,19.482143
99,19.642857
100,19.785715
101,19.946428
102,20.089285
103,20.214285
104,20.357143
105,20.517857
106,20.660715
107,20.785715
108,20.928572
109,21.089285
110,21.232143
111,21.357143
112,21.5
113,21.660715
114,21.803572
115,21.928572
116,22.071428
117,22.232143
118,22.375
119,22.5
120,22.642857
121,22.803572
122,22.910715
123,23.017857
124,23.142857
125,23.285715
126,23.446428
127,23.553572
128,23.660715
129,23.821428
130,23.964285
131,24.089285
132,24.232143
133,24.392857
134,24.5
135,24.607143
136,24.767857
137,24.875
138,24.982143
139,25.107143
140,25.25
141,25.410715
142,25.517857
143,25.625
144,25.75
145,25.892857
146,26.053572
147,26.160715
148,26.267857
149,26.375
150,26.5
151,26.607143
152,26.714285
153,26.839285
154,26.946428
155,27.053572
156,27.160715
157,27.285715
158,27.392857
159,27.5
160,27.607143
161,27.732143
162,27.839285
163,27.910715
164,28.035715
165,28.178572
166,28.285715
167,28.392857
168,28.517857
169,28.625
170,28.732143
171,28.857143
172,29.0
173,29.107143
174,29.214285
175,29.339285
176,29.446428
177,29.553572
178,29.678572
179,29.785715
180,29.892857
181,30.0
182,30.125
183,30.232143
184,30.339285
185,30.464285
186,30.607143
187,30.714285
188,30.821428
189,30.946428
190,31.053572
191,31.160715
192,31.285715
193,31.392857
194,31.5
195,31.607143
196,31.732143
197,31.839285
198,31.946428
199,32.07143
200,32.214287
201,32.32143
202,32.42857
203,32.55357
204,32.660713
205,32.767857
206,32.892857
207,33.0
208,33.107143
209,33.214287
210,33.339287
211,33.44643
212,33.589287
213,33.714287
214,33.857143
215,33.964287
216,34.107143
217,34.232143
218,34.375
219,34.482143
220,34.589287
221,34.67857
222,34.785713
223,34.892857
224,35.035713
225,35.160713
226,35.30357
227,35.410713
228,35.517857
229,35.607143
230,35.714287
231,35.82143
232,35.92857
233,36.05357
234,36.160713
235,36.267857
236,36.357143
237,36.464287
238,36.57143
239,36.67857
240,36.767857
241,36.875
242,36.982143
243,37.125
244,37.25
245,37.392857
246,37.5
247,37.607143
248,37.69643
249,37.80357
250,37.910713
251,38.05357
252,38.17857
253,38.285713
254,38.392857
255,38.5
256,38.625
257,38.732143
258,38.839287
259,38.92857
260,39.035713
261,39.142857
262,39.25
263,39.339287
264,39.44643
265,39.55357
266,39.69643
267,39.82143
268,39.964287
269,40.07143
270,40.17857
271,40.267857
272,40.375
273,40.482143
274,40.625
275,40.75
276,40.857143
277,40.964287
278,41.107143
279,41.232143
280,41.30357
281,41.410713
282,41.517857
283,41.660713
284,41.75
285,41.857143
286,41.964287
287,42.107143
288,42.232143
289,42.30357
290,42.410713
291,42.517857
292,42.660713
293,42.75
294,42.857143
295,42.964287
296,43.107143
297,43.232143
298,43.30357
299,43.410713
300,43.517857
301,43.660713
302,43.75
303,43.857143
304,43.964287
305,44.107143
306,44.232143
307,44.30357
308,44.410713
309,44.517857
310,44.660713
311,44.75
312,44.857143
313,44.964287
314,45.107143
315,45.232143
316,45.30357
317,45.410713
318,45.517857
319,45.660713
320,45.75
321,45.857143
322,45.964287
323,46.107143
324,46.19643
325,46.267857
326,46.375
327,46.482143
328,46.625
329,46.714287
330,46.785713
331,46.892857
332,47.0
333,47.142857
334,47.232143
335,47.30357
336,47.410713
337,47.517857
338,47.660713
339,47.75
340,47.82143
341,47.92857
342,48.035713
343,48.17857
344,48.267857
345,48.375
346,48.482143
347,48.589287
348,48.67857
349,48.75
350,48.857143
351,48.964287
352,49.107143
353,49.19643
354,49.30357
355,49.410713
356,49.517857
357,49.607143
358,49.67857
359,49.785713
360,49.892857
361,50.035713
362,50.125
363,50.232143
364,50.339287
365,50.482143
366,50.57143
367,50.642857
368,50.75
369,50.857143
370,51.0
371,51.089287
372,51.160713
373,51.267857
374,51.375
375,51.517857
376,51.607143
377,51.714287
378,51.82143
379,51.92857
380,52.017857
381,52.089287
382,52.19643
383,52.30357
384,52.44643
385,52.535713
386,52.642857
387,52.75
388,52.857143
389,52.94643
390,53.017857
391,53.125
392,53.232143
393,53.375
394,53.464287
395,53.57143
396,53.67857
397,53.82143
398,53.910713
399,53.982143
400,54.089287
401,54.19643
402,54.339287
403,54.42857
404,54.535713
405,54.642857
406,54.75
407,54.839287
408,54.910713
409,55.017857
410,55.125
411,55.25
412,55.32143
413,55.392857
414,55.464287
415,55.57143
416,55.67857
417,55.82143
418,55.910713
419,56.017857
420,56.125
421,56.267857
422,56.357143
423,56.42857
424,56.535713
425,56.607143
426,56.67857
427,56.785713
428,56.892857
429,57.017857
430,57.089287
431,57.160713
432,57.232143
433,57.339287
434,57.44643
435,57.589287
436,57.67857
437,57.75
438,57.82143
439,57.892857
440,57.964287
441,58.07143
442,58.17857
443,58.285713
444,58.375
445,58.44643
446,58.55357
447,58.625
448,58.732143
449,58.839287
450,58.94643
451,59.035713
452,59.107143
453,59.17857
454,59.25
455,59.32143
456,59.42857
457,59.535713
458,59.642857
459,59.732143
460,59.80357
461,59.875
462,59.94643
463,60.017857
464,60.125
465,60.232143
466,60.375
467,60.464287
468,60.535713
469,60.607143
470,60.714287
471,60.82143
472,60.92857
473,61.017857
474,61.089287
475,61.160713
476,61.232143
477,61.30357
478,61.410713
479,61.517857
480,61.625
481,61.714287
482,61.785713
483,61.857143
484,61.92857
485,62.035713
486,62.142857
487,62.25
488,62.339287
489,62.410713
490,62.482143
491,62.55357
492,62.625
493,62.732143
494,62.839287
495,62.94643
496,63.035713
497,63.107143
498,63.17857
499,63.25
