0,1.21875
1,2.1875
2,3.125
3,3.84375
4,4.1875
5,4.96875
6,5.375
7,5.71875
8,6.21875
9,6.71875
10,7.21875
11,7.71875
12,8.21875
13,8.71875
14,9.0625
15,9.53125
16,9.8125
17,10.09375
18,10.5
19,10.84375
20,11.3125
21,11.71875
22,12.0625
23,12.40625
24,12.8125
25,13.21875
26,13.625
27,13.96875
28,14.375
29,14.78125
30,15.125
31,15.53125
32,15.875
33,16.21875
34,16.5625
35,16.90625
36,17.25
37,17.4375
38,17.71875
39,18.125
40,18.1875
41,18.53125
42,18.875
43,19.0625
44,19.28125
45,19.625
46,19.96875
47,20.15625
48,20.375
49,20.71875
50,21.125
51,21.46875
52,21.65625
53,21.875
54,22.21875
55,22.28125
56,22.625
57,22.6875
58,23.03125
59,23.09375
60,23.4375
61,23.5625
62,23.90625
63,24.15625
64,24.375
65,24.71875
66,24.84375
67,25.125
68,25.25
69,25.59375
70,25.65625
71,26.0
72,26.125
73,26.40625
74,26.53125
75,26.875
76,27.0
77,27.34375
78,27.59375
79,27.8125
80,28.15625
81,28.34375
82,28.625
83,28.75
84,29.09375
85,29.28125
86,29.5625
87,29.6875
88,30.03125
89,30.21875
90,30.46875
91,30.6875
92,31.03125
93,31.09375
94,31.4375
95,31.5625
96,31.8125
97,32.03125
98,32.15625
99,32.40625
100,32.625
101,32.75
102,33.0
103,33.21875
104,33.34375
105,33.59375
106,33.8125
107,33.9375
108,34.1875
109,34.375
110,34.53125
111,34.71875
112,34.96875
113,35.1875
114,35.5
115,35.75
116,35.90625
117,36.09375
118,36.34375
119,36.5625
120,36.875
121,37.125
122,37.34375
123,37.65625
124,37.84375
125,38.03125
126,38.21875
127,38.40625
128,38.59375
129,38.78125
130,38.96875
131,39.15625
132,39.34375
133,39.53125
134,39.71875
135,39.90625
136,40.09375
137,40.28125
138,40.46875
139,40.65625
140,40.84375
141,41.03125
142,41.21875
143,41.40625
144,41.59375
145,41.78125
146,41.96875
147,42.15625
148,42.34375
149,42.46875
150,42.65625
151,42.78125
152,42.96875
153,43.09375
154,43.28125
155,43.46875
156,43.59375
157,43.78125
158,43.90625
159,44.09375
160,44.21875
161,44.40625
162,44.53125
163,44.71875
164,44.90625
165,45.03125
166,45.21875
167,45.34375
168,45.53125
169,45.65625
170,45.84375
171,45.96875
172,46.15625
173,46.34375
174,46.46875
175,46.65625
176,46.78125
177,46.96875
178,47.09375
179,47.28125
180,47.40625
181,47.59375
182,47.78125
183,47.90625
184,48.09375
185,48.21875
186,48.40625
187,48.53125
188,48.71875
189,48.84375
190,49.03125
191,49.21875
192,49.34375
193,49.53125
194,49.65625
195,49.84375
196,49.96875
197,50.15625
198,50.28125
199,50.46875
200,50.65625
201,50.78125
202,50.96875
203,51.09375
204,51.28125
205,51.40625
206,51.59375
207,51.71875
208,51.90625
209,52.09375
210,52.21875
211,52.40625
212,52.53125
213,52.71875
214,52.84375
215,53.03125
216,53.15625
217,53.34375
218,53.53125
219,53.65625
220,53.84375
221,53.96875
222,54.15625
223,54.28125
224,54.46875
225,54.59375
226,54.78125
227,54.90625
228,55.09375
229,55.28125
230,55.40625
231,55.59375
232,55.71875
233,55.90625
234,56.03125
235,56.21875
236,56.34375
237,56.53125
238,56.71875
239,56.84375
240,57.03125
241,57.15625
242,57.34375
243,57.46875
244,57.65625
245,57.78125
246,57.96875
247,58.15625
248,58.28125
249,58.46875
250,58.59375
251,58.78125
252,58.90625
253,59.09375
254,59.21875
255,59.40625
256,59.59375
257,59.71875
258,59.90625
259,60.03125
260,60.21875
261,60.34375
262,60.53125
263,60.65625
264,60.84375
265,61.0
266,61.25
267,61.4375
268,61.625
269,61.75
270,61.9375
271,62.0625
272,62.25
273,62.375
274,62.5625
275,62.71875
276,62.96875
277,63.15625
278,63.34375
279,63.46875
280,63.65625
281,63.78125
282,63.96875
283,64.09375
284,64.28125
285,64.40625
286,64.59375
287,64.78125
288,64.90625
289,65.09375
290,65.21875
291,65.40625
292,65.53125
293,65.71875
294,65.84375
295,66.03125
296,66.1875
297,66.4375
298,66.625
299,66.8125
300,66.9375
301,67.125
302,67.25
303,67.4375
304,67.5625
305,67.75
306,67.875
307,68.0625
308,68.25
309,68.375
310,68.5625
311,68.6875
312,68.875
313,69.0
314,69.1875
315,69.3125
316,69.5
317,69.65625
318,69.90625
319,70.09375
320,70.28125
321,70.40625
322,70.59375
323,70.71875
324,70.90625
325,71.03125
326,71.21875
327,71.375
328,71.625
329,71.8125
330,72.0
331,72.125
332,72.3125
333,72.4375
334,72.625
335,72.75
336,72.9375
337,73.0625
338,73.25
339,73.4375
340,73.5625
341,73.75
342,73.875
343,74.0625
344,74.1875
345,74.375
346,74.5
347,74.6875
348,74.84375
349,75.09375
350,75.28125
351,75.46875
352,75.59375
353,75.78125
354,75.90625
355,76.09375
356,76.21875
357,76.40625
358,76.5625
359,76.8125
360,77.0
361,77.1875
362,77.3125
363,77.5
364,77.625
365,77.8125
366,77.9375
367,78.125
368,78.25
369,78.4375
370,78.625
371,78.75
372,78.9375
373,79.0625
374,79.25
375,79.375
376,79.5625
377,79.6875
378,79.875
379,80.03125
380,80.28125
381,80.46875
382,80.65625
383,80.78125
384,80.96875
385,81.09375
386,81.28125
387,81.40625
388,81.59375
389,81.75
390,82.0
391,82.1875
392,82.375
393,82.5
394,82.6875
395,82.8125
396,83.0
397,83.125
398,83.3125
399,83.4375
400,83.625
401,83.8125
402,83.9375
403,84.125
404,84.25
405,84.4375
406,84.5625
407,84.75
408,84.875
409,85.0625
410,85.21875
411,85.46875
412,85.65625
413,85.84375
414,85.96875
415,86.15625
416,86.28125
417,86.46875
418,86.59375
419,86.78125
420,86.90625
421,87.09375
422,87.25
423,87.5
424,87.6875
425,87.875
426,88.0
427,88.1875
428,88.3125
429,88.5
430,88.625
431,88.8125
432,88.96875
433,89.21875
434,89.40625
435,89.59375
436,89.71875
437,89.90625
438,90.03125
439,90.21875
440,90.34375
441,90.53125
442,90.65625
443,90.84375
444,91.03125
445,91.15625
446,91.34375
447,91.46875
448,91.65625
449,91.78125
450,91.96875
451,92.09375
452,92.28125
453,92.4375
454,92.6875
455,92.875
456,93.0625
457,93.1875
458,93.375
459,93.5
460,93.6875
461,93.8125
462,94.0
463,94.15625
464,94.40625
465,94.59375
466,94.78125
467,94.90625
468,95.09375
469,95.21875
470,95.40625
471,95.53125
472,95.71875
473,95.84375
474,96.03125
475,96.21875
476,96.34375
477,96.53125
478,96.65625
479,96.84375
480,96.96875
481,97.15625
482,97.28125
483,97.46875
484,97.625
485,97.875
486,98.0625
487,98.25
488,98.375
489,98.5625
490,98.6875
491,98.875
492,99.0
493,99.1875
494,99.375
495,99.5
496,99.625
497,99.8125
498,99.9375
499,100.125
0,0.53125
1,0.90625
2,1.28125
3,1.75
4,2.125
5,2.5
6,2.9375
7,3.3125
8,3.6875
9,4.0
10,4.375
11,4.6875
12,4.90625
13,5.28125
14,5.59375
15,5.75
16,6.0
17,6.1875
18,6.4375
19,6.71875
20,7.0
21,7.1875
22,7.4375
23,7.71875
24,7.90625
25,8.15625
26,8.4375
27,8.625
28,8.6875
29,8.84375
30,8.90625
31,9.15625
32,9.34375
33,9.40625
34,9.5625
35,9.625
36,9.78125
37,9.78125
38,9.78125
39,9.78125
40,9.78125
41,9.78125
42,9.78125
43,9.78125
44,9.78125
45,9.78125
46,9.78125
47,9.78125
48,9.78125
49,9.78125
50,9.78125
51,9.78125
52,9.78125
53,9.78125
54,9.78125
55,9.78125
56,9.78125
57,9.78125
58,9.78125
59,9.78125
60,9.78125
61,9.78125
62,9.78125
63,9.78125
64,9.78125
65,9.78125
66,9.78125
67,9.78125
68,9.78125
69,9.78125
70,9.78125
71,9.78125
72,9.78125
73,9.78125
74,9.78125
75,9.78125
76,9.78125
77,9.78125
78,9.78125
79,9.78125
80,9.78125
81,9.78125
82,9.78125
83,9.78125
84,9.78125
85,9.78125
86,9.78125
87,9.78125
88,9.78125
89,9.78125
90,9.78125
91,9.78125
92,9.78125
93,9.78125
94,9.78125
95,9.78125
96,9.78125
97,9.78125
98,9.78125
99,9.78125
100,9.78125
101,9.78125
102,9.78125
103,9.78125
104,9.78125
105,9.78125
106,9.78125
107,9.78125
108,9.78125
109,9.78125
110,9.78125
111,9.78125
112,9.78125
113,9.78125
114,9.78125
115,9.78125
116,9.78125
117,9.78125
118,9.78125
119,9.78125
120,9.78125
121,9.78125
122,9.78125
123,9.78125
124,9.78125
125,9.78125
126,9.78125
127,9.78125
128,9.78125
129,9.78125
130,9.78125
131,9.78125
132,9.78125
133,9.78125
134,9.78125
135,9.78125
136,9.78125
137,9.78125
138,9.78125
139,9.78125
140,9.78125
141,9.78125
142,9.78125
143,9.78125
144,9.78125
145,9.78125
146,9.78125
147,9.78125
148,9.78125
149,9.78125
150,9.78125
151,9.78125
152,9.78125
153,9.78125
154,9.78125
155,9.78125
156,9.78125
157,9.78125
158,9.78125
159,9.78125
160,9.78125
161,9.78125
162,9.78125
163,9.78125
164,9.78125
165,9.78125
166,9.78125
167,9.78125
168,9.78125
169,9.78125
170,9.78125
171,9.78125
172,9.78125
173,9.78125
174,9.78125
175,9.78125
176,9.78125
177,9.78125
178,9.78125
179,9.78125
180,9.78125
181,9.78125
182,9.78125
183,9.78125
184,9.78125
185,9.78125
186,9.78125
187,9.78125
188,9.78125
189,9.78125
190,9.78125
191,9.78125
192,9.78125
193,9.78125
194,9.78125
195,9.78125
196,9.78125
197,9.78125
198,9.78125
199,9.78125
200,9.78125
201,9.78125
202,9.78125
203,9.78125
204,9.78125
205,9.78125
206,9.78125
207,9.78125
208,9.78125
209,9.78125
210,9.78125
211,9.78125
212,9.78125
213,9.78125
214,9.78125
215,9.78125
216,9.78125
217,9.78125
218,9.78125
219,9.78125
220,9.78125
221,9.78125
222,9.78125
223,9.78125
224,9.78125
225,9.78125
226,9.78125
227,9.78125
228,9.78125
229,9.78125
230,9.78125
231,9.78125
232,9.78125
233,9.78125
234,9.78125
235,9.78125
236,9.78125
237,9.78125
238,9.78125
239,9.78125
240,9.78125
241,9.78125
242,9.78125
243,9.78125
244,9.78125
245,9.78125
246,9.78125
247,9.78125
248,9.78125
249,9.78125
250,9.78125
251,9.78125
252,9.78125
253,9.78125
254,9.78125
255,9.78125
256,9.78125
257,9.78125
258,9.78125
259,9.78125
260,9.78125
261,9.78125
262,9.78125
263,9.78125
264,9.78125
265,9.78125
266,9.78125
267,9.78125
268,9.78125
269,9.78125
270,9.78125
271,9.78125
272,9.78125
273,9.78125
274,9.78125
275,9.78125
276,9.78125
277,9.78125
278,9.78125
279,9.78125
280,9.78125
281,9.78125
282,9.78125
283,9.78125
284,9.78125
285,9.78125
286,9.78125
287,9.78125
288,9.78125
289,9.78125
290,9.78125
291,9.78125
292,9.78125
293,9.78125
294,9.78125
295,9.78125
296,9.78125
297,9.78125
298,9.78125
299,9.78125
300,9.78125
301,9.78125
302,9.78125
303,9.78125
304,9.78125
305,9.78125
306,9.78125
307,9.78125
308,9.78125
309,9.78125
310,9.78125
311,9.78125
312,9.78125
313,9.78125
314,9.78125
315,9.78125
316,9.78125
317,9.78125
318,9.78125
319,9.78125
320,9.78125
321,9.78125
322,9.78125
323,9.78125
324,9.78125
325,9.78125
326,9.78125
327,9.78125
328,9.78125
329,9.78125
330,9.78125
331,9.78125
332,9.78125
333,9.78125
334,9.78125
335,9.78125
336,9.78125
337,9.78125
338,9.78125
339,9.78125
340,9.78125
341,9.78125
342,9.78125
343,9.78125
344,9.78125
345,9.78125
346,9.78125
347,9.78125
348,9.78125
349,9.78125
350,9.78125
351,9.78125
352,9.78125
353,9.78125
354,9.78125
355,9.78125
356,9.78125
357,9.78125
358,9.78125
359,9.78125
360,9.78125
361,9.78125
362,9.78125
363,9.78125
364,9.78125
365,9.78125
366,9.78125
367,9.78125
368,9.78125
369,9.78125
370,9.78125
371,9.78125
372,9.78125
373,9.78125
374,9.78125
375,9.78125
376,9.78125
377,9.78125
378,9.78125
379,9.78125
380,9.78125
381,9.78125
382,9.78125
383,9.78125
384,9.78125
385,9.78125
386,9.78125
387,9.78125
388,9.78125
389,9.78125
390,9.78125
391,9.78125
392,9.78125
393,9.78125
394,9.78125
395,9.78125
396,9.78125
397,9.78125
398,9.78125
399,9.78125
400,9.78125
401,9.78125
402,9.78125
403,9.78125
404,9.78125
405,9.78125
406,9.78125
407,9.78125
408,9.78125
409,9.78125
410,9.78125
411,9.78125
412,9.78125
413,9.78125
414,9.78125
415,9.78125
416,9.78125
417,9.78125
418,9.78125
419,9.78125
420,9.78125
421,9.78125
422,9.78125
423,9.78125
424,9.78125
425,9.78125
426,9.78125
427,9.78125
428,9.78125
429,9.78125
430,9.78125
431,9.78125
432,9.78125
433,9.78125
434,9.78125
435,9.78125
436,9.78125
437,9.78125
438,9.78125
439,9.78125
440,9.78125
441,9.78125
442,9.78125
443,9.78125
444,9.78125
445,9.78125
446,9.78125
447,9.78125
448,9.78125
449,9.78125
450,9.78125
451,9.78125
452,9.78125
453,9.78125
454,9.78125
455,9.78125
456,9.78125
457,9.78125
458,9.78125
459,9.78125
460,9.78125
461,9.78125
462,9.78125
463,9.78125
464,9.78125
465,9.78125
466,9.78125
467,9.78125
468,9.78125
469,9.78125
470,9.78125
471,9.78125
472,9.78125
473,9.78125
474,9.78125
475,9.78125
476,9.78125
477,9.78125
478,9.78125
479,9.78125
480,9.78125
481,9.78125
482,9.78125
483,9.78125
484,9.78125
485,9.78125
486,9.78125
487,9.78125
488,9.78125
489,9.78125
490,9.78125
491,9.78125
492,9.78125
493,9.78125
494,9.78125
495,9.78125
496,9.78125
497,9.78125
498,9.78125
499,9.78125
0,0.46875
1,1.09375
2,1.75
3,2.28125
4,2.6875
5,3.1875
6,3.59375
7,4.09375
8,4.5
9,5.0
10,5.34375
11,5.75
12,6.1875
13,6.53125
14,6.9375
15,7.375
16,7.71875
17,8.125
18,8.46875
19,8.90625
20,9.25
21,9.65625
22,10.0
23,10.28125
24,10.6875
25,11.125
26,11.53125
27,11.875
28,12.21875
29,12.625
30,12.96875
31,13.375
32,13.71875
33,14.0625
34,14.46875
35,14.8125
36,15.15625
37,15.5625
38,15.90625
39,16.25
40,16.65625
41,17.0
42,17.34375
43,17.75
44,18.15625
45,18.5625
46,18.96875
47,19.3125
48,19.625
49,19.90625
50,20.1875
51,20.46875
52,20.75
53,20.90625
54,21.25
55,21.5625
56,21.71875
57,22.0625
58,22.375
59,22.53125
60,22.875
61,23.1875
62,23.34375
63,23.65625
64,23.8125
65,24.15625
66,24.46875
67,24.625
68,24.96875
69,25.28125
70,25.4375
71,25.78125
72,26.09375
73,26.25
74,26.5625
75,26.71875
76,27.0625
77,27.375
78,27.53125
79,27.875
80,28.1875
81,28.34375
82,28.59375
83,28.75
84,29.0
85,29.15625
86,29.5
87,29.75
88,29.90625
89,30.25
90,30.5
91,30.65625
92,31.0
93,31.25
94,31.40625
95,31.65625
96,31.8125
97,32.0625
98,32.21875
99,32.46875
100,32.75
101,32.90625
102,33.15625
103,33.28125
104,33.40625
105,33.5625
106,33.8125
107,33.9375
108,34.09375
109,34.34375
110,34.46875
111,34.59375
112,34.75
113,35.0
114,35.125
115,35.28125
116,35.53125
117,35.65625
118,35.8125
119,36.0625
120,36.1875
121,36.3125
122,36.53125
123,36.78125
124,37.0
125,37.25
126,37.46875
127,37.71875
128,37.9375
129,38.1875
130,38.28125
131,38.53125
132,38.71875
133,38.84375
134,38.96875
135,39.1875
136,39.4375
137,39.65625
138,39.90625
139,40.0
140,40.25
141,40.4375
142,40.5625
143,40.6875
144,40.8125
145,40.90625
146,41.15625
147,41.34375
148,41.46875
149,41.59375
150,41.71875
151,41.8125
152,42.0625
153,42.25
154,42.375
155,42.5
156,42.625
157,42.71875
158,42.90625
159,43.09375
160,43.21875
161,43.375
162,43.625
163,43.75
164,43.875
165,44.0
166,44.125
167,44.25
168,44.375
169,44.5
170,44.625
171,44.75
172,44.875
173,45.0
174,45.125
175,45.25
176,45.375
177,45.5
178,45.625
179,45.75
180,45.875
181,46.0
182,46.125
183,46.25
184,46.375
185,46.5
186,46.625
187,46.75
188,46.875
189,47.0
190,47.125
191,47.25
192,47.375
193,47.5
194,47.625
195,47.75
196,47.875
197,48.0
198,48.125
199,48.25
200,48.375
201,48.5
202,48.625
203,48.75
204,48.875
205,49.0
206,49.125
207,49.25
208,49.375
209,49.5
210,49.625
211,49.75
212,49.875
213,50.0
214,50.125
215,50.25
216,50.375
217,50.5
218,50.625
219,50.75
220,50.875
221,51.0
222,51.125
223,51.25
224,51.375
225,51.5
226,51.625
227,51.75
228,51.875
229,52.0
230,52.125
231,52.25
232,52.375
233,52.5
234,52.625
235,52.75
236,52.875
237,53.0
238,53.125
239,53.25
240,53.375
241,53.5
242,53.625
243,53.75
244,53.875
245,54.0
246,54.125
247,54.25
248,54.375
249,54.5
250,54.625
251,54.75
252,54.875
253,55.0
254,55.125
255,55.25
256,55.375
257,55.5
258,55.625
259,55.75
260,55.875
261,56.0
262,56.125
263,56.25
264,56.375
265,56.5
266,56.625
267,56.75
268,56.875
269,57.0
270,57.125
271,57.25
272,57.375
273,57.5
274,57.625
275,57.75
276,57.875
277,58.0
278,58.125
279,58.25
280,58.375
281,58.5
282,58.625
283,58.75
284,58.875
285,59.0
286,59.125
287,59.25
288,59.375
289,59.5
290,59.625
291,59.75
292,59.875
293,60.0
294,60.125
295,60.25
296,60.375
297,60.5
298,60.625
299,60.75
300,60.875
301,61.0
302,61.125
303,61.25
304,61.375
305,61.5
306,61.625
307,61.75
308,61.875
309,62.0
310,62.125
311,62.25
312,62.375
313,62.5
314,62.625
315,62.75
316,62.875
317,63.0
318,63.125
319,63.25
320,63.375
321,63.5
322,63.625
323,63.75
324,63.875
325,64.0
326,64.125
327,64.25
328,64.375
329,64.5
330,64.625
331,64.75
332,64.875
333,65.0
334,65.125
335,65.25
336,65.375
337,65.5
338,65.625
339,65.75
340,65.875
341,66.0
342,66.125
343,66.25
344,66.375
345,66.5
346,66.625
347,66.75
348,66.875
349,67.0
350,67.125
351,67.25
352,67.375
353,67.5
354,67.625
355,67.75
356,67.875
357,68.0
358,68.125
359,68.25
360,68.375
361,68.5
362,68.625
363,68.75
364,68.875
365,69.0
366,69.125
367,69.25
368,69.375
369,69.5
370,69.625
371,69.75
372,69.875
373,70.0
374,70.125
375,70.25
376,70.375
377,70.5
378,70.625
379,70.75
380,70.875
381,71.0
382,71.125
383,71.25
384,71.375
385,71.5
386,71.625
387,71.75
388,71.875
389,72.0
390,72.125
391,72.25
392,72.375
393,72.5
394,72.625
395,72.75
396,72.875
397,73.0
398,73.125
399,73.25
400,73.375
401,73.5
402,73.625
403,73.75
404,73.875
405,74.0
406,74.125
407,74.25
408,74.375
409,74.5
410,74.625
411,74.75
412,74.875
413,75.0
414,75.125
415,75.25
416,75.375
417,75.5
418,75.625
419,75.75
420,75.875
421,76.0
422,76.125
423,76.25
424,76.375
425,76.5
426,76.625
427,76.75
428,76.875
429,77.0
430,77.125
431,77.25
432,77.375
433,77.5
434,77.625
435,77.75
436,77.875
437,78.0
438,78.125
439,78.25
440,78.375
441,78.5
442,78.625
443,78.75
444,78.875
445,79.0
446,79.125
447,79.25
448,79.375
449,79.5
450,79.625
451,79.75
452,79.875
453,80.0
454,80.125
455,80.25
456,80.375
457,80.5
458,80.625
459,80.75
460,80.875
461,81.0
462,81.125
463,81.25
464,81.375
465,81.5
466,81.625
467,81.75
468,81.875
469,82.0
470,82.125
471,82.25
472,82.375
473,82.5
474,82.625
475,82.75
476,82.875
477,83.0
478,83.125
479,83.25
480,83.375
481,83.5
482,83.625
483,83.75
484,83.875
485,84.0
486,84.125
487,84.25
488,84.375
489,84.5
490,84.625
491,84.75
492,84.875
493,85.0
494,85.125
495,85.25
496,85.375
497,85.5
498,85.625
499,85.75
0,0.96875
1,1.46875
2,1.96875
3,2.78125
4,3.28125
5,4.0
6,4.59375
7,5.125
8,5.625
9,6.0625
10,6.5
11,6.9375
12,7.4375
13,7.875
14,8.3125
15,8.8125
16,9.25
17,9.75
18,10.1875
19,10.6875
20,11.03125
21,11.3125
22,11.59375
23,11.9375
24,12.21875
25,12.5625
26,12.90625
27,13.25
28,13.59375
29,13.9375
30,14.28125
31,14.46875
32,14.6875
33,15.03125
34,15.375
35,15.71875
36,16.0625
37,16.25
38,16.46875
39,16.65625
40,16.875
41,17.21875
42,17.40625
43,17.625
44,17.8125
45,18.03125
46,18.375
47,18.5625
48,18.78125
49,18.96875
50,19.1875
51,19.53125
52,19.71875
53,19.9375
54,20.125
55,20.34375
56,20.53125
57,20.75
58,20.9375
59,21.15625
60,21.34375
61,21.5625
62,21.75
63,21.96875
64,22.15625
65,22.375
66,22.5625
67,22.78125
68,22.96875
69,23.25
70,23.4375
71,23.65625
72,23.84375
73,24.0625
74,24.25
75,24.46875
76,24.65625
77,24.875
78,25.0625
79,25.28125
80,25.46875
81,25.75
82,25.9375
83,26.15625
84,26.34375
85,26.5625
86,26.75
87,26.96875
88,27.15625
89,27.375
90,27.5625
91,27.84375
92,28.03125
93,28.25
94,28.4375
95,28.65625
96,28.84375
97,29.0625
98,29.25
99,29.46875
100,29.65625
101,29.875
102,30.0625
103,30.34375
104,30.53125
105,30.75
106,30.9375
107,31.15625
108,31.34375
109,31.5625
110,31.75
111,32.03125
112,32.21875
113,32.40625
114,32.5625
115,32.75
116,33.0
117,33.09375
118,33.28125
119,33.53125
120,33.625
121,33.8125
122,34.0
123,34.125
124,34.28125
125,34.46875
126,34.71875
127,34.875
128,35.0625
129,35.25
130,35.40625
131,35.59375
132,35.78125
133,35.9375
134,36.125
135,36.25
136,36.375
137,36.5
138,36.65625
139,36.84375
140,37.03125
141,37.15625
142,37.28125
143,37.4375
144,37.625
145,37.8125
146,37.9375
147,38.03125
148,38.21875
149,38.40625
150,38.53125
151,38.65625
152,38.78125
153,38.90625
154,39.125
155,39.3125
156,39.4375
157,39.5625
158,39.65625
159,39.84375
160,40.03125
161,40.15625
162,40.28125
163,40.375
164,40.5625
165,40.75
166,40.875
167,41.0
168,41.125
169,41.34375
170,41.59375
171,41.71875
172,41.84375
173,41.96875
174,42.09375
175,42.21875
176,42.34375
177,42.46875
178,42.59375
179,42.71875
180,42.84375
181,42.96875
182,43.09375
183,43.21875
184,43.34375
185,43.46875
186,43.59375
187,43.71875
188,43.84375
189,43.96875
190,44.09375
191,44.21875
192,44.34375
193,44.46875
194,44.59375
195,44.71875
196,44.84375
197,44.96875
198,45.09375
199,45.21875
200,45.34375
201,45.46875
202,45.59375
203,45.71875
204,45.84375
205,45.96875
206,46.09375
207,46.21875
208,46.34375
209,46.46875
210,46.59375
211,46.71875
212,46.84375
213,46.96875
214,47.09375
215,47.21875
216,47.34375
217,47.46875
218,47.59375
219,47.71875
220,47.84375
221,47.96875
222,48.09375
223,48.21875
224,48.34375
225,48.46875
226,48.59375
227,48.71875
228,48.84375
229,48.96875
230,49.09375
231,49.21875
232,49.34375
233,49.46875
234,49.59375
235,49.71875
236,49.84375
237,49.96875
238,50.09375
239,50.21875
240,50.34375
241,50.46875
242,50.59375
243,50.71875
244,50.84375
245,50.96875
246,51.09375
247,51.21875
248,51.34375
249,51.46875
250,51.59375
251,51.71875
252,51.84375
253,51.96875
254,52.09375
255,52.21875
256,52.34375
257,52.46875
258,52.59375
259,52.71875
260,52.84375
261,52.96875
262,53.09375
263,53.21875
264,53.34375
265,53.46875
266,53.59375
267,53.71875
268,53.84375
269,53.96875
270,54.09375
271,54.21875
272,54.34375
273,54.46875
274,54.59375
275,54.71875
276,54.84375
277,54.96875
278,55.09375
279,55.21875
280,55.34375
281,55.46875
282,55.59375
283,55.71875
284,55.84375
285,55.96875
286,56.09375
287,56.21875
288,56.34375
289,56.46875
290,56.59375
291,56.71875
292,56.84375
293,56.96875
294,57.09375
295,57.21875
296,57.34375
297,57.46875
298,57.59375
299,57.71875
300,57.84375
301,57.96875
302,58.09375
303,58.21875
304,58.34375
305,58.46875
306,58.59375
307,58.71875
308,58.84375
309,58.96875
310,59.09375
311,59.21875
312,59.34375
313,59.46875
314,59.59375
315,59.71875
316,59.84375
317,59.96875
318,60.09375
319,60.21875
320,60.34375
321,60.46875
322,60.59375
323,60.71875
324,60.84375
325,60.96875
326,61.09375
327,61.21875
328,61.34375
329,61.46875
330,61.59375
331,61.71875
332,61.84375
333,61.96875
334,62.09375
335,62.21875
336,62.34375
337,62.46875
338,62.59375
339,62.71875
340,62.84375
341,62.96875
342,63.09375
343,63.21875
344,63.34375
345,63.46875
346,63.59375
347,63.71875
348,63.84375
349,63.96875
350,64.09375
351,64.21875
352,64.34375
353,64.46875
354,64.59375
355,64.71875
356,64.84375
357,64.96875
358,65.09375
359,65.21875
360,65.34375
361,65.46875
362,65.59375
363,65.71875
364,65.84375
365,65.96875
366,66.09375
367,66.21875
368,66.34375
369,66.46875
370,66.59375
371,66.71875
372,66.84375
373,66.96875
374,67.09375
375,67.21875
376,67.34375
377,67.46875
378,67.59375
379,67.71875
380,67.84375
381,67.96875
382,68.09375
383,68.21875
384,68.34375
385,68.46875
386,68.59375
387,68.71875
388,68.84375
389,68.96875
390,69.09375
391,69.21875
392,69.34375
393,69.46875
394,69.59375
395,69.71875
396,69.84375
397,69.96875
398,70.09375
399,70.21875
400,70.34375
401,70.46875
402,70.59375
403,70.71875
404,70.84375
405,70.96875
406,71.09375
407,71.21875
408,71.34375
409,71.46875
410,71.59375
411,71.71875
412,71.84375
413,71.96875
414,72.09375
415,72.21875
416,72.34375
417,72.46875
418,72.59375
419,72.71875
420,72.84375
421,72.96875
422,73.09375
423,73.21875
424,73.34375
425,73.46875
426,73.59375
427,73.71875
428,73.84375
429,73.96875
430,74.09375
431,74.21875
432,74.34375
433,74.46875
434,74.59375
435,74.71875
436,74.84375
437,74.96875
438,75.09375
439,75.21875
440,75.34375
441,75.46875
442,75.59375
443,75.71875
444,75.84375
445,75.96875
446,76.09375
447,76.21875
448,76.34375
449,76.46875
450,76.59375
451,76.71875
452,76.84375
453,76.96875
454,77.09375
455,77.21875
456,77.34375
457,77.46875
458,77.59375
459,77.71875
460,77.84375
461,77.96875
462,78.09375
463,78.21875
464,78.34375
465,78.46875
466,78.59375
467,78.71875
468,78.84375
469,78.96875
470,79.09375
471,79.21875
472,79.34375
473,79.46875
474,79.59375
475,79.71875
476,79.84375
477,79.96875
478,80.09375
479,80.21875
480,80.34375
481,80.46875
482,80.59375
483,80.71875
484,80.84375
485,80.96875
486,81.09375
487,81.21875
488,81.34375
489,81.46875
490,81.59375
491,81.71875
492,81.84375
493,81.96875
494,82.09375
495,82.21875
496,82.34375
497,82.46875
498,82.59375
499,82.71875
0,0.875
1,1.53125
2,2.125
3,2.6875
4,3.40625
5,4.0
6,4.5
7,5.0625
8,5.65625
9,6.21875
10,6.75
11,7.25
12,7.6875
13,8.125
14,8.5625
15,9.0
16,9.34375
17,9.78125
18,10.125
19,10.5625
20,10.90625
21,11.34375
22,11.6875
23,11.96875
24,12.3125
25,12.65625
26,13.03125
27,13.375
28,13.71875
29,14.0625
30,14.40625
31,14.75
32,14.96875
33,15.3125
34,15.65625
35,16.0
36,16.25
37,16.46875
38,16.71875
39,16.9375
40,17.1875
41,17.40625
42,17.65625
43,17.9375
44,18.15625
45,18.40625
46,18.6875
47,18.90625
48,19.15625
49,19.4375
50,19.65625
51,19.90625
52,20.1875
53,20.40625
54,20.65625
55,20.9375
56,21.21875
57,21.46875
58,21.6875
59,21.9375
60,22.21875
61,22.34375
62,22.5625
63,22.8125
64,23.09375
65,23.21875
66,23.4375
67,23.6875
68,23.96875
69,24.15625
70,24.4375
71,24.625
72,24.84375
73,25.09375
74,25.375
75,25.5625
76,25.78125
77,26.03125
78,26.3125
79,26.5
80,26.71875
81,26.90625
82,27.125
83,27.3125
84,27.59375
85,27.78125
86,28.0
87,28.25
88,28.53125
89,28.71875
90,28.9375
91,29.125
92,29.34375
93,29.53125
94,29.75
95,29.9375
96,30.0
97,30.1875
98,30.46875
99,30.53125
100,30.75
101,31.0625
102,31.125
103,31.34375
104,31.65625
105,31.71875
106,31.9375
107,32.1875
108,32.25
109,32.4375
110,32.71875
111,32.78125
112,32.96875
113,33.1875
114,33.25
115,33.4375
116,33.71875
117,33.78125
118,33.96875
119,34.1875
120,34.25
121,34.4375
122,34.65625
123,34.71875
124,34.90625
125,35.1875
126,35.25
127,35.4375
128,35.65625
129,35.71875
130,35.90625
131,36.1875
132,36.25
133,36.4375
134,36.65625
135,36.71875
136,36.90625
137,37.125
138,37.25
139,37.3125
140,37.5
141,37.78125
142,37.84375
143,37.96875
144,38.03125
145,38.21875
146,38.5
147,38.5625
148,38.625
149,38.75
150,38.8125
151,39.0
152,39.28125
153,39.34375
154,39.46875
155,39.53125
156,39.71875
157,40.0
158,40.0625
159,40.125
160,40.25
161,40.3125
162,40.375
163,40.4375
164,40.5
165,40.5625
166,40.625
167,40.6875
168,40.75
169,40.8125
170,40.875
171,41.0
172,41.0625
173,41.25
174,41.53125
175,41.59375
176,41.71875
177,41.78125
178,41.84375
179,41.90625
180,41.96875
181,42.03125
182,42.09375
183,42.15625
184,42.21875
185,42.28125
186,42.34375
187,42.46875
188,42.53125
189,42.71875
190,43.0
191,43.0625
192,43.125
193,43.25
194,43.3125
195,43.375
196,43.4375
197,43.5
198,43.5625
199,43.625
200,43.6875
201,43.75
202,43.8125
203,43.875
204,44.0
205,44.0625
206,44.25
207,44.53125
208,44.59375
209,44.71875
210,44.78125
211,44.84375
212,44.90625
213,44.96875
214,45.03125
215,45.09375
216,45.15625
217,45.21875
218,45.28125
219,45.34375
220,45.46875
221,45.53125
222,45.71875
223,46.0
224,46.0625
225,46.1875
226,46.25
227,46.4375
228,46.71875
229,46.78125
230,46.84375
231,46.96875
232,47.03125
233,47.09375
234,47.15625
235,47.21875
236,47.28125
237,47.34375
238,47.40625
239,47.46875
240,47.53125
241,47.59375
242,47.71875
243,47.78125
244,47.84375
245,47.90625
246,47.96875
247,48.03125
248,48.09375
249,48.15625
250,48.21875
251,48.28125
252,48.34375
253,48.46875
254,48.53125
255,48.71875
256,49.0
257,49.0625
258,49.1875
259,49.25
260,49.4375
261,49.71875
262,49.78125
263,49.84375
264,49.96875
265,50.03125
266,50.09375
267,50.15625
268,50.21875
269,50.28125
270,50.34375
271,50.40625
272,50.46875
273,50.53125
274,50.59375
275,50.71875
276,50.78125
277,50.84375
278,50.90625
279,50.96875
280,51.03125
281,51.09375
282,51.15625
283,51.21875
284,51.28125
285,51.34375
286,51.46875
287,51.53125
288,51.71875
289,52.0
290,52.1875
291,52.25
292,52.3125
293,52.375
294,52.4375
295,52.5
296,52.625
297,52.6875
298,52.875
299,53.15625
300,53.34375
301,53.40625
302,53.46875
303,53.53125
304,53.59375
305,53.65625
306,53.71875
307,53.84375
308,53.90625
309,53.96875
310,54.03125
311,54.09375
312,54.15625
313,54.21875
314,54.28125
315,54.34375
316,54.40625
317,54.46875
318,54.59375
319,54.65625
320,54.71875
321,54.78125
322,54.84375
323,54.90625
324,54.96875
325,55.03125
326,55.09375
327,55.15625
328,55.21875
329,55.34375
330,55.40625
331,55.59375
332,55.875
333,56.0625
334,56.125
335,56.1875
336,56.25
337,56.3125
338,56.375
339,56.5
340,56.5625
341,56.625
342,56.6875
343,56.75
344,56.8125
345,56.875
346,56.9375
347,57.0
348,57.0625
349,57.125
350,57.25
351,57.3125
352,57.5
353,57.78125
354,57.96875
355,58.03125
356,58.09375
357,58.15625
358,58.21875
359,58.28125
360,58.34375
361,58.46875
362,58.53125
363,58.59375
364,58.65625
365,58.71875
366,58.78125
367,58.84375
368,58.90625
369,58.96875
370,59.03125
371,59.09375
372,59.21875
373,59.28125
374,59.46875
375,59.75
376,59.9375
377,60.0
378,60.0625
379,60.125
380,60.1875
381,60.25
382,60.375
383,60.4375
384,60.5
385,60.5625
386,60.625
387,60.6875
388,60.75
389,60.8125
390,60.875
391,60.9375
392,61.0
393,61.125
394,61.1875
395,61.375
396,61.65625
397,61.84375
398,61.90625
399,61.96875
400,62.03125
401,62.09375
402,62.15625
403,62.28125
404,62.34375
405,62.53125
406,62.8125
407,63.0
408,63.0625
409,63.125
410,63.1875
411,63.25
412,63.3125
413,63.375
414,63.5
415,63.5625
416,63.625
417,63.6875
418,63.75
419,63.8125
420,63.875
421,63.9375
422,64.0
423,64.0625
424,64.125
425,64.25
426,64.3125
427,64.375
428,64.4375
429,64.5
430,64.5625
431,64.625
432,64.6875
433,64.75
434,64.8125
435,64.875
436,65.0
437,65.0625
438,65.25
439,65.53125
440,65.71875
441,65.78125
442,65.84375
443,65.90625
444,65.96875
445,66.03125
446,66.15625
447,66.21875
448,66.40625
449,66.6875
450,66.875
451,66.9375
452,67.0
453,67.125
454,67.1875
455,67.25
456,67.3125
457,67.375
458,67.4375
459,67.5
460,67.5625
461,67.625
462,67.6875
463,67.75
464,67.875
465,67.9375
466,68.0
467,68.0625
468,68.125
469,68.1875
470,68.25
471,68.3125
472,68.375
473,68.4375
474,68.5
475,68.625
476,68.75
477,68.96875
478,69.15625
479,69.21875
480,69.28125
481,69.34375
482,69.40625
483,69.46875
484,69.53125
485,69.59375
486,69.65625
487,69.78125
488,69.90625
489,70.125
490,70.3125
491,70.375
492,70.4375
493,70.5
494,70.5625
495,70.625
496,70.6875
497,70.75
498,70.8125
499,70.9375
