0,1.3392857
1,1.6071428
2,1.7142857
3,1.8214285
4,1.9285715
5,1.9821428
6,2.0357144
7,2.0892856
8,2.125
9,2.1785715
10,2.232143
11,2.2857144
12,2.3214285
13,2.375
14,2.4285715
15,2.482143
16,2.5
17,2.5
18,2.5
19,2.5
20,2.5
21,2.5
22,2.5
23,2.5
24,2.5
25,2.5
26,2.5
27,2.5
28,2.5
29,2.5
30,2.5
31,2.5
32,2.5
33,2.5
34,2.5
35,2.5
36,2.5
37,2.5
38,2.5
39,2.5
40,2.5
41,2.5
42,2.5
43,2.5
44,2.5
45,2.5
46,2.5
47,2.5
48,2.5
49,2.5
50,2.5
51,2.5
52,2.5
53,2.5
54,2.5
55,2.5
56,2.5
57,2.5
58,2.5
59,2.5
60,2.5
61,2.5
62,2.5
63,2.5
64,2.5
65,2.5
66,2.5
67,2.5
68,2.5
69,2.5
70,2.5
71,2.5
72,2.5
73,2.5
74,2.5
75,2.5
76,2.5
77,2.5
78,2.5
79,2.5
80,2.5
81,2.5
82,2.5
83,2.5
84,2.5
85,2.5
86,2.5
87,2.5
88,2.5
89,2.5
90,2.5
91,2.5
92,2.5
93,2.5
94,2.5
95,2.5
96,2.5
97,2.5
98,2.5
99,2.5
100,2.5
101,2.5
102,2.5
103,2.5
104,2.5
105,2.5
106,2.5
107,2.5
108,2.5
109,2.5
110,2.5
111,2.5
112,2.5
113,2.5
114,2.5
115,2.5
116,2.5
117,2.5
118,2.5
119,2.5
120,2.5
121,2.5
122,2.5
123,2.5
124,2.5
125,2.5
126,2.5
127,2.5
128,2.5
129,2.5
130,2.5
131,2.5
132,2.5
133,2.5
134,2.5
135,2.5
136,2.5
137,2.5
138,2.5
139,2.5
140,2.5
141,2.5
142,2.5
143,2.5
144,2.5
145,2.5
146,2.5
147,2.5
148,2.5
149,2.5
150,2.5
151,2.5
152,2.5
153,2.5
154,2.5
155,2.5
156,2.5
157,2.5
158,2.5
159,2.5
160,2.5
161,2.5
162,2.5
163,2.5
164,2.5
165,2.5
166,2.5
167,2.5
168,2.5
169,2.5
170,2.5
171,2.5
172,2.5
173,2.5
174,2.5
175,2.5
176,2.5
177,2.5
178,2.5
179,2.5
180,2.5
181,2.5
182,2.5
183,2.5
184,2.5
185,2.5
186,2.5
187,2.5
188,2.5
189,2.5
190,2.5
191,2.5
192,2.5
193,2.5
194,2.5
195,2.5
196,2.5
197,2.5
198,2.5
199,2.5
200,2.5
201,2.5
202,2.5
203,2.5
204,2.5
205,2.5
206,2.5
207,2.5
208,2.5
209,2.5
210,2.5
211,2.5
212,2.5
213,2.5
214,2.5
215,2.5
216,2.5
217,2.5
218,2.5
219,2.5
220,2.5
221,2.5
222,2.5
223,2.5
224,2.5
225,2.5
226,2.5
227,2.5
228,2.5
229,2.5
230,2.5
231,2.5
232,2.5
233,2.5
234,2.5
235,2.5
236,2.5
237,2.5
238,2.5
239,2.5
240,2.5
241,2.5
242,2.5
243,2.5
244,2.5
245,2.5
246,2.5
247,2.5
248,2.5
249,2.5
250,2.5
251,2.5
252,2.5
253,2.5
254,2.5
255,2.5
256,2.5
257,2.5
258,2.5
259,2.5
260,2.5
261,2.5
262,2.5
263,2.5
264,2.5
265,2.5
266,2.5
267,2.5
268,2.5
269,2.5
270,2.5
271,2.5
272,2.5
273,2.5
274,2.5
275,2.5
276,2.5
277,2.5
278,2.5
279,2.5
280,2.5
281,2.5
282,2.5
283,2.5
284,2.5
285,2.5
286,2.5
287,2.5
288,2.5
289,2.5
290,2.5
291,2.5
292,2.5
293,2.5
294,2.5
295,2.5
296,2.5
297,2.5
298,2.5
299,2.5
300,2.5
301,2.5
302,2.5
303,2.5
304,2.5
305,2.5
306,2.5
307,2.5
308,2.5
309,2.5
310,2.5
311,2.5
312,2.5
313,2.5
314,2.5
315,2.5
316,2.5
317,2.5
318,2.5
319,2.5
320,2.5
321,2.5
322,2.5
323,2.5
324,2.5
325,2.5
326,2.5
327,2.5
328,2.5
329,2.5
330,2.5
331,2.5
332,2.5
333,2.5
334,2.5
335,2.5
336,2.5
337,2.5
338,2.5
339,2.5
340,2.5
341,2.5
342,2.5
343,2.5
344,2.5
345,2.5
346,2.5
347,2.5
348,2.5
349,2.5
350,2.5
351,2.5
352,2.5
353,2.5
354,2.5
355,2.5
356,2.5
357,2.5
358,2.5
359,2.5
360,2.5
361,2.5
362,2.5
363,2.5
364,2.5
365,2.5
366,2.5
367,2.5
368,2.5
369,2.5
370,2.5
371,2.5
372,2.5
373,2.5
374,2.5
375,2.5
376,2.5
377,2.5
378,2.5
379,2.5
380,2.5
381,2.5
382,2.5
383,2.5
384,2.5
385,2.5
386,2.5
387,2.5
388,2.5
389,2.5
390,2.5
391,2.5
392,2.5
393,2.5
394,2.5
395,2.5
396,2.5
397,2.5
398,2.5
399,2.5
400,2.5
401,2.5
402,2.5
403,2.5
404,2.5
405,2.5
406,2.5
407,2.5
408,2.5
409,2.5
410,2.5
411,2.5
412,2.5
413,2.5
414,2.5
415,2.5
416,2.5
417,2.5
418,2.5
419,2.5
420,2.5
421,2.5
422,2.5
423,2.5
424,2.5
425,2.5
426,2.5
427,2.5
428,2.5
429,2.5
430,2.5
431,2.5
432,2.5
433,2.5
434,2.5
435,2.5
436,2.5
437,2.5
438,2.5
439,2.5
440,2.5
441,2.5
442,2.5
443,2.5
444,2.5
445,2.5
446,2.5
447,2.5
448,2.5
449,2.5
450,2.5
451,2.5
452,2.5
453,2.5
454,2.5
455,2.5
456,2.5
457,2.5
458,2.5
459,2.5
460,2.5
461,2.5
462,2.5
463,2.5
464,2.5
465,2.5
466,2.5
467,2.5
468,2.5
469,2.5
470,2.5
471,2.5
472,2.5
473,2.5
474,2.5
475,2.5
476,2.5
477,2.5
478,2.5
479,2.5
480,2.5
481,2.5
482,2.5
483,2.5
484,2.5
485,2.5
486,2.5
487,2.5
488,2.5
489,2.5
490,2.5
491,2.5
492,2.5
493,2.5
494,2.5
495,2.5
496,2.5
497,2.5
498,2.5
499,2.5
0,1.0535715
1,1.1607143
2,1.3214285
3,1.4107143
4,1.4464285
5,1.5
6,1.5357143
7,1.5892857
8,1.625
9,1.6785715
10,1.7142857
11,1.7678572
12,1.7678572
13,1.7678572
14,1.7678572
15,1.7678572
16,1.7678572
17,1.7678572
18,1.7678572
19,1.7678572
20,1.7678572
21,1.7678572
22,1.7678572
23,1.7678572
24,1.7678572
25,1.7678572
26,1.7678572
27,1.7678572
28,1.7678572
29,1.7678572
30,1.7678572
31,1.7678572
32,1.7678572
33,1.7678572
34,1.7678572
35,1.7678572
36,1.7678572
37,1.7678572
38,1.7678572
39,1.7678572
40,1.7678572
41,1.7678572
42,1.7678572
43,1.7678572
44,1.7678572
45,1.7678572
46,1.7678572
47,1.7678572
48,1.7678572
49,1.7678572
50,1.7678572
51,1.7678572
52,1.7678572
53,1.7678572
54,1.7678572
55,1.7678572
56,1.7678572
57,1.7678572
58,1.7678572
59,1.7678572
60,1.7678572
61,1.7678572
62,1.7678572
63,1.7678572
64,1.7678572
65,1.7678572
66,1.7678572
67,1.7678572
68,1.7678572
69,1.7678572
70,1.7678572
71,1.7678572
72,1.7678572
73,1.7678572
74,1.7678572
75,1.7678572
76,1.7678572
77,1.7678572
78,1.7678572
79,1.7678572
80,1.7678572
81,1.7678572
82,1.7678572
83,1.7678572
84,1.7678572
85,1.7678572
86,1.7678572
87,1.7678572
88,1.7678572
89,1.7678572
90,1.7678572
91,1.7678572
92,1.7678572
93,1.7678572
94,1.7678572
95,1.7678572
96,1.7678572
97,1.7678572
98,1.7678572
99,1.7678572
100,1.7678572
101,1.7678572
102,1.7678572
103,1.7678572
104,1.7678572
105,1.7678572
106,1.7678572
107,1.7678572
108,1.7678572
109,1.7678572
110,1.7678572
111,1.7678572
112,1.7678572
113,1.7678572
114,1.7678572
115,1.7678572
116,1.7678572
117,1.7678572
118,1.7678572
119,1.7678572
120,1.7678572
121,1.7678572
122,1.7678572
123,1.7678572
124,1.7678572
125,1.7678572
126,1.7678572
127,1.7678572
128,1.7678572
129,1.7678572
130,1.7678572
131,1.7678572
132,1.7678572
133,1.7678572
134,1.7678572
135,1.7678572
136,1.7678572
137,1.7678572
138,1.7678572
139,1.7678572
140,1.7678572
141,1.7678572
142,1.7678572
143,1.7678572
144,1.7678572
145,1.7678572
146,1.7678572
147,1.7678572
148,1.7678572
149,1.7678572
150,1.7678572
151,1.7678572
152,1.7678572
153,1.7678572
154,1.7678572
155,1.7678572
156,1.7678572
157,1.7678572
158,1.7678572
159,1.7678572
160,1.7678572
161,1.7678572
162,1.7678572
163,1.7678572
164,1.7678572
165,1.7678572
166,1.7678572
167,1.7678572
168,1.7678572
169,1.7678572
170,1.7678572
171,1.7678572
172,1.7678572
173,1.7678572
174,1.7678572
175,1.7678572
176,1.7678572
177,1.7678572
178,1.7678572
179,1.7678572
180,1.7678572
181,1.7678572
182,1.7678572
183,1.7678572
184,1.7678572
185,1.7678572
186,1.7678572
187,1.7678572
188,1.7678572
189,1.7678572
190,1.7678572
191,1.7678572
192,1.7678572
193,1.7678572
194,1.7678572
195,1.7678572
196,1.7678572
197,1.7678572
198,1.7678572
199,1.7678572
200,1.7678572
201,1.7678572
202,1.7678572
203,1.7678572
204,1.7678572
205,1.7678572
206,1.7678572
207,1.7678572
208,1.7678572
209,1.7678572
210,1.7678572
211,1.7678572
212,1.7678572
213,1.7678572
214,1.7678572
215,1.7678572
216,1.7678572
217,1.7678572
218,1.7678572
219,1.7678572
220,1.7678572
221,1.7678572
222,1.7678572
223,1.7678572
224,1.7678572
225,1.7678572
226,1.7678572
227,1.7678572
228,1.7678572
229,1.7678572
230,1.7678572
231,1.7678572
232,1.7678572
233,1.7678572
234,1.7678572
235,1.7678572
236,1.7678572
237,1.7678572
238,1.7678572
239,1.7678572
240,1.7678572
241,1.7678572
242,1.7678572
243,1.7678572
244,1.7678572
245,1.7678572
246,1.7678572
247,1.7678572
248,1.7678572
249,1.7678572
250,1.7678572
251,1.7678572
252,1.7678572
253,1.7678572
254,1.7678572
255,1.7678572
256,1.7678572
257,1.7678572
258,1.7678572
259,1.7678572
260,1.7678572
261,1.7678572
262,1.7678572
263,1.7678572
264,1.7678572
265,1.7678572
266,1.7678572
267,1.7678572
268,1.7678572
269,1.7678572
270,1.7678572
271,1.7678572
272,1.7678572
273,1.7678572
274,1.7678572
275,1.7678572
276,1.7678572
277,1.7678572
278,1.7678572
279,1.7678572
280,1.7678572
281,1.7678572
282,1.7678572
283,1.7678572
284,1.7678572
285,1.7678572
286,1.7678572
287,1.7678572
288,1.7678572
289,1.7678572
290,1.7678572
291,1.7678572
292,1.7678572
293,1.7678572
294,1.7678572
295,1.7678572
296,1.7678572
297,1.7678572
298,1.7678572
299,1.7678572
300,1.7678572
301,1.7678572
302,1.7678572
303,1.7678572
304,1.7678572
305,1.7678572
306,1.7678572
307,1.7678572
308,1.7678572
309,1.7678572
310,1.7678572
311,1.7678572
312,1.7678572
313,1.7678572
314,1.7678572
315,1.7678572
316,1.7678572
317,1.7678572
318,1.7678572
319,1.7678572
320,1.7678572
321,1.7678572
322,1.7678572
323,1.7678572
324,1.7678572
325,1.7678572
326,1.7678572
327,1.7678572
328,1.7678572
329,1.7678572
330,1.7678572
331,1.7678572
332,1.7678572
333,1.7678572
334,1.7678572
335,1.7678572
336,1.7678572
337,1.7678572
338,1.7678572
339,1.7678572
340,1.7678572
341,1.7678572
342,1.7678572
343,1.7678572
344,1.7678572
345,1.7678572
346,1.7678572
347,1.7678572
348,1.7678572
349,1.7678572
350,1.7678572
351,1.7678572
352,1.7678572
353,1.7678572
354,1.7678572
355,1.7678572
356,1.7678572
357,1.7678572
358,1.7678572
359,1.7678572
360,1.7678572
361,1.7678572
362,1.7678572
363,1.7678572
364,1.7678572
365,1.7678572
366,1.7678572
367,1.7678572
368,1.7678572
369,1.7678572
370,1.7678572
371,1.7678572
372,1.7678572
373,1.7678572
374,1.7678572
375,1.7678572
376,1.7678572
377,1.7678572
378,1.7678572
379,1.7678572
380,1.7678572
381,1.7678572
382,1.7678572
383,1.7678572
384,1.7678572
385,1.7678572
386,1.7678572
387,1.7678572
388,1.7678572
389,1.7678572
390,1.7678572
391,1.7678572
392,1.7678572
393,1.7678572
394,1.7678572
395,1.7678572
396,1.7678572
397,1.7678572
398,1.7678572
399,1.7678572
400,1.7678572
401,1.7678572
402,1.7678572
403,1.7678572
404,1.7678572
405,1.7678572
406,1.7678572
407,1.7678572
408,1.7678572
409,1.7678572
410,1.7678572
411,1.7678572
412,1.7678572
413,1.7678572
414,1.7678572
415,1.7678572
416,1.7678572
417,1.7678572
418,1.7678572
419,1.7678572
420,1.7678572
421,1.7678572
422,1.7678572
423,1.7678572
424,1.7678572
425,1.7678572
426,1.7678572
427,1.7678572
428,1.7678572
429,1.7678572
430,1.7678572
431,1.7678572
432,1.7678572
433,1.7678572
434,1.7678572
435,1.7678572
436,1.7678572
437,1.7678572
438,1.7678572
439,1.7678572
440,1.7678572
441,1.7678572
442,1.7678572
443,1.7678572
444,1.7678572
445,1.7678572
446,1.7678572
447,1.7678572
448,1.7678572
449,1.7678572
450,1.7678572
451,1.7678572
452,1.7678572
453,1.7678572
454,1.7678572
455,1.7678572
456,1.7678572
457,1.7678572
458,1.7678572
459,1.7678572
460,1.7678572
461,1.7678572
462,1.7678572
463,1.7678572
464,1.7678572
465,1.7678572
466,1.7678572
467,1.7678572
468,1.7678572
469,1.7678572
470,1.7678572
471,1.7678572
472,1.7678572
473,1.7678572
474,1.7678572
475,1.7678572
476,1.7678572
477,1.7678572
478,1.7678572
479,1.7678572
480,1.7678572
481,1.7678572
482,1.7678572
483,1.7678572
484,1.7678572
485,1.7678572
486,1.7678572
487,1.7678572
488,1.7678572
489,1.7678572
490,1.7678572
491,1.7678572
492,1.7678572
493,1.7678572
494,1.7678572
495,1.7678572
496,1.7678572
497,1.7678572
498,1.7678572
499,1.7678572
0,0.75
1,0.91071427
2,1.0178572
3,1.0892857
4,1.1964285
5,1.2678572
6,1.3214285
7,1.3571428
8,1.4107143
9,1.4464285
10,1.5
11,1.5357143
12,1.5357143
13,1.5357143
14,1.5357143
15,1.5357143
16,1.5357143
17,1.5357143
18,1.5357143
19,1.5357143
20,1.5357143
21,1.5357143
22,1.5357143
23,1.5357143
24,1.5357143
25,1.5357143
26,1.5357143
27,1.5357143
28,1.5357143
29,1.5357143
30,1.5357143
31,1.5357143
32,1.5357143
33,1.5357143
34,1.5357143
35,1.5357143
36,1.5357143
37,1.5357143
38,1.5357143
39,1.5357143
40,1.5357143
41,1.5357143
42,1.5357143
43,1.5357143
44,1.5357143
45,1.5357143
46,1.5357143
47,1.5357143
48,1.5357143
49,1.5357143
50,1.5357143
51,1.5357143
52,1.5357143
53,1.5357143
54,1.5357143
55,1.5357143
56,1.5357143
57,1.5357143
58,1.5357143
59,1.5357143
60,1.5357143
61,1.5357143
62,1.5357143
63,1.5357143
64,1.5357143
65,1.5357143
66,1.5357143
67,1.5357143
68,1.5357143
69,1.5357143
70,1.5357143
71,1.5357143
72,1.5357143
73,1.5357143
74,1.5357143
75,1.5357143
76,1.5357143
77,1.5357143
78,1.5357143
79,1.5357143
80,1.5357143
81,1.5357143
82,1.5357143
83,1.5357143
84,1.5357143
85,1.5357143
86,1.5357143
87,1.5357143
88,1.5357143
89,1.5357143
90,1.5357143
91,1.5357143
92,1.5357143
93,1.5357143
94,1.5357143
95,1.5357143
96,1.5357143
97,1.5357143
98,1.5357143
99,1.5357143
100,1.5357143
101,1.5357143
102,1.5357143
103,1.5357143
104,1.5357143
105,1.5357143
106,1.5357143
107,1.5357143
108,1.5357143
109,1.5357143
110,1.5357143
111,1.5357143
112,1.5357143
113,1.5357143
114,1.5357143
115,1.5357143
116,1.5357143
117,1.5357143
118,1.5357143
119,1.5357143
120,1.5357143
121,1.5357143
122,1.5357143
123,1.5357143
124,1.5357143
125,1.5357143
126,1.5357143
127,1.5357143
128,1.5357143
129,1.5357143
130,1.5357143
131,1.5357143
132,1.5357143
133,1.5357143
134,1.5357143
135,1.5357143
136,1.5357143
137,1.5357143
138,1.5357143
139,1.5357143
140,1.5357143
141,1.5357143
142,1.5357143
143,1.5357143
144,1.5357143
145,1.5357143
146,1.5357143
147,1.5357143
148,1.5357143
149,1.5357143
150,1.5357143
151,1.5357143
152,1.5357143
153,1.5357143
154,1.5357143
155,1.5357143
156,1.5357143
157,1.5357143
158,1.5357143
159,1.5357143
160,1.5357143
161,1.5357143
162,1.5357143
163,1.5357143
164,1.5357143
165,1.5357143
166,1.5357143
167,1.5357143
168,1.5357143
169,1.5357143
170,1.5357143
171,1.5357143
172,1.5357143
173,1.5357143
174,1.5357143
175,1.5357143
176,1.5357143
177,1.5357143
178,1.5357143
179,1.5357143
180,1.5357143
181,1.5357143
182,1.5357143
183,1.5357143
184,1.5357143
185,1.5357143
186,1.5357143
187,1.5357143
188,1.5357143
189,1.5357143
190,1.5357143
191,1.5357143
192,1.5357143
193,1.5357143
194,1.5357143
195,1.5357143
196,1.5357143
197,1.5357143
198,1.5357143
199,1.5357143
200,1.5357143
201,1.5357143
202,1.5357143
203,1.5357143
204,1.5357143
205,1.5357143
206,1.5357143
207,1.5357143
208,1.5357143
209,1.5357143
210,1.5357143
211,1.5357143
212,1.5357143
213,1.5357143
214,1.5357143
215,1.5357143
216,1.5357143
217,1.5357143
218,1.5357143
219,1.5357143
220,1.5357143
221,1.5357143
222,1.5357143
223,1.5357143
224,1.5357143
225,1.5357143
226,1.5357143
227,1.5357143
228,1.5357143
229,1.5357143
230,1.5357143
231,1.5357143
232,1.5357143
233,1.5357143
234,1.5357143
235,1.5357143
236,1.5357143
237,1.5357143
238,1.5357143
239,1.5357143
240,1.5357143
241,1.5357143
242,1.5357143
243,1.5357143
244,1.5357143
245,1.5357143
246,1.5357143
247,1.5357143
248,1.5357143
249,1.5357143
250,1.5357143
251,1.5357143
252,1.5357143
253,1.5357143
254,1.5357143
255,1.5357143
256,1.5357143
257,1.5357143
258,1.5357143
259,1.5357143
260,1.5357143
261,1.5357143
262,1.5357143
263,1.5357143
264,1.5357143
265,1.5357143
266,1.5357143
267,1.5357143
268,1.5357143
269,1.5357143
270,1.5357143
271,1.5357143
272,1.5357143
273,1.5357143
274,1.5357143
275,1.5357143
276,1.5357143
277,1.5357143
278,1.5357143
279,1.5357143
280,1.5357143
281,1.5357143
282,1.5357143
283,1.5357143
284,1.5357143
285,1.5357143
286,1.5357143
287,1.5357143
288,1.5357143
289,1.5357143
290,1.5357143
291,1.5357143
292,1.5357143
293,1.5357143
294,1.5357143
295,1.5357143
296,1.5357143
297,1.5357143
298,1.5357143
299,1.5357143
300,1.5357143
301,1.5357143
302,1.5357143
303,1.5357143
304,1.5357143
305,1.5357143
306,1.5357143
307,1.5357143
308,1.5357143
309,1.5357143
310,1.5357143
311,1.5357143
312,1.5357143
313,1.5357143
314,1.5357143
315,1.5357143
316,1.5357143
317,1.5357143
318,1.5357143
319,1.5357143
320,1.5357143
321,1.5357143
322,1.5357143
323,1.5357143
324,1.5357143
325,1.5357143
326,1.5357143
327,1.5357143
328,1.5357143
329,1.5357143
330,1.5357143
331,1.5357143
332,1.5357143
333,1.5357143
334,1.5357143
335,1.5357143
336,1.5357143
337,1.5357143
338,1.5357143
339,1.5357143
340,1.5357143
341,1.5357143
342,1.5357143
343,1.5357143
344,1.5357143
345,1.5357143
346,1.5357143
347,1.5357143
348,1.5357143
349,1.5357143
350,1.5357143
351,1.5357143
352,1.5357143
353,1.5357143
354,1.5357143
355,1.5357143
356,1.5357143
357,1.5357143
358,1.5357143
359,1.5357143
360,1.5357143
361,1.5357143
362,1.5357143
363,1.5357143
364,1.5357143
365,1.5357143
366,1.5357143
367,1.5357143
368,1.5357143
369,1.5357143
370,1.5357143
371,1.5357143
372,1.5357143
373,1.5357143
374,1.5357143
375,1.5357143
376,1.5357143
377,1.5357143
378,1.5357143
379,1.5357143
380,1.5357143
381,1.5357143
382,1.5357143
383,1.5357143
384,1.5357143
385,1.5357143
386,1.5357143
387,1.5357143
388,1.5357143
389,1.5357143
390,1.5357143
391,1.5357143
392,1.5357143
393,1.5357143
394,1.5357143
395,1.5357143
396,1.5357143
397,1.5357143
398,1.5357143
399,1.5357143
400,1.5357143
401,1.5357143
402,1.5357143
403,1.5357143
404,1.5357143
405,1.5357143
406,1.5357143
407,1.5357143
408,1.5357143
409,1.5357143
410,1.5357143
411,1.5357143
412,1.5357143
413,1.5357143
414,1.5357143
415,1.5357143
416,1.5357143
417,1.5357143
418,1.5357143
419,1.5357143
420,1.5357143
421,1.5357143
422,1.5357143
423,1.5357143
424,1.5357143
425,1.5357143
426,1.5357143
427,1.5357143
428,1.5357143
429,1.5357143
430,1.5357143
431,1.5357143
432,1.5357143
433,1.5357143
434,1.5357143
435,1.5357143
436,1.5357143
437,1.5357143
438,1.5357143
439,1.5357143
440,1.5357143
441,1.5357143
442,1.5357143
443,1.5357143
444,1.5357143
445,1.5357143
446,1.5357143
447,1.5357143
448,1.5357143
449,1.5357143
450,1.5357143
451,1.5357143
452,1.5357143
453,1.5357143
454,1.5357143
455,1.5357143
456,1.5357143
457,1.5357143
458,1.5357143
459,1.5357143
460,1.5357143
461,1.5357143
462,1.5357143
463,1.5357143
464,1.5357143
465,1.5357143
466,1.5357143
467,1.5357143
468,1.5357143
469,1.5357143
470,1.5357143
471,1.5357143
472,1.5357143
473,1.5357143
474,1.5357143
475,1.5357143
476,1.5357143
477,1.5357143
478,1.5357143
479,1.5357143
480,1.5357143
481,1.5357143
482,1.5357143
483,1.5357143
484,1.5357143
485,1.5357143
486,1.5357143
487,1.5357143
488,1.5357143
489,1.5357143
490,1.5357143
491,1.5357143
492,1.5357143
493,1.5357143
494,1.5357143
495,1.5357143
496,1.5357143
497,1.5357143
498,1.5357143
499,1.5357143
0,0.4642857
1,0.5714286
2,0.66071427
3,0.71428573
4,0.76785713
5,0.8214286
6,0.85714287
7,0.875
8,0.875
9,0.875
10,0.875
11,0.875
12,0.875
13,0.875
14,0.875
15,0.875
16,0.875
17,0.875
18,0.875
19,0.875
20,0.875
21,0.875
22,0.875
23,0.875
24,0.875
25,0.875
26,0.875
27,0.875
28,0.875
29,0.875
30,0.875
31,0.875
32,0.875
33,0.875
34,0.875
35,0.875
36,0.875
37,0.875
38,0.875
39,0.875
40,0.875
41,0.875
42,0.875
43,0.875
44,0.875
45,0.875
46,0.875
47,0.875
48,0.875
49,0.875
50,0.875
51,0.875
52,0.875
53,0.875
54,0.875
55,0.875
56,0.875
57,0.875
58,0.875
59,0.875
60,0.875
61,0.875
62,0.875
63,0.875
64,0.875
65,0.875
66,0.875
67,0.875
68,0.875
69,0.875
70,0.875
71,0.875
72,0.875
73,0.875
74,0.875
75,0.875
76,0.875
77,0.875
78,0.875
79,0.875
80,0.875
81,0.875
82,0.875
83,0.875
84,0.875
85,0.875
86,0.875
87,0.875
88,0.875
89,0.875
90,0.875
91,0.875
92,0.875
93,0.875
94,0.875
95,0.875
96,0.875
97,0.875
98,0.875
99,0.875
100,0.875
101,0.875
102,0.875
103,0.875
104,0.875
105,0.875
106,0.875
107,0.875
108,0.875
109,0.875
110,0.875
111,0.875
112,0.875
113,0.875
114,0.875
115,0.875
116,0.875
117,0.875
118,0.875
119,0.875
120,0.875
121,0.875
122,0.875
123,0.875
124,0.875
125,0.875
126,0.875
127,0.875
128,0.875
129,0.875
130,0.875
131,0.875
132,0.875
133,0.875
134,0.875
135,0.875
136,0.875
137,0.875
138,0.875
139,0.875
140,0.875
141,0.875
142,0.875
143,0.875
144,0.875
145,0.875
146,0.875
147,0.875
148,0.875
149,0.875
150,0.875
151,0.875
152,0.875
153,0.875
154,0.875
155,0.875
156,0.875
157,0.875
158,0.875
159,0.875
160,0.875
161,0.875
162,0.875
163,0.875
164,0.875
165,0.875
166,0.875
167,0.875
168,0.875
169,0.875
170,0.875
171,0.875
172,0.875
173,0.875
174,0.875
175,0.875
176,0.875
177,0.875
178,0.875
179,0.875
180,0.875
181,0.875
182,0.875
183,0.875
184,0.875
185,0.875
186,0.875
187,0.875
188,0.875
189,0.875
190,0.875
191,0.875
192,0.875
193,0.875
194,0.875
195,0.875
196,0.875
197,0.875
198,0.875
199,0.875
200,0.875
201,0.875
202,0.875
203,0.875
204,0.875
205,0.875
206,0.875
207,0.875
208,0.875
209,0.875
210,0.875
211,0.875
212,0.875
213,0.875
214,0.875
215,0.875
216,0.875
217,0.875
218,0.875
219,0.875
220,0.875
221,0.875
222,0.875
223,0.875
224,0.875
225,0.875
226,0.875
227,0.875
228,0.875
229,0.875
230,0.875
231,0.875
232,0.875
233,0.875
234,0.875
235,0.875
236,0.875
237,0.875
238,0.875
239,0.875
240,0.875
241,0.875
242,0.875
243,0.875
244,0.875
245,0.875
246,0.875
247,0.875
248,0.875
249,0.875
250,0.875
251,0.875
252,0.875
253,0.875
254,0.875
255,0.875
256,0.875
257,0.875
258,0.875
259,0.875
260,0.875
261,0.875
262,0.875
263,0.875
264,0.875
265,0.875
266,0.875
267,0.875
268,0.875
269,0.875
270,0.875
271,0.875
272,0.875
273,0.875
274,0.875
275,0.875
276,0.875
277,0.875
278,0.875
279,0.875
280,0.875
281,0.875
282,0.875
283,0.875
284,0.875
285,0.875
286,0.875
287,0.875
288,0.875
289,0.875
290,0.875
291,0.875
292,0.875
293,0.875
294,0.875
295,0.875
296,0.875
297,0.875
298,0.875
299,0.875
300,0.875
301,0.875
302,0.875
303,0.875
304,0.875
305,0.875
306,0.875
307,0.875
308,0.875
309,0.875
310,0.875
311,0.875
312,0.875
313,0.875
314,0.875
315,0.875
316,0.875
317,0.875
318,0.875
319,0.875
320,0.875
321,0.875
322,0.875
323,0.875
324,0.875
325,0.875
326,0.875
327,0.875
328,0.875
329,0.875
330,0.875
331,0.875
332,0.875
333,0.875
334,0.875
335,0.875
336,0.875
337,0.875
338,0.875
339,0.875
340,0.875
341,0.875
342,0.875
343,0.875
344,0.875
345,0.875
346,0.875
347,0.875
348,0.875
349,0.875
350,0.875
351,0.875
352,0.875
353,0.875
354,0.875
355,0.875
356,0.875
357,0.875
358,0.875
359,0.875
360,0.875
361,0.875
362,0.875
363,0.875
364,0.875
365,0.875
366,0.875
367,0.875
368,0.875
369,0.875
370,0.875
371,0.875
372,0.875
373,0.875
374,0.875
375,0.875
376,0.875
377,0.875
378,0.875
379,0.875
380,0.875
381,0.875
382,0.875
383,0.875
384,0.875
385,0.875
386,0.875
387,0.875
388,0.875
389,0.875
390,0.875
391,0.875
392,0.875
393,0.875
394,0.875
395,0.875
396,0.875
397,0.875
398,0.875
399,0.875
400,0.875
401,0.875
402,0.875
403,0.875
404,0.875
405,0.875
406,0.875
407,0.875
408,0.875
409,0.875
410,0.875
411,0.875
412,0.875
413,0.875
414,0.875
415,0.875
416,0.875
417,0.875
418,0.875
419,0.875
420,0.875
421,0.875
422,0.875
423,0.875
424,0.875
425,0.875
426,0.875
427,0.875
428,0.875
429,0.875
430,0.875
431,0.875
432,0.875
433,0.875
434,0.875
435,0.875
436,0.875
437,0.875
438,0.875
439,0.875
440,0.875
441,0.875
442,0.875
443,0.875
444,0.875
445,0.875
446,0.875
447,0.875
448,0.875
449,0.875
450,0.875
451,0.875
452,0.875
453,0.875
454,0.875
455,0.875
456,0.875
457,0.875
458,0.875
459,0.875
460,0.875
461,0.875
462,0.875
463,0.875
464,0.875
465,0.875
466,0.875
467,0.875
468,0.875
469,0.875
470,0.875
471,0.875
472,0.875
473,0.875
474,0.875
475,0.875
476,0.875
477,0.875
478,0.875
479,0.875
480,0.875
481,0.875
482,0.875
483,0.875
484,0.875
485,0.875
486,0.875
487,0.875
488,0.875
489,0.875
490,0.875
491,0.875
492,0.875
493,0.875
494,0.875
495,0.875
496,0.875
497,0.875
498,0.875
499,0.875
0,0.39285713
1,0.53571427
2,0.58928573
3,0.64285713
4,0.64285713
5,0.64285713
6,0.64285713
7,0.64285713
8,0.64285713
9,0.64285713
10,0.64285713
11,0.64285713
12,0.64285713
13,0.64285713
14,0.64285713
15,0.64285713
16,0.64285713
17,0.64285713
18,0.64285713
19,0.64285713
20,0.64285713
21,0.64285713
22,0.64285713
23,0.64285713
24,0.64285713
25,0.64285713
26,0.64285713
27,0.64285713
28,0.64285713
29,0.64285713
30,0.64285713
31,0.64285713
32,0.64285713
33,0.64285713
34,0.64285713
35,0.64285713
36,0.64285713
37,0.64285713
38,0.64285713
39,0.64285713
40,0.64285713
41,0.64285713
42,0.64285713
43,0.64285713
44,0.64285713
45,0.64285713
46,0.64285713
47,0.64285713
48,0.64285713
49,0.64285713
50,0.64285713
51,0.64285713
52,0.64285713
53,0.64285713
54,0.64285713
55,0.64285713
56,0.64285713
57,0.64285713
58,0.64285713
59,0.64285713
60,0.64285713
61,0.64285713
62,0.64285713
63,0.64285713
64,0.64285713
65,0.64285713
66,0.64285713
67,0.64285713
68,0.64285713
69,0.64285713
70,0.64285713
71,0.64285713
72,0.64285713
73,0.64285713
74,0.64285713
75,0.64285713
76,0.64285713
77,0.64285713
78,0.64285713
79,0.64285713
80,0.64285713
81,0.64285713
82,0.64285713
83,0.64285713
84,0.64285713
85,0.64285713
86,0.64285713
87,0.64285713
88,0.64285713
89,0.64285713
90,0.64285713
91,0.64285713
92,0.64285713
93,0.64285713
94,0.64285713
95,0.64285713
96,0.64285713
97,0.64285713
98,0.64285713
99,0.64285713
100,0.64285713
101,0.64285713
102,0.64285713
103,0.64285713
104,0.64285713
105,0.64285713
106,0.64285713
107,0.64285713
108,0.64285713
109,0.64285713
110,0.64285713
111,0.64285713
112,0.64285713
113,0.64285713
114,0.64285713
115,0.64285713
116,0.64285713
117,0.64285713
118,0.64285713
119,0.64285713
120,0.64285713
121,0.64285713
122,0.64285713
123,0.64285713
124,0.64285713
125,0.64285713
126,0.64285713
127,0.64285713
128,0.64285713
129,0.64285713
130,0.64285713
131,0.64285713
132,0.64285713
133,0.64285713
134,0.64285713
135,0.64285713
136,0.64285713
137,0.64285713
138,0.64285713
139,0.64285713
140,0.64285713
141,0.64285713
142,0.64285713
143,0.64285713
144,0.64285713
145,0.64285713
146,0.64285713
147,0.64285713
148,0.64285713
149,0.64285713
150,0.64285713
151,0.64285713
152,0.64285713
153,0.64285713
154,0.64285713
155,0.64285713
156,0.64285713
157,0.64285713
158,0.64285713
159,0.64285713
160,0.64285713
161,0.64285713
162,0.64285713
163,0.64285713
164,0.64285713
165,0.64285713
166,0.64285713
167,0.64285713
168,0.64285713
169,0.64285713
170,0.64285713
171,0.64285713
172,0.64285713
173,0.64285713
174,0.64285713
175,0.64285713
176,0.64285713
177,0.64285713
178,0.64285713
179,0.64285713
180,0.64285713
181,0.64285713
182,0.64285713
183,0.64285713
184,0.64285713
185,0.64285713
186,0.64285713
187,0.64285713
188,0.64285713
189,0.64285713
190,0.64285713
191,0.64285713
192,0.64285713
193,0.64285713
194,0.64285713
195,0.64285713
196,0.64285713
197,0.64285713
198,0.64285713
199,0.64285713
200,0.64285713
201,0.64285713
202,0.64285713
203,0.64285713
204,0.64285713
205,0.64285713
206,0.64285713
207,0.64285713
208,0.64285713
209,0.64285713
210,0.64285713
211,0.64285713
212,0.64285713
213,0.64285713
214,0.64285713
215,0.64285713
216,0.64285713
217,0.64285713
218,0.64285713
219,0.64285713
220,0.64285713
221,0.64285713
222,0.64285713
223,0.64285713
224,0.64285713
225,0.64285713
226,0.64285713
227,0.64285713
228,0.64285713
229,0.64285713
230,0.64285713
231,0.64285713
232,0.64285713
233,0.64285713
234,0.64285713
235,0.64285713
236,0.64285713
237,0.64285713
238,0.64285713
239,0.64285713
240,0.64285713
241,0.64285713
242,0.64285713
243,0.64285713
244,0.64285713
245,0.64285713
246,0.64285713
247,0.64285713
248,0.64285713
249,0.64285713
250,0.64285713
251,0.64285713
252,0.64285713
253,0.64285713
254,0.64285713
255,0.64285713
256,0.64285713
257,0.64285713
258,0.64285713
259,0.64285713
260,0.64285713
261,0.64285713
262,0.64285713
263,0.64285713
264,0.64285713
265,0.64285713
266,0.64285713
267,0.64285713
268,0.64285713
269,0.64285713
270,0.64285713
271,0.64285713
272,0.64285713
273,0.64285713
274,0.64285713
275,0.64285713
276,0.64285713
277,0.64285713
278,0.64285713
279,0.64285713
280,0.64285713
281,0.64285713
282,0.64285713
283,0.64285713
284,0.64285713
285,0.64285713
286,0.64285713
287,0.64285713
288,0.64285713
289,0.64285713
290,0.64285713
291,0.64285713
292,0.64285713
293,0.64285713
294,0.64285713
295,0.64285713
296,0.64285713
297,0.64285713
298,0.64285713
299,0.64285713
300,0.64285713
301,0.64285713
302,0.64285713
303,0.64285713
304,0.64285713
305,0.64285713
306,0.64285713
307,0.64285713
308,0.64285713
309,0.64285713
310,0.64285713
311,0.64285713
312,0.64285713
313,0.64285713
314,0.64285713
315,0.64285713
316,0.64285713
317,0.64285713
318,0.64285713
319,0.64285713
320,0.64285713
321,0.64285713
322,0.64285713
323,0.64285713
324,0.64285713
325,0.64285713
326,0.64285713
327,0.64285713
328,0.64285713
329,0.64285713
330,0.64285713
331,0.64285713
332,0.64285713
333,0.64285713
334,0.64285713
335,0.64285713
336,0.64285713
337,0.64285713
338,0.64285713
339,0.64285713
340,0.64285713
341,0.64285713
342,0.64285713
343,0.64285713
344,0.64285713
345,0.64285713
346,0.64285713
347,0.64285713
348,0.64285713
349,0.64285713
350,0.64285713
351,0.64285713
352,0.64285713
353,0.64285713
354,0.64285713
355,0.64285713
356,0.64285713
357,0.64285713
358,0.64285713
359,0.64285713
360,0.64285713
361,0.64285713
362,0.64285713
363,0.64285713
364,0.64285713
365,0.64285713
366,0.64285713
367,0.64285713
368,0.64285713
369,0.64285713
370,0.64285713
371,0.64285713
372,0.64285713
373,0.64285713
374,0.64285713
375,0.64285713
376,0.64285713
377,0.64285713
378,0.64285713
379,0.64285713
380,0.64285713
381,0.64285713
382,0.64285713
383,0.64285713
384,0.64285713
385,0.64285713
386,0.64285713
387,0.64285713
388,0.64285713
389,0.64285713
390,0.64285713
391,0.64285713
392,0.64285713
393,0.64285713
394,0.64285713
395,0.64285713
396,0.64285713
397,0.64285713
398,0.64285713
399,0.64285713
400,0.64285713
401,0.64285713
402,0.64285713
403,0.64285713
404,0.64285713
405,0.64285713
406,0.64285713
407,0.64285713
408,0.64285713
409,0.64285713
410,0.64285713
411,0.64285713
412,0.64285713
413,0.64285713
414,0.64285713
415,0.64285713
416,0.64285713
417,0.64285713
418,0.64285713
419,0.64285713
420,0.64285713
421,0.64285713
422,0.64285713
423,0.64285713
424,0.64285713
425,0.64285713
426,0.64285713
427,0.64285713
428,0.64285713
429,0.64285713
430,0.64285713
431,0.64285713
432,0.64285713
433,0.64285713
434,0.64285713
435,0.64285713
436,0.64285713
437,0.64285713
438,0.64285713
439,0.64285713
440,0.64285713
441,0.64285713
442,0.64285713
443,0.64285713
444,0.64285713
445,0.64285713
446,0.64285713
447,0.64285713
448,0.64285713
449,0.64285713
450,0.64285713
451,0.64285713
452,0.64285713
453,0.64285713
454,0.64285713
455,0.64285713
456,0.64285713
457,0.64285713
458,0.64285713
459,0.64285713
460,0.64285713
461,0.64285713
462,0.64285713
463,0.64285713
464,0.64285713
465,0.64285713
466,0.64285713
467,0.64285713
468,0.64285713
469,0.64285713
470,0.64285713
471,0.64285713
472,0.64285713
473,0.64285713
474,0.64285713
475,0.64285713
476,0.64285713
477,0.64285713
478,0.64285713
479,0.64285713
480,0.64285713
481,0.64285713
482,0.64285713
483,0.64285713
484,0.64285713
485,0.64285713
486,0.64285713
487,0.64285713
488,0.64285713
489,0.64285713
490,0.64285713
491,0.64285713
492,0.64285713
493,0.64285713
494,0.64285713
495,0.64285713
496,0.64285713
497,0.64285713
498,0.64285713
499,0.64285713
