0,0.8333333
1,1.9583334
2,2.6666667
3,3.125
4,3.5
5,3.9583333
6,4.5416665
7,4.9166665
8,5.375
9,5.6666665
10,6.125
11,6.4166665
12,6.7916665
13,7.25
14,7.5416665
15,8.125
16,8.375
17,8.666667
18,9.041667
19,9.416667
20,9.791667
21,10.166667
22,10.541667
23,11.0
24,11.375
25,11.75
26,12.125
27,12.5
28,12.875
29,13.25
30,13.625
31,14.0
32,14.458333
33,14.541667
34,14.916667
35,15.291667
36,15.666667
37,16.125
38,16.5
39,16.583334
40,17.041666
41,17.416666
42,17.5
43,17.958334
44,18.041666
45,18.5
46,18.583334
47,19.041666
48,19.125
49,19.583334
50,19.666666
51,20.125
52,20.208334
53,20.208334
54,20.208334
55,20.208334
56,20.208334
57,20.208334
58,20.208334
59,20.208334
60,20.208334
61,20.208334
62,20.208334
63,20.208334
64,20.208334
65,20.208334
66,20.208334
67,20.208334
68,20.208334
69,20.208334
70,20.208334
71,20.208334
72,20.208334
73,20.208334
74,20.208334
75,20.208334
76,20.208334
77,20.208334
78,20.208334
79,20.208334
80,20.208334
81,20.208334
82,20.208334
83,20.208334
84,20.208334
85,20.208334
86,20.208334
87,20.208334
88,20.208334
89,20.208334
90,20.208334
91,20.208334
92,20.208334
93,20.208334
94,20.208334
95,20.208334
96,20.208334
97,20.208334
98,20.208334
99,20.208334
100,20.208334
101,20.208334
102,20.208334
103,20.208334
104,20.208334
105,20.208334
106,20.208334
107,20.208334
108,20.208334
109,20.208334
110,20.208334
111,20.208334
112,20.208334
113,20.208334
114,20.208334
115,20.208334
116,20.208334
117,20.208334
118,20.208334
119,20.208334
120,20.208334
121,20.208334
122,20.208334
123,20.208334
124,20.208334
125,20.208334
126,20.208334
127,20.208334
128,20.208334
129,20.208334
130,20.208334
131,20.208334
132,20.208334
133,20.208334
134,20.208334
135,20.208334
136,20.208334
137,20.208334
138,20.208334
139,20.208334
140,20.208334
141,20.208334
142,20.208334
143,20.208334
144,20.208334
145,20.208334
146,20.208334
147,20.208334
148,20.208334
149,20.208334
150,20.208334
151,20.208334
152,20.208334
153,20.208334
154,20.208334
155,20.208334
156,20.208334
157,20.208334
158,20.208334
159,20.208334
160,20.208334
161,20.208334
162,20.208334
163,20.208334
164,20.208334
165,20.208334
166,20.208334
167,20.208334
168,20.208334
169,20.208334
170,20.208334
171,20.208334
172,20.208334
173,20.208334
174,20.208334
175,20.208334
176,20.208334
177,20.208334
178,20.208334
179,20.208334
180,20.208334
181,20.208334
182,20.208334
183,20.208334
184,20.208334
185,20.208334
186,20.208334
187,20.208334
188,20.208334
189,20.208334
190,20.208334
191,20.208334
192,20.208334
193,20.208334
194,20.208334
195,20.208334
196,20.208334
197,20.208334
198,20.208334
199,20.208334
200,20.208334
201,20.208334
202,20.208334
203,20.208334
204,20.208334
205,20.208334
206,20.208334
207,20.208334
208,20.208334
209,20.208334
210,20.208334
211,20.208334
212,20.208334
213,20.208334
214,20.208334
215,20.208334
216,20.208334
217,20.208334
218,20.208334
219,20.208334
220,20.208334
221,20.208334
222,20.208334
223,20.208334
224,20.208334
225,20.208334
226,20.208334
227,20.208334
228,20.208334
229,20.208334
230,20.208334
231,20.208334
232,20.208334
233,20.208334
234,20.208334
235,20.208334
236,20.208334
237,20.208334
238,20.208334
239,20.208334
240,20.208334
241,20.208334
242,20.208334
243,20.208334
244,20.208334
245,20.208334
246,20.208334
247,20.208334
248,20.208334
249,20.208334
250,20.208334
251,20.208334
252,20.208334
253,20.208334
254,20.208334
255,20.208334
256,20.208334
257,20.208334
258,20.208334
259,20.208334
260,20.208334
261,20.208334
262,20.208334
263,20.208334
264,20.208334
265,20.208334
266,20.208334
267,20.208334
268,20.208334
269,20.208334
270,20.208334
271,20.208334
272,20.208334
273,20.208334
274,20.208334
275,20.208334
276,20.208334
277,20.208334
278,20.208334
279,20.208334
280,20.208334
281,20.208334
282,20.208334
283,20.208334
284,20.208334
285,20.208334
286,20.208334
287,20.208334
288,20.208334
289,20.208334
290,20.208334
291,20.208334
292,20.208334
293,20.208334
294,20.208334
295,20.208334
296,20.208334
297,20.208334
298,20.208334
299,20.208334
300,20.208334
301,20.208334
302,20.208334
303,20.208334
304,20.208334
305,20.208334
306,20.208334
307,20.208334
308,20.208334
309,20.208334
310,20.208334
311,20.208334
312,20.208334
313,20.208334
314,20.208334
315,20.208334
316,20.208334
317,20.208334
318,20.208334
319,20.208334
320,20.208334
321,20.208334
322,20.208334
323,20.208334
324,20.208334
325,20.208334
326,20.208334
327,20.208334
328,20.208334
329,20.208334
330,20.208334
331,20.208334
332,20.208334
333,20.208334
334,20.208334
335,20.208334
336,20.208334
337,20.208334
338,20.208334
339,20.208334
340,20.208334
341,20.208334
342,20.208334
343,20.208334
344,20.208334
345,20.208334
346,20.208334
347,20.208334
348,20.208334
349,20.208334
350,20.208334
351,20.208334
352,20.208334
353,20.208334
354,20.208334
355,20.208334
356,20.208334
357,20.208334
358,20.208334
359,20.208334
360,20.208334
361,20.208334
362,20.208334
363,20.208334
364,20.208334
365,20.208334
366,20.208334
367,20.208334
368,20.208334
369,20.208334
370,20.208334
371,20.208334
372,20.208334
373,20.208334
374,20.208334
375,20.208334
376,20.208334
377,20.208334
378,20.208334
379,20.208334
380,20.208334
381,20.208334
382,20.208334
383,20.208334
384,20.208334
385,20.208334
386,20.208334
387,20.208334
388,20.208334
389,20.208334
390,20.208334
391,20.208334
392,20.208334
393,20.208334
394,20.208334
395,20.208334
396,20.208334
397,20.208334
398,20.208334
399,20.208334
400,20.208334
401,20.208334
402,20.208334
403,20.208334
404,20.208334
405,20.208334
406,20.208334
407,20.208334
408,20.208334
409,20.208334
410,20.208334
411,20.208334
412,20.208334
413,20.208334
414,20.208334
415,20.208334
416,20.208334
417,20.208334
418,20.208334
419,20.208334
420,20.208334
421,20.208334
422,20.208334
423,20.208334
424,20.208334
425,20.208334
426,20.208334
427,20.208334
428,20.208334
429,20.208334
430,20.208334
431,20.208334
432,20.208334
433,20.208334
434,20.208334
435,20.208334
436,20.208334
437,20.208334
438,20.208334
439,20.208334
440,20.208334
441,20.208334
442,20.208334
443,20.208334
444,20.208334
445,20.208334
446,20.208334
447,20.208334
448,20.208334
449,20.208334
450,20.208334
451,20.208334
452,20.208334
453,20.208334
454,20.208334
455,20.208334
456,20.208334
457,20.208334
458,20.208334
459,20.208334
460,20.208334
461,20.208334
462,20.208334
463,20.208334
464,20.208334
465,20.208334
466,20.208334
467,20.208334
468,20.208334
469,20.208334
470,20.208334
471,20.208334
472,20.208334
473,20.208334
474,20.208334
475,20.208334
476,20.208334
477,20.208334
478,20.208334
479,20.208334
480,20.208334
481,20.208334
482,20.208334
483,20.208334
484,20.208334
485,20.208334
486,20.208334
487,20.208334
488,20.208334
489,20.208334
490,20.208334
491,20.208334
492,20.208334
493,20.208334
494,20.208334
495,20.208334
496,20.208334
497,20.208334
498,20.208334
499,20.208334
0,0.5833333
1,1.1666666
2,1.9166666
3,2.3333333
4,3.0833333
5,3.5833333
6,4.1666665
7,4.4583335
8,4.8333335
9,5.2916665
10,5.5
11,5.875
12,6.3333335
13,6.5416665
14,7.0
15,7.2083335
16,7.5833335
17,7.875
18,8.166667
19,8.625
20,8.916667
21,9.375
22,9.666667
23,10.041667
24,10.416667
25,10.875
26,11.166667
27,11.541667
28,11.916667
29,12.375
30,12.666667
31,13.041667
32,13.416667
33,13.791667
34,13.958333
35,14.25
36,14.333333
37,14.708333
38,15.083333
39,15.458333
40,15.541667
41,15.916667
42,16.291666
43,16.583334
44,16.833334
45,17.125
46,17.5
47,17.791666
48,17.875
49,17.875
50,17.875
51,17.875
52,17.875
53,17.875
54,17.875
55,17.875
56,17.875
57,17.875
58,17.875
59,17.875
60,17.875
61,17.875
62,17.875
63,17.875
64,17.875
65,17.875
66,17.875
67,17.875
68,17.875
69,17.875
70,17.875
71,17.875
72,17.875
73,17.875
74,17.875
75,17.875
76,17.875
77,17.875
78,17.875
79,17.875
80,17.875
81,17.875
82,17.875
83,17.875
84,17.875
85,17.875
86,17.875
87,17.875
88,17.875
89,17.875
90,17.875
91,17.875
92,17.875
93,17.875
94,17.875
95,17.875
96,17.875
97,17.875
98,17.875
99,17.875
100,17.875
101,17.875
102,17.875
103,17.875
104,17.875
105,17.875
106,17.875
107,17.875
108,17.875
109,17.875
110,17.875
111,17.875
112,17.875
113,17.875
114,17.875
115,17.875
116,17.875
117,17.875
118,17.875
119,17.875
120,17.875
121,17.875
122,17.875
123,17.875
124,17.875
125,17.875
126,17.875
127,17.875
128,17.875
129,17.875
130,17.875
131,17.875
132,17.875
133,17.875
134,17.875
135,17.875
136,17.875
137,17.875
138,17.875
139,17.875
140,17.875
141,17.875
142,17.875
143,17.875
144,17.875
145,17.875
146,17.875
147,17.875
148,17.875
149,17.875
150,17.875
151,17.875
152,17.875
153,17.875
154,17.875
155,17.875
156,17.875
157,17.875
158,17.875
159,17.875
160,17.875
161,17.875
162,17.875
163,17.875
164,17.875
165,17.875
166,17.875
167,17.875
168,17.875
169,17.875
170,17.875
171,17.875
172,17.875
173,17.875
174,17.875
175,17.875
176,17.875
177,17.875
178,17.875
179,17.875
180,17.875
181,17.875
182,17.875
183,17.875
184,17.875
185,17.875
186,17.875
187,17.875
188,17.875
189,17.875
190,17.875
191,17.875
192,17.875
193,17.875
194,17.875
195,17.875
196,17.875
197,17.875
198,17.875
199,17.875
200,17.875
201,17.875
202,17.875
203,17.875
204,17.875
205,17.875
206,17.875
207,17.875
208,17.875
209,17.875
210,17.875
211,17.875
212,17.875
213,17.875
214,17.875
215,17.875
216,17.875
217,17.875
218,17.875
219,17.875
220,17.875
221,17.875
222,17.875
223,17.875
224,17.875
225,17.875
226,17.875
227,17.875
228,17.875
229,17.875
230,17.875
231,17.875
232,17.875
233,17.875
234,17.875
235,17.875
236,17.875
237,17.875
238,17.875
239,17.875
240,17.875
241,17.875
242,17.875
243,17.875
244,17.875
245,17.875
246,17.875
247,17.875
248,17.875
249,17.875
250,17.875
251,17.875
252,17.875
253,17.875
254,17.875
255,17.875
256,17.875
257,17.875
258,17.875
259,17.875
260,17.875
261,17.875
262,17.875
263,17.875
264,17.875
265,17.875
266,17.875
267,17.875
268,17.875
269,17.875
270,17.875
271,17.875
272,17.875
273,17.875
274,17.875
275,17.875
276,17.875
277,17.875
278,17.875
279,17.875
280,17.875
281,17.875
282,17.875
283,17.875
284,17.875
285,17.875
286,17.875
287,17.875
288,17.875
289,17.875
290,17.875
291,17.875
292,17.875
293,17.875
294,17.875
295,17.875
296,17.875
297,17.875
298,17.875
299,17.875
300,17.875
301,17.875
302,17.875
303,17.875
304,17.875
305,17.875
306,17.875
307,17.875
308,17.875
309,17.875
310,17.875
311,17.875
312,17.875
313,17.875
314,17.875
315,17.875
316,17.875
317,17.875
318,17.875
319,17.875
320,17.875
321,17.875
322,17.875
323,17.875
324,17.875
325,17.875
326,17.875
327,17.875
328,17.875
329,17.875
330,17.875
331,17.875
332,17.875
333,17.875
334,17.875
335,17.875
336,17.875
337,17.875
338,17.875
339,17.875
340,17.875
341,17.875
342,17.875
343,17.875
344,17.875
345,17.875
346,17.875
347,17.875
348,17.875
349,17.875
350,17.875
351,17.875
352,17.875
353,17.875
354,17.875
355,17.875
356,17.875
357,17.875
358,17.875
359,17.875
360,17.875
361,17.875
362,17.875
363,17.875
364,17.875
365,17.875
366,17.875
367,17.875
368,17.875
369,17.875
370,17.875
371,17.875
372,17.875
373,17.875
374,17.875
375,17.875
376,17.875
377,17.875
378,17.875
379,17.875
380,17.875
381,17.875
382,17.875
383,17.875
384,17.875
385,17.875
386,17.875
387,17.875
388,17.875
389,17.875
390,17.875
391,17.875
392,17.875
393,17.875
394,17.875
395,17.875
396,17.875
397,17.875
398,17.875
399,17.875
400,17.875
401,17.875
402,17.875
403,17.875
404,17.875
405,17.875
406,17.875
407,17.875
408,17.875
409,17.875
410,17.875
411,17.875
412,17.875
413,17.875
414,17.875
415,17.875
416,17.875
417,17.875
418,17.875
419,17.875
420,17.875
421,17.875
422,17.875
423,17.875
424,17.875
425,17.875
426,17.875
427,17.875
428,17.875
429,17.875
430,17.875
431,17.875
432,17.875
433,17.875
434,17.875
435,17.875
436,17.875
437,17.875
438,17.875
439,17.875
440,17.875
441,17.875
442,17.875
443,17.875
444,17.875
445,17.875
446,17.875
447,17.875
448,17.875
449,17.875
450,17.875
451,17.875
452,17.875
453,17.875
454,17.875
455,17.875
456,17.875
457,17.875
458,17.875
459,17.875
460,17.875
461,17.875
462,17.875
463,17.875
464,17.875
465,17.875
466,17.875
467,17.875
468,17.875
469,17.875
470,17.875
471,17.875
472,17.875
473,17.875
474,17.875
475,17.875
476,17.875
477,17.875
478,17.875
479,17.875
480,17.875
481,17.875
482,17.875
483,17.875
484,17.875
485,17.875
486,17.875
487,17.875
488,17.875
489,17.875
490,17.875
491,17.875
492,17.875
493,17.875
494,17.875
495,17.875
496,17.875
497,17.875
498,17.875
499,17.875
0,0.75
1,1.375
2,1.875
3,2.5416667
4,3.125
5,3.4166667
6,3.7916667
7,4.1666665
8,4.5416665
9,5.0416665
10,5.4166665
11,5.7916665
12,6.1666665
13,6.5416665
14,6.9166665
15,7.2083335
16,7.5833335
17,7.9583335
18,8.25
19,8.625
20,8.916667
21,9.291667
22,9.666667
23,9.958333
24,10.333333
25,10.625
26,11.0
27,11.166667
28,11.458333
29,11.625
30,11.833333
31,12.0
32,12.291667
33,12.458333
34,12.666667
35,12.833333
36,13.125
37,13.291667
38,13.583333
39,13.75
40,13.958333
41,14.125
42,14.416667
43,14.583333
44,14.791667
45,14.958333
46,15.25
47,15.416667
48,15.708333
49,15.875
50,16.166666
51,16.625
52,17.083334
53,17.541666
54,17.625
55,17.833334
56,18.083334
57,18.375
58,18.833334
59,19.291666
60,19.75
61,20.208334
62,20.666666
63,21.125
64,21.583334
65,22.041666
66,22.5
67,22.958334
68,23.416666
69,23.5
70,23.625
71,23.791666
72,23.875
73,24.0
74,24.166666
75,24.291666
76,24.625
77,24.708334
78,24.833334
79,25.0
80,25.083334
81,25.458334
82,25.625
83,25.75
84,26.083334
85,26.166666
86,26.291666
87,26.458334
88,26.541666
89,26.75
90,26.958334
91,27.208334
92,27.291666
93,27.416666
94,27.666666
95,27.75
96,27.875
97,28.041666
98,28.166666
99,28.5
100,28.583334
101,28.708334
102,28.958334
103,29.041666
104,29.166666
105,29.333334
106,29.458334
107,29.791666
108,29.875
109,30.0
110,30.25
111,30.333334
112,30.458334
113,30.625
114,30.75
115,31.083334
116,31.166666
117,31.291666
118,31.541666
119,31.625
120,31.75
121,31.916666
122,32.041668
123,32.375
124,32.458332
125,32.583332
126,32.833332
127,32.916668
128,33.208332
129,33.458332
130,33.541668
131,33.541668
132,33.541668
133,33.541668
134,33.541668
135,33.541668
136,33.541668
137,33.541668
138,33.541668
139,33.541668
140,33.541668
141,33.541668
142,33.541668
143,33.541668
144,33.541668
145,33.541668
146,33.541668
147,33.541668
148,33.541668
149,33.541668
150,33.541668
151,33.541668
152,33.541668
153,33.541668
154,33.541668
155,33.541668
156,33.541668
157,33.541668
158,33.541668
159,33.541668
160,33.541668
161,33.541668
162,33.541668
163,33.541668
164,33.541668
165,33.541668
166,33.541668
167,33.541668
168,33.541668
169,33.541668
170,33.541668
171,33.541668
172,33.541668
173,33.541668
174,33.541668
175,33.541668
176,33.541668
177,33.541668
178,33.541668
179,33.541668
180,33.541668
181,33.541668
182,33.541668
183,33.541668
184,33.541668
185,33.541668
186,33.541668
187,33.541668
188,33.541668
189,33.541668
190,33.541668
191,33.541668
192,33.541668
193,33.541668
194,33.541668
195,33.541668
196,33.541668
197,33.541668
198,33.541668
199,33.541668
200,33.541668
201,33.541668
202,33.541668
203,33.541668
204,33.541668
205,33.541668
206,33.541668
207,33.541668
208,33.541668
209,33.541668
210,33.541668
211,33.541668
212,33.541668
213,33.541668
214,33.541668
215,33.541668
216,33.541668
217,33.541668
218,33.541668
219,33.541668
220,33.541668
221,33.541668
222,33.541668
223,33.541668
224,33.541668
225,33.541668
226,33.541668
227,33.541668
228,33.541668
229,33.541668
230,33.541668
231,33.541668
232,33.541668
233,33.541668
234,33.541668
235,33.541668
236,33.541668
237,33.541668
238,33.541668
239,33.541668
240,33.541668
241,33.541668
242,33.541668
243,33.541668
244,33.541668
245,33.541668
246,33.541668
247,33.541668
248,33.541668
249,33.541668
250,33.541668
251,33.541668
252,33.541668
253,33.541668
254,33.541668
255,33.541668
256,33.541668
257,33.541668
258,33.541668
259,33.541668
260,33.541668
261,33.541668
262,33.541668
263,33.541668
264,33.541668
265,33.541668
266,33.541668
267,33.541668
268,33.541668
269,33.541668
270,33.541668
271,33.541668
272,33.541668
273,33.541668
274,33.541668
275,33.541668
276,33.541668
277,33.541668
278,33.541668
279,33.541668
280,33.541668
281,33.541668
282,33.541668
283,33.541668
284,33.541668
285,33.541668
286,33.541668
287,33.541668
288,33.541668
289,33.541668
290,33.541668
291,33.541668
292,33.541668
293,33.541668
294,33.541668
295,33.541668
296,33.541668
297,33.541668
298,33.541668
299,33.541668
300,33.541668
301,33.541668
302,33.541668
303,33.541668
304,33.541668
305,33.541668
306,33.541668
307,33.541668
308,33.541668
309,33.541668
310,33.541668
311,33.541668
312,33.541668
313,33.541668
314,33.541668
315,33.541668
316,33.541668
317,33.541668
318,33.541668
319,33.541668
320,33.541668
321,33.541668
322,33.541668
323,33.541668
324,33.541668
325,33.541668
326,33.541668
327,33.541668
328,33.541668
329,33.541668
330,33.541668
331,33.541668
332,33.541668
333,33.541668
334,33.541668
335,33.541668
336,33.541668
337,33.541668
338,33.541668
339,33.541668
340,33.541668
341,33.541668
342,33.541668
343,33.541668
344,33.541668
345,33.541668
346,33.541668
347,33.541668
348,33.541668
349,33.541668
350,33.541668
351,33.541668
352,33.541668
353,33.541668
354,33.541668
355,33.541668
356,33.541668
357,33.541668
358,33.541668
359,33.541668
360,33.541668
361,33.541668
362,33.541668
363,33.541668
364,33.541668
365,33.541668
366,33.541668
367,33.541668
368,33.541668
369,33.541668
370,33.541668
371,33.541668
372,33.541668
373,33.541668
374,33.541668
375,33.541668
376,33.541668
377,33.541668
378,33.541668
379,33.541668
380,33.541668
381,33.541668
382,33.541668
383,33.541668
384,33.541668
385,33.541668
386,33.541668
387,33.541668
388,33.541668
389,33.541668
390,33.541668
391,33.541668
392,33.541668
393,33.541668
394,33.541668
395,33.541668
396,33.541668
397,33.541668
398,33.541668
399,33.541668
400,33.541668
401,33.541668
402,33.541668
403,33.541668
404,33.541668
405,33.541668
406,33.541668
407,33.541668
408,33.541668
409,33.541668
410,33.541668
411,33.541668
412,33.541668
413,33.541668
414,33.541668
415,33.541668
416,33.541668
417,33.541668
418,33.541668
419,33.541668
420,33.541668
421,33.541668
422,33.541668
423,33.541668
424,33.541668
425,33.541668
426,33.541668
427,33.541668
428,33.541668
429,33.541668
430,33.541668
431,33.541668
432,33.541668
433,33.541668
434,33.541668
435,33.541668
436,33.541668
437,33.541668
438,33.541668
439,33.541668
440,33.541668
441,33.541668
442,33.541668
443,33.541668
444,33.541668
445,33.541668
446,33.541668
447,33.541668
448,33.541668
449,33.541668
450,33.541668
451,33.541668
452,33.541668
453,33.541668
454,33.541668
455,33.541668
456,33.541668
457,33.541668
458,33.541668
459,33.541668
460,33.541668
461,33.541668
462,33.541668
463,33.541668
464,33.541668
465,33.541668
466,33.541668
467,33.541668
468,33.541668
469,33.541668
470,33.541668
471,33.541668
472,33.541668
473,33.541668
474,33.541668
475,33.541668
476,33.541668
477,33.541668
478,33.541668
479,33.541668
480,33.541668
481,33.541668
482,33.541668
483,33.541668
484,33.541668
485,33.541668
486,33.541668
487,33.541668
488,33.541668
489,33.541668
490,33.541668
491,33.541668
492,33.541668
493,33.541668
494,33.541668
495,33.541668
496,33.541668
497,33.541668
498,33.541668
499,33.541668
0,0.5416667
1,1.0
2,1.5833334
3,1.9583334
4,2.5416667
5,2.8333333
6,3.125
7,3.4166667
8,3.875
9,4.25
10,4.625
11,4.8333335
12,5.2916665
13,5.6666665
14,5.875
15,6.25
16,6.625
17,7.0
18,7.375
19,7.75
20,8.125
21,8.5
22,8.875
23,9.25
24,9.625
25,10.0
26,10.375
27,10.75
28,11.125
29,11.5
30,11.875
31,12.25
32,12.625
33,13.0
34,13.375
35,13.75
36,14.125
37,14.5
38,14.875
39,15.25
40,15.625
41,15.916667
42,16.208334
43,16.583334
44,16.666666
45,16.875
46,17.333334
47,17.416666
48,17.625
49,17.916666
50,18.208334
51,18.375
52,18.583334
53,18.875
54,19.041666
55,19.125
56,19.333334
57,19.625
58,19.791666
59,20.0
60,20.291666
61,20.458334
62,20.541666
63,20.75
64,20.916666
65,21.208334
66,21.5
67,21.791666
68,21.958334
69,22.041666
70,22.25
71,22.416666
72,22.625
73,22.916666
74,23.083334
75,23.25
76,23.416666
77,23.625
78,23.916666
79,24.083334
80,24.166666
81,24.375
82,24.541666
83,24.75
84,25.041666
85,25.208334
86,25.375
87,25.541666
88,25.75
89,25.916666
90,26.208334
91,26.375
92,26.541666
93,26.708334
94,26.875
95,27.083334
96,27.375
97,27.541666
98,27.708334
99,27.875
100,28.041666
101,28.25
102,28.541666
103,28.708334
104,28.875
105,29.041666
106,29.208334
107,29.416666
108,29.666666
109,29.833334
110,30.0
111,30.166666
112,30.333334
113,30.541666
114,30.791666
115,30.958334
116,31.125
117,31.291666
118,31.375
119,31.583334
120,31.75
121,31.916666
122,32.0
123,32.208332
124,32.375
125,32.541668
126,32.708332
127,32.791668
128,33.0
129,33.166668
130,33.333332
131,33.416668
132,33.625
133,33.791668
134,33.958332
135,34.041668
136,34.25
137,34.416668
138,34.583332
139,34.666668
140,34.875
141,35.041668
142,35.208332
143,35.291668
144,35.5
145,35.75
146,35.916668
147,36.083332
148,36.166668
149,36.375
150,36.625
151,36.791668
152,36.875
153,37.083332
154,37.25
155,37.416668
156,37.5
157,37.708332
158,37.875
159,38.041668
160,38.125
161,38.333332
162,38.5
163,38.666668
164,38.75
165,38.958332
166,39.208332
167,39.375
168,39.541668
169,39.708332
170,39.791668
171,40.0
172,40.25
173,40.416668
174,40.583332
175,40.75
176,40.833332
177,41.041668
178,41.291668
179,41.458332
180,41.625
181,41.791668
182,41.875
183,42.083332
184,42.333332
185,42.5
186,42.666668
187,42.75
188,42.958332
189,43.208332
190,43.375
191,43.541668
192,43.708332
193,43.875
194,44.041668
195,44.125
196,44.333332
197,44.5
198,44.666668
199,44.833332
200,45.0
201,45.166668
202,45.333332
203,45.416668
204,45.541668
205,45.708332
206,45.875
207,46.041668
208,46.208332
209,46.375
210,46.458332
211,46.583332
212,46.75
213,46.916668
214,47.083332
215,47.25
216,47.416668
217,47.5
218,47.583332
219,47.583332
220,47.583332
221,47.583332
222,47.583332
223,47.583332
224,47.583332
225,47.583332
226,47.583332
227,47.583332
228,47.583332
229,47.583332
230,47.583332
231,47.583332
232,47.583332
233,47.583332
234,47.583332
235,47.583332
236,47.583332
237,47.583332
238,47.583332
239,47.583332
240,47.583332
241,47.583332
242,47.583332
243,47.583332
244,47.583332
245,47.583332
246,47.583332
247,47.583332
248,47.583332
249,47.583332
250,47.583332
251,47.583332
252,47.583332
253,47.583332
254,47.583332
255,47.583332
256,47.583332
257,47.583332
258,47.583332
259,47.583332
260,47.583332
261,47.583332
262,47.583332
263,47.583332
264,47.583332
265,47.583332
266,47.583332
267,47.583332
268,47.583332
269,47.583332
270,47.583332
271,47.583332
272,47.583332
273,47.583332
274,47.583332
275,47.583332
276,47.583332
277,47.583332
278,47.583332
279,47.583332
280,47.583332
281,47.583332
282,47.583332
283,47.583332
284,47.583332
285,47.583332
286,47.583332
287,47.583332
288,47.583332
289,47.583332
290,47.583332
291,47.583332
292,47.583332
293,47.583332
294,47.583332
295,47.583332
296,47.583332
297,47.583332
298,47.583332
299,47.583332
300,47.583332
301,47.583332
302,47.583332
303,47.583332
304,47.583332
305,47.583332
306,47.583332
307,47.583332
308,47.583332
309,47.583332
310,47.583332
311,47.583332
312,47.583332
313,47.583332
314,47.583332
315,47.583332
316,47.583332
317,47.583332
318,47.583332
319,47.583332
320,47.583332
321,47.583332
322,47.583332
323,47.583332
324,47.583332
325,47.583332
326,47.583332
327,47.583332
328,47.583332
329,47.583332
330,47.583332
331,47.583332
332,47.583332
333,47.583332
334,47.583332
335,47.583332
336,47.583332
337,47.583332
338,47.583332
339,47.583332
340,47.583332
341,47.583332
342,47.583332
343,47.583332
344,47.583332
345,47.583332
346,47.583332
347,47.583332
348,47.583332
349,47.583332
350,47.583332
351,47.583332
352,47.583332
353,47.583332
354,47.583332
355,47.583332
356,47.583332
357,47.583332
358,47.583332
359,47.583332
360,47.583332
361,47.583332
362,47.583332
363,47.583332
364,47.583332
365,47.583332
366,47.583332
367,47.583332
368,47.583332
369,47.583332
370,47.583332
371,47.583332
372,47.583332
373,47.583332
374,47.583332
375,47.583332
376,47.583332
377,47.583332
378,47.583332
379,47.583332
380,47.583332
381,47.583332
382,47.583332
383,47.583332
384,47.583332
385,47.583332
386,47.583332
387,47.583332
388,47.583332
389,47.583332
390,47.583332
391,47.583332
392,47.583332
393,47.583332
394,47.583332
395,47.583332
396,47.583332
397,47.583332
398,47.583332
399,47.583332
400,47.583332
401,47.583332
402,47.583332
403,47.583332
404,47.583332
405,47.583332
406,47.583332
407,47.583332
408,47.583332
409,47.583332
410,47.583332
411,47.583332
412,47.583332
413,47.583332
414,47.583332
415,47.583332
416,47.583332
417,47.583332
418,47.583332
419,47.583332
420,47.583332
421,47.583332
422,47.583332
423,47.583332
424,47.583332
425,47.583332
426,47.583332
427,47.583332
428,47.583332
429,47.583332
430,47.583332
431,47.583332
432,47.583332
433,47.583332
434,47.583332
435,47.583332
436,47.583332
437,47.583332
438,47.583332
439,47.583332
440,47.583332
441,47.583332
442,47.583332
443,47.583332
444,47.583332
445,47.583332
446,47.583332
447,47.583332
448,47.583332
449,47.583332
450,47.583332
451,47.583332
452,47.583332
453,47.583332
454,47.583332
455,47.583332
456,47.583332
457,47.583332
458,47.583332
459,47.583332
460,47.583332
461,47.583332
462,47.583332
463,47.583332
464,47.583332
465,47.583332
466,47.583332
467,47.583332
468,47.583332
469,47.583332
470,47.583332
471,47.583332
472,47.583332
473,47.583332
474,47.583332
475,47.583332
476,47.583332
477,47.583332
478,47.583332
479,47.583332
480,47.583332
481,47.583332
482,47.583332
483,47.583332
484,47.583332
485,47.583332
486,47.583332
487,47.583332
488,47.583332
489,47.583332
490,47.583332
491,47.583332
492,47.583332
493,47.583332
494,47.583332
495,47.583332
496,47.583332
497,47.583332
498,47.583332
499,47.583332
0,0.6666667
1,1.2083334
2,1.7916666
3,2.375
4,2.7916667
5,3.25
6,3.6666667
7,3.9583333
8,4.3333335
9,4.9166665
10,5.375
11,5.75
12,6.125
13,6.4166665
14,6.7083335
15,7.0
16,7.375
17,7.6666665
18,7.9583335
19,8.333333
20,8.625
21,9.0
22,9.291667
23,9.666667
24,9.916667
25,10.125
26,10.5
27,10.75
28,10.958333
29,11.208333
30,11.416667
31,11.666667
32,11.875
33,12.125
34,12.333333
35,12.708333
36,13.083333
37,13.333333
38,13.625
39,14.0
40,14.375
41,14.625
42,14.833333
43,15.083333
44,15.291667
45,15.458333
46,15.833333
47,16.083334
48,16.375
49,16.75
50,16.833334
51,17.083334
52,17.291666
53,17.458334
54,17.75
55,17.916666
56,18.291666
57,18.458334
58,18.833334
59,19.0
60,19.291666
61,19.458334
62,19.833334
63,20.0
64,20.375
65,20.541666
66,20.833334
67,21.0
68,21.375
69,21.541666
70,21.916666
71,22.083334
72,22.375
73,22.458334
74,22.75
75,23.208334
76,23.291666
77,23.541666
78,23.75
79,23.916666
80,24.291666
81,24.458334
82,24.75
83,24.833334
84,25.125
85,25.291666
86,25.458334
87,25.75
88,25.833334
89,26.125
90,26.291666
91,26.458334
92,26.666666
93,26.833334
94,27.0
95,27.208334
96,27.375
97,27.458334
98,27.75
99,27.916666
100,28.083334
101,28.291666
102,28.458334
103,28.625
104,28.833334
105,29.0
106,29.083334
107,29.375
108,29.541666
109,29.708334
110,29.916666
111,30.083334
112,30.25
113,30.458334
114,30.625
115,30.708334
116,31.0
117,31.166666
118,31.333334
119,31.541666
120,31.708334
121,31.875
122,32.083332
123,32.25
124,32.333332
125,32.625
126,32.791668
127,32.958332
128,33.166668
129,33.333332
130,33.5
131,33.708332
132,33.875
133,33.958332
134,34.25
135,34.416668
136,34.583332
137,34.791668
138,34.958332
139,35.041668
140,35.416668
141,35.5
142,35.791668
143,35.958332
144,36.041668
145,36.333332
146,36.5
147,36.666668
148,36.875
149,37.041668
150,37.125
151,37.416668
152,37.583332
153,37.75
154,37.958332
155,38.125
156,38.291668
157,38.5
158,38.666668
159,38.75
160,38.75
161,38.75
162,38.75
163,38.75
164,38.75
165,38.75
166,38.75
167,38.75
168,38.75
169,38.75
170,38.75
171,38.75
172,38.75
173,38.75
174,38.75
175,38.75
176,38.75
177,38.75
178,38.75
179,38.75
180,38.75
181,38.75
182,38.75
183,38.75
184,38.75
185,38.75
186,38.75
187,38.75
188,38.75
189,38.75
190,38.75
191,38.75
192,38.75
193,38.75
194,38.75
195,38.75
196,38.75
197,38.75
198,38.75
199,38.75
200,38.75
201,38.75
202,38.75
203,38.75
204,38.75
205,38.75
206,38.75
207,38.75
208,38.75
209,38.75
210,38.75
211,38.75
212,38.75
213,38.75
214,38.75
215,38.75
216,38.75
217,38.75
218,38.75
219,38.75
220,38.75
221,38.75
222,38.75
223,38.75
224,38.75
225,38.75
226,38.75
227,38.75
228,38.75
229,38.75
230,38.75
231,38.75
232,38.75
233,38.75
234,38.75
235,38.75
236,38.75
237,38.75
238,38.75
239,38.75
240,38.75
241,38.75
242,38.75
243,38.75
244,38.75
245,38.75
246,38.75
247,38.75
248,38.75
249,38.75
250,38.75
251,38.75
252,38.75
253,38.75
254,38.75
255,38.75
256,38.75
257,38.75
258,38.75
259,38.75
260,38.75
261,38.75
262,38.75
263,38.75
264,38.75
265,38.75
266,38.75
267,38.75
268,38.75
269,38.75
270,38.75
271,38.75
272,38.75
273,38.75
274,38.75
275,38.75
276,38.75
277,38.75
278,38.75
279,38.75
280,38.75
281,38.75
282,38.75
283,38.75
284,38.75
285,38.75
286,38.75
287,38.75
288,38.75
289,38.75
290,38.75
291,38.75
292,38.75
293,38.75
294,38.75
295,38.75
296,38.75
297,38.75
298,38.75
299,38.75
300,38.75
301,38.75
302,38.75
303,38.75
304,38.75
305,38.75
306,38.75
307,38.75
308,38.75
309,38.75
310,38.75
311,38.75
312,38.75
313,38.75
314,38.75
315,38.75
316,38.75
317,38.75
318,38.75
319,38.75
320,38.75
321,38.75
322,38.75
323,38.75
324,38.75
325,38.75
326,38.75
327,38.75
328,38.75
329,38.75
330,38.75
331,38.75
332,38.75
333,38.75
334,38.75
335,38.75
336,38.75
337,38.75
338,38.75
339,38.75
340,38.75
341,38.75
342,38.75
343,38.75
344,38.75
345,38.75
346,38.75
347,38.75
348,38.75
349,38.75
350,38.75
351,38.75
352,38.75
353,38.75
354,38.75
355,38.75
356,38.75
357,38.75
358,38.75
359,38.75
360,38.75
361,38.75
362,38.75
363,38.75
364,38.75
365,38.75
366,38.75
367,38.75
368,38.75
369,38.75
370,38.75
371,38.75
372,38.75
373,38.75
374,38.75
375,38.75
376,38.75
377,38.75
378,38.75
379,38.75
380,38.75
381,38.75
382,38.75
383,38.75
384,38.75
385,38.75
386,38.75
387,38.75
388,38.75
389,38.75
390,38.75
391,38.75
392,38.75
393,38.75
394,38.75
395,38.75
396,38.75
397,38.75
398,38.75
399,38.75
400,38.75
401,38.75
402,38.75
403,38.75
404,38.75
405,38.75
406,38.75
407,38.75
408,38.75
409,38.75
410,38.75
411,38.75
412,38.75
413,38.75
414,38.75
415,38.75
416,38.75
417,38.75
418,38.75
419,38.75
420,38.75
421,38.75
422,38.75
423,38.75
424,38.75
425,38.75
426,38.75
427,38.75
428,38.75
429,38.75
430,38.75
431,38.75
432,38.75
433,38.75
434,38.75
435,38.75
436,38.75
437,38.75
438,38.75
439,38.75
440,38.75
441,38.75
442,38.75
443,38.75
444,38.75
445,38.75
446,38.75
447,38.75
448,38.75
449,38.75
450,38.75
451,38.75
452,38.75
453,38.75
454,38.75
455,38.75
456,38.75
457,38.75
458,38.75
459,38.75
460,38.75
461,38.75
462,38.75
463,38.75
464,38.75
465,38.75
466,38.75
467,38.75
468,38.75
469,38.75
470,38.75
471,38.75
472,38.75
473,38.75
474,38.75
475,38.75
476,38.75
477,38.75
478,38.75
479,38.75
480,38.75
481,38.75
482,38.75
483,38.75
484,38.75
485,38.75
486,38.75
487,38.75
488,38.75
489,38.75
490,38.75
491,38.75
492,38.75
493,38.75
494,38.75
495,38.75
496,38.75
497,38.75
498,38.75
499,38.75
