0,1.296875
1,1.421875
2,1.515625
3,1.578125
4,1.625
5,1.65625
6,1.71875
7,1.765625
8,1.765625
9,1.765625
10,1.765625
11,1.765625
12,1.765625
13,1.765625
14,1.765625
15,1.765625
16,1.765625
17,1.765625
18,1.765625
19,1.765625
20,1.765625
21,1.765625
22,1.765625
23,1.765625
24,1.765625
25,1.765625
26,1.765625
27,1.765625
28,1.765625
29,1.765625
30,1.765625
31,1.765625
32,1.765625
33,1.765625
34,1.765625
35,1.765625
36,1.765625
37,1.765625
38,1.765625
39,1.765625
40,1.765625
41,1.765625
42,1.765625
43,1.765625
44,1.765625
45,1.765625
46,1.765625
47,1.765625
48,1.765625
49,1.765625
50,1.765625
51,1.765625
52,1.765625
53,1.765625
54,1.765625
55,1.765625
56,1.765625
57,1.765625
58,1.765625
59,1.765625
60,1.765625
61,1.765625
62,1.765625
63,1.765625
64,1.765625
65,1.765625
66,1.765625
67,1.765625
68,1.765625
69,1.765625
70,1.765625
71,1.765625
72,1.765625
73,1.765625
74,1.765625
75,1.765625
76,1.765625
77,1.765625
78,1.765625
79,1.765625
80,1.765625
81,1.765625
82,1.765625
83,1.765625
84,1.765625
85,1.765625
86,1.765625
87,1.765625
88,1.765625
89,1.765625
90,1.765625
91,1.765625
92,1.765625
93,1.765625
94,1.765625
95,1.765625
96,1.765625
97,1.765625
98,1.765625
99,1.765625
100,1.765625
101,1.765625
102,1.765625
103,1.765625
104,1.765625
105,1.765625
106,1.765625
107,1.765625
108,1.765625
109,1.765625
110,1.765625
111,1.765625
112,1.765625
113,1.765625
114,1.765625
115,1.765625
116,1.765625
117,1.765625
118,1.765625
119,1.765625
120,1.765625
121,1.765625
122,1.765625
123,1.765625
124,1.765625
125,1.765625
126,1.765625
127,1.765625
128,1.765625
129,1.765625
130,1.765625
131,1.765625
132,1.765625
133,1.765625
134,1.765625
135,1.765625
136,1.765625
137,1.765625
138,1.765625
139,1.765625
140,1.765625
141,1.765625
142,1.765625
143,1.765625
144,1.765625
145,1.765625
146,1.765625
147,1.765625
148,1.765625
149,1.765625
150,1.765625
151,1.765625
152,1.765625
153,1.765625
154,1.765625
155,1.765625
156,1.765625
157,1.765625
158,1.765625
159,1.765625
160,1.765625
161,1.765625
162,1.765625
163,1.765625
164,1.765625
165,1.765625
166,1.765625
167,1.765625
168,1.765625
169,1.765625
170,1.765625
171,1.765625
172,1.765625
173,1.765625
174,1.765625
175,1.765625
176,1.765625
177,1.765625
178,1.765625
179,1.765625
180,1.765625
181,1.765625
182,1.765625
183,1.765625
184,1.765625
185,1.765625
186,1.765625
187,1.765625
188,1.765625
189,1.765625
190,1.765625
191,1.765625
192,1.765625
193,1.765625
194,1.765625
195,1.765625
196,1.765625
197,1.765625
198,1.765625
199,1.765625
200,1.765625
201,1.765625
202,1.765625
203,1.765625
204,1.765625
205,1.765625
206,1.765625
207,1.765625
208,1.765625
209,1.765625
210,1.765625
211,1.765625
212,1.765625
213,1.765625
214,1.765625
215,1.765625
216,1.765625
217,1.765625
218,1.765625
219,1.765625
220,1.765625
221,1.765625
222,1.765625
223,1.765625
224,1.765625
225,1.765625
226,1.765625
227,1.765625
228,1.765625
229,1.765625
230,1.765625
231,1.765625
232,1.765625
233,1.765625
234,1.765625
235,1.765625
236,1.765625
237,1.765625
238,1.765625
239,1.765625
240,1.765625
241,1.765625
242,1.765625
243,1.765625
244,1.765625
245,1.765625
246,1.765625
247,1.765625
248,1.765625
249,1.765625
250,1.765625
251,1.765625
252,1.765625
253,1.765625
254,1.765625
255,1.765625
256,1.765625
257,1.765625
258,1.765625
259,1.765625
260,1.765625
261,1.765625
262,1.765625
263,1.765625
264,1.765625
265,1.765625
266,1.765625
267,1.765625
268,1.765625
269,1.765625
270,1.765625
271,1.765625
272,1.765625
273,1.765625
274,1.765625
275,1.765625
276,1.765625
277,1.765625
278,1.765625
279,1.765625
280,1.765625
281,1.765625
282,1.765625
283,1.765625
284,1.765625
285,1.765625
286,1.765625
287,1.765625
288,1.765625
289,1.765625
290,1.765625
291,1.765625
292,1.765625
293,1.765625
294,1.765625
295,1.765625
296,1.765625
297,1.765625
298,1.765625
299,1.765625
300,1.765625
301,1.765625
302,1.765625
303,1.765625
304,1.765625
305,1.765625
306,1.765625
307,1.765625
308,1.765625
309,1.765625
310,1.765625
311,1.765625
312,1.765625
313,1.765625
314,1.765625
315,1.765625
316,1.765625
317,1.765625
318,1.765625
319,1.765625
320,1.765625
321,1.765625
322,1.765625
323,1.765625
324,1.765625
325,1.765625
326,1.765625
327,1.765625
328,1.765625
329,1.765625
330,1.765625
331,1.765625
332,1.765625
333,1.765625
334,1.765625
335,1.765625
336,1.765625
337,1.765625
338,1.765625
339,1.765625
340,1.765625
341,1.765625
342,1.765625
343,1.765625
344,1.765625
345,1.765625
346,1.765625
347,1.765625
348,1.765625
349,1.765625
350,1.765625
351,1.765625
352,1.765625
353,1.765625
354,1.765625
355,1.765625
356,1.765625
357,1.765625
358,1.765625
359,1.765625
360,1.765625
361,1.765625
362,1.765625
363,1.765625
364,1.765625
365,1.765625
366,1.765625
367,1.765625
368,1.765625
369,1.765625
370,1.765625
371,1.765625
372,1.765625
373,1.765625
374,1.765625
375,1.765625
376,1.765625
377,1.765625
378,1.765625
379,1.765625
380,1.765625
381,1.765625
382,1.765625
383,1.765625
384,1.765625
385,1.765625
386,1.765625
387,1.765625
388,1.765625
389,1.765625
390,1.765625
391,1.765625
392,1.765625
393,1.765625
394,1.765625
395,1.765625
396,1.765625
397,1.765625
398,1.765625
399,1.765625
400,1.765625
401,1.765625
402,1.765625
403,1.765625
404,1.765625
405,1.765625
406,1.765625
407,1.765625
408,1.765625
409,1.765625
410,1.765625
411,1.765625
412,1.765625
413,1.765625
414,1.765625
415,1.765625
416,1.765625
417,1.765625
418,1.765625
419,1.765625
420,1.765625
421,1.765625
422,1.765625
423,1.765625
424,1.765625
425,1.765625
426,1.765625
427,1.765625
428,1.765625
429,1.765625
430,1.765625
431,1.765625
432,1.765625
433,1.765625
434,1.765625
435,1.765625
436,1.765625
437,1.765625
438,1.765625
439,1.765625
440,1.765625
441,1.765625
442,1.765625
443,1.765625
444,1.765625
445,1.765625
446,1.765625
447,1.765625
448,1.765625
449,1.765625
450,1.765625
451,1.765625
452,1.765625
453,1.765625
454,1.765625
455,1.765625
456,1.765625
457,1.765625
458,1.765625
459,1.765625
460,1.765625
461,1.765625
462,1.765625
463,1.765625
464,1.765625
465,1.765625
466,1.765625
467,1.765625
468,1.765625
469,1.765625
470,1.765625
471,1.765625
472,1.765625
473,1.765625
474,1.765625
475,1.765625
476,1.765625
477,1.765625
478,1.765625
479,1.765625
480,1.765625
481,1.765625
482,1.765625
483,1.765625
484,1.765625
485,1.765625
486,1.765625
487,1.765625
488,1.765625
489,1.765625
490,1.765625
491,1.765625
492,1.765625
493,1.765625
494,1.765625
495,1.765625
496,1.765625
497,1.765625
498,1.765625
499,1.765625
0,0.875
1,1.0
2,1.109375
3,1.140625
4,1.1875
5,1.1875
6,1.1875
7,1.1875
8,1.1875
9,1.1875
10,1.1875
11,1.1875
12,1.1875
13,1.1875
14,1.1875
15,1.1875
16,1.1875
17,1.1875
18,1.1875
19,1.1875
20,1.1875
21,1.1875
22,1.1875
23,1.1875
24,1.1875
25,1.1875
26,1.1875
27,1.1875
28,1.1875
29,1.1875
30,1.1875
31,1.1875
32,1.1875
33,1.1875
34,1.1875
35,1.1875
36,1.1875
37,1.1875
38,1.1875
39,1.1875
40,1.1875
41,1.1875
42,1.1875
43,1.1875
44,1.1875
45,1.1875
46,1.1875
47,1.1875
48,1.1875
49,1.1875
50,1.1875
51,1.1875
52,1.1875
53,1.1875
54,1.1875
55,1.1875
56,1.1875
57,1.1875
58,1.1875
59,1.1875
60,1.1875
61,1.1875
62,1.1875
63,1.1875
64,1.1875
65,1.1875
66,1.1875
67,1.1875
68,1.1875
69,1.1875
70,1.1875
71,1.1875
72,1.1875
73,1.1875
74,1.1875
75,1.1875
76,1.1875
77,1.1875
78,1.1875
79,1.1875
80,1.1875
81,1.1875
82,1.1875
83,1.1875
84,1.1875
85,1.1875
86,1.1875
87,1.1875
88,1.1875
89,1.1875
90,1.1875
91,1.1875
92,1.1875
93,1.1875
94,1.1875
95,1.1875
96,1.1875
97,1.1875
98,1.1875
99,1.1875
100,1.1875
101,1.1875
102,1.1875
103,1.1875
104,1.1875
105,1.1875
106,1.1875
107,1.1875
108,1.1875
109,1.1875
110,1.1875
111,1.1875
112,1.1875
113,1.1875
114,1.1875
115,1.1875
116,1.1875
117,1.1875
118,1.1875
119,1.1875
120,1.1875
121,1.1875
122,1.1875
123,1.1875
124,1.1875
125,1.1875
126,1.1875
127,1.1875
128,1.1875
129,1.1875
130,1.1875
131,1.1875
132,1.1875
133,1.1875
134,1.1875
135,1.1875
136,1.1875
137,1.1875
138,1.1875
139,1.1875
140,1.1875
141,1.1875
142,1.1875
143,1.1875
144,1.1875
145,1.1875
146,1.1875
147,1.1875
148,1.1875
149,1.1875
150,1.1875
151,1.1875
152,1.1875
153,1.1875
154,1.1875
155,1.1875
156,1.1875
157,1.1875
158,1.1875
159,1.1875
160,1.1875
161,1.1875
162,1.1875
163,1.1875
164,1.1875
165,1.1875
166,1.1875
167,1.1875
168,1.1875
169,1.1875
170,1.1875
171,1.1875
172,1.1875
173,1.1875
174,1.1875
175,1.1875
176,1.1875
177,1.1875
178,1.1875
179,1.1875
180,1.1875
181,1.1875
182,1.1875
183,1.1875
184,1.1875
185,1.1875
186,1.1875
187,1.1875
188,1.1875
189,1.1875
190,1.1875
191,1.1875
192,1.1875
193,1.1875
194,1.1875
195,1.1875
196,1.1875
197,1.1875
198,1.1875
199,1.1875
200,1.1875
201,1.1875
202,1.1875
203,1.1875
204,1.1875
205,1.1875
206,1.1875
207,1.1875
208,1.1875
209,1.1875
210,1.1875
211,1.1875
212,1.1875
213,1.1875
214,1.1875
215,1.1875
216,1.1875
217,1.1875
218,1.1875
219,1.1875
220,1.1875
221,1.1875
222,1.1875
223,1.1875
224,1.1875
225,1.1875
226,1.1875
227,1.1875
228,1.1875
229,1.1875
230,1.1875
231,1.1875
232,1.1875
233,1.1875
234,1.1875
235,1.1875
236,1.1875
237,1.1875
238,1.1875
239,1.1875
240,1.1875
241,1.1875
242,1.1875
243,1.1875
244,1.1875
245,1.1875
246,1.1875
247,1.1875
248,1.1875
249,1.1875
250,1.1875
251,1.1875
252,1.1875
253,1.1875
254,1.1875
255,1.1875
256,1.1875
257,1.1875
258,1.1875
259,1.1875
260,1.1875
261,1.1875
262,1.1875
263,1.1875
264,1.1875
265,1.1875
266,1.1875
267,1.1875
268,1.1875
269,1.1875
270,1.1875
271,1.1875
272,1.1875
273,1.1875
274,1.1875
275,1.1875
276,1.1875
277,1.1875
278,1.1875
279,1.1875
280,1.1875
281,1.1875
282,1.1875
283,1.1875
284,1.1875
285,1.1875
286,1.1875
287,1.1875
288,1.1875
289,1.1875
290,1.1875
291,1.1875
292,1.1875
293,1.1875
294,1.1875
295,1.1875
296,1.1875
297,1.1875
298,1.1875
299,1.1875
300,1.1875
301,1.1875
302,1.1875
303,1.1875
304,1.1875
305,1.1875
306,1.1875
307,1.1875
308,1.1875
309,1.1875
310,1.1875
311,1.1875
312,1.1875
313,1.1875
314,1.1875
315,1.1875
316,1.1875
317,1.1875
318,1.1875
319,1.1875
320,1.1875
321,1.1875
322,1.1875
323,1.1875
324,1.1875
325,1.1875
326,1.1875
327,1.1875
328,1.1875
329,1.1875
330,1.1875
331,1.1875
332,1.1875
333,1.1875
334,1.1875
335,1.1875
336,1.1875
337,1.1875
338,1.1875
339,1.1875
340,1.1875
341,1.1875
342,1.1875
343,1.1875
344,1.1875
345,1.1875
346,1.1875
347,1.1875
348,1.1875
349,1.1875
350,1.1875
351,1.1875
352,1.1875
353,1.1875
354,1.1875
355,1.1875
356,1.1875
357,1.1875
358,1.1875
359,1.1875
360,1.1875
361,1.1875
362,1.1875
363,1.1875
364,1.1875
365,1.1875
366,1.1875
367,1.1875
368,1.1875
369,1.1875
370,1.1875
371,1.1875
372,1.1875
373,1.1875
374,1.1875
375,1.1875
376,1.1875
377,1.1875
378,1.1875
379,1.1875
380,1.1875
381,1.1875
382,1.1875
383,1.1875
384,1.1875
385,1.1875
386,1.1875
387,1.1875
388,1.1875
389,1.1875
390,1.1875
391,1.1875
392,1.1875
393,1.1875
394,1.1875
395,1.1875
396,1.1875
397,1.1875
398,1.1875
399,1.1875
400,1.1875
401,1.1875
402,1.1875
403,1.1875
404,1.1875
405,1.1875
406,1.1875
407,1.1875
408,1.1875
409,1.1875
410,1.1875
411,1.1875
412,1.1875
413,1.1875
414,1.1875
415,1.1875
416,1.1875
417,1.1875
418,1.1875
419,1.1875
420,1.1875
421,1.1875
422,1.1875
423,1.1875
424,1.1875
425,1.1875
426,1.1875
427,1.1875
428,1.1875
429,1.1875
430,1.1875
431,1.1875
432,1.1875
433,1.1875
434,1.1875
435,1.1875
436,1.1875
437,1.1875
438,1.1875
439,1.1875
440,1.1875
441,1.1875
442,1.1875
443,1.1875
444,1.1875
445,1.1875
446,1.1875
447,1.1875
448,1.1875
449,1.1875
450,1.1875
451,1.1875
452,1.1875
453,1.1875
454,1.1875
455,1.1875
456,1.1875
457,1.1875
458,1.1875
459,1.1875
460,1.1875
461,1.1875
462,1.1875
463,1.1875
464,1.1875
465,1.1875
466,1.1875
467,1.1875
468,1.1875
469,1.1875
470,1.1875
471,1.1875
472,1.1875
473,1.1875
474,1.1875
475,1.1875
476,1.1875
477,1.1875
478,1.1875
479,1.1875
480,1.1875
481,1.1875
482,1.1875
483,1.1875
484,1.1875
485,1.1875
486,1.1875
487,1.1875
488,1.1875
489,1.1875
490,1.1875
491,1.1875
492,1.1875
493,1.1875
494,1.1875
495,1.1875
496,1.1875
497,1.1875
498,1.1875
499,1.1875
0,0.609375
1,0.65625
2,0.703125
3,0.703125
4,0.703125
5,0.703125
6,0.703125
7,0.703125
8,0.703125
9,0.703125
10,0.703125
11,0.703125
12,0.703125
13,0.703125
14,0.703125
15,0.703125
16,0.703125
17,0.703125
18,0.703125
19,0.703125
20,0.703125
21,0.703125
22,0.703125
23,0.703125
24,0.703125
25,0.703125
26,0.703125
27,0.703125
28,0.703125
29,0.703125
30,0.703125
31,0.703125
32,0.703125
33,0.703125
34,0.703125
35,0.703125
36,0.703125
37,0.703125
38,0.703125
39,0.703125
40,0.703125
41,0.703125
42,0.703125
43,0.703125
44,0.703125
45,0.703125
46,0.703125
47,0.703125
48,0.703125
49,0.703125
50,0.703125
51,0.703125
52,0.703125
53,0.703125
54,0.703125
55,0.703125
56,0.703125
57,0.703125
58,0.703125
59,0.703125
60,0.703125
61,0.703125
62,0.703125
63,0.703125
64,0.703125
65,0.703125
66,0.703125
67,0.703125
68,0.703125
69,0.703125
70,0.703125
71,0.703125
72,0.703125
73,0.703125
74,0.703125
75,0.703125
76,0.703125
77,0.703125
78,0.703125
79,0.703125
80,0.703125
81,0.703125
82,0.703125
83,0.703125
84,0.703125
85,0.703125
86,0.703125
87,0.703125
88,0.703125
89,0.703125
90,0.703125
91,0.703125
92,0.703125
93,0.703125
94,0.703125
95,0.703125
96,0.703125
97,0.703125
98,0.703125
99,0.703125
100,0.703125
101,0.703125
102,0.703125
103,0.703125
104,0.703125
105,0.703125
106,0.703125
107,0.703125
108,0.703125
109,0.703125
110,0.703125
111,0.703125
112,0.703125
113,0.703125
114,0.703125
115,0.703125
116,0.703125
117,0.703125
118,0.703125
119,0.703125
120,0.703125
121,0.703125
122,0.703125
123,0.703125
124,0.703125
125,0.703125
126,0.703125
127,0.703125
128,0.703125
129,0.703125
130,0.703125
131,0.703125
132,0.703125
133,0.703125
134,0.703125
135,0.703125
136,0.703125
137,0.703125
138,0.703125
139,0.703125
140,0.703125
141,0.703125
142,0.703125
143,0.703125
144,0.703125
145,0.703125
146,0.703125
147,0.703125
148,0.703125
149,0.703125
150,0.703125
151,0.703125
152,0.703125
153,0.703125
154,0.703125
155,0.703125
156,0.703125
157,0.703125
158,0.703125
159,0.703125
160,0.703125
161,0.703125
162,0.703125
163,0.703125
164,0.703125
165,0.703125
166,0.703125
167,0.703125
168,0.703125
169,0.703125
170,0.703125
171,0.703125
172,0.703125
173,0.703125
174,0.703125
175,0.703125
176,0.703125
177,0.703125
178,0.703125
179,0.703125
180,0.703125
181,0.703125
182,0.703125
183,0.703125
184,0.703125
185,0.703125
186,0.703125
187,0.703125
188,0.703125
189,0.703125
190,0.703125
191,0.703125
192,0.703125
193,0.703125
194,0.703125
195,0.703125
196,0.703125
197,0.703125
198,0.703125
199,0.703125
200,0.703125
201,0.703125
202,0.703125
203,0.703125
204,0.703125
205,0.703125
206,0.703125
207,0.703125
208,0.703125
209,0.703125
210,0.703125
211,0.703125
212,0.703125
213,0.703125
214,0.703125
215,0.703125
216,0.703125
217,0.703125
218,0.703125
219,0.703125
220,0.703125
221,0.703125
222,0.703125
223,0.703125
224,0.703125
225,0.703125
226,0.703125
227,0.703125
228,0.703125
229,0.703125
230,0.703125
231,0.703125
232,0.703125
233,0.703125
234,0.703125
235,0.703125
236,0.703125
237,0.703125
238,0.703125
239,0.703125
240,0.703125
241,0.703125
242,0.703125
243,0.703125
244,0.703125
245,0.703125
246,0.703125
247,0.703125
248,0.703125
249,0.703125
250,0.703125
251,0.703125
252,0.703125
253,0.703125
254,0.703125
255,0.703125
256,0.703125
257,0.703125
258,0.703125
259,0.703125
260,0.703125
261,0.703125
262,0.703125
263,0.703125
264,0.703125
265,0.703125
266,0.703125
267,0.703125
268,0.703125
269,0.703125
270,0.703125
271,0.703125
272,0.703125
273,0.703125
274,0.703125
275,0.703125
276,0.703125
277,0.703125
278,0.703125
279,0.703125
280,0.703125
281,0.703125
282,0.703125
283,0.703125
284,0.703125
285,0.703125
286,0.703125
287,0.703125
288,0.703125
289,0.703125
290,0.703125
291,0.703125
292,0.703125
293,0.703125
294,0.703125
295,0.703125
296,0.703125
297,0.703125
298,0.703125
299,0.703125
300,0.703125
301,0.703125
302,0.703125
303,0.703125
304,0.703125
305,0.703125
306,0.703125
307,0.703125
308,0.703125
309,0.703125
310,0.703125
311,0.703125
312,0.703125
313,0.703125
314,0.703125
315,0.703125
316,0.703125
317,0.703125
318,0.703125
319,0.703125
320,0.703125
321,0.703125
322,0.703125
323,0.703125
324,0.703125
325,0.703125
326,0.703125
327,0.703125
328,0.703125
329,0.703125
330,0.703125
331,0.703125
332,0.703125
333,0.703125
334,0.703125
335,0.703125
336,0.703125
337,0.703125
338,0.703125
339,0.703125
340,0.703125
341,0.703125
342,0.703125
343,0.703125
344,0.703125
345,0.703125
346,0.703125
347,0.703125
348,0.703125
349,0.703125
350,0.703125
351,0.703125
352,0.703125
353,0.703125
354,0.703125
355,0.703125
356,0.703125
357,0.703125
358,0.703125
359,0.703125
360,0.703125
361,0.703125
362,0.703125
363,0.703125
364,0.703125
365,0.703125
366,0.703125
367,0.703125
368,0.703125
369,0.703125
370,0.703125
371,0.703125
372,0.703125
373,0.703125
374,0.703125
375,0.703125
376,0.703125
377,0.703125
378,0.703125
379,0.703125
380,0.703125
381,0.703125
382,0.703125
383,0.703125
384,0.703125
385,0.703125
386,0.703125
387,0.703125
388,0.703125
389,0.703125
390,0.703125
391,0.703125
392,0.703125
393,0.703125
394,0.703125
395,0.703125
396,0.703125
397,0.703125
398,0.703125
399,0.703125
400,0.703125
401,0.703125
402,0.703125
403,0.703125
404,0.703125
405,0.703125
406,0.703125
407,0.703125
408,0.703125
409,0.703125
410,0.703125
411,0.703125
412,0.703125
413,0.703125
414,0.703125
415,0.703125
416,0.703125
417,0.703125
418,0.703125
419,0.703125
420,0.703125
421,0.703125
422,0.703125
423,0.703125
424,0.703125
425,0.703125
426,0.703125
427,0.703125
428,0.703125
429,0.703125
430,0.703125
431,0.703125
432,0.703125
433,0.703125
434,0.703125
435,0.703125
436,0.703125
437,0.703125
438,0.703125
439,0.703125
440,0.703125
441,0.703125
442,0.703125
443,0.703125
444,0.703125
445,0.703125
446,0.703125
447,0.703125
448,0.703125
449,0.703125
450,0.703125
451,0.703125
452,0.703125
453,0.703125
454,0.703125
455,0.703125
456,0.703125
457,0.703125
458,0.703125
459,0.703125
460,0.703125
461,0.703125
462,0.703125
463,0.703125
464,0.703125
465,0.703125
466,0.703125
467,0.703125
468,0.703125
469,0.703125
470,0.703125
471,0.703125
472,0.703125
473,0.703125
474,0.703125
475,0.703125
476,0.703125
477,0.703125
478,0.703125
479,0.703125
480,0.703125
481,0.703125
482,0.703125
483,0.703125
484,0.703125
485,0.703125
486,0.703125
487,0.703125
488,0.703125
489,0.703125
490,0.703125
491,0.703125
492,0.703125
493,0.703125
494,0.703125
495,0.703125
496,0.703125
497,0.703125
498,0.703125
499,0.703125
0,0.53125
1,0.578125
2,0.59375
3,0.59375
4,0.59375
5,0.59375
6,0.59375
7,0.59375
8,0.59375
9,0.59375
10,0.59375
11,0.59375
12,0.59375
13,0.59375
14,0.59375
15,0.59375
16,0.59375
17,0.59375
18,0.59375
19,0.59375
20,0.59375
21,0.59375
22,0.59375
23,0.59375
24,0.59375
25,0.59375
26,0.59375
27,0.59375
28,0.59375
29,0.59375
30,0.59375
31,0.59375
32,0.59375
33,0.59375
34,0.59375
35,0.59375
36,0.59375
37,0.59375
38,0.59375
39,0.59375
40,0.59375
41,0.59375
42,0.59375
43,0.59375
44,0.59375
45,0.59375
46,0.59375
47,0.59375
48,0.59375
49,0.59375
50,0.59375
51,0.59375
52,0.59375
53,0.59375
54,0.59375
55,0.59375
56,0.59375
57,0.59375
58,0.59375
59,0.59375
60,0.59375
61,0.59375
62,0.59375
63,0.59375
64,0.59375
65,0.59375
66,0.59375
67,0.59375
68,0.59375
69,0.59375
70,0.59375
71,0.59375
72,0.59375
73,0.59375
74,0.59375
75,0.59375
76,0.59375
77,0.59375
78,0.59375
79,0.59375
80,0.59375
81,0.59375
82,0.59375
83,0.59375
84,0.59375
85,0.59375
86,0.59375
87,0.59375
88,0.59375
89,0.59375
90,0.59375
91,0.59375
92,0.59375
93,0.59375
94,0.59375
95,0.59375
96,0.59375
97,0.59375
98,0.59375
99,0.59375
100,0.59375
101,0.59375
102,0.59375
103,0.59375
104,0.59375
105,0.59375
106,0.59375
107,0.59375
108,0.59375
109,0.59375
110,0.59375
111,0.59375
112,0.59375
113,0.59375
114,0.59375
115,0.59375
116,0.59375
117,0.59375
118,0.59375
119,0.59375
120,0.59375
121,0.59375
122,0.59375
123,0.59375
124,0.59375
125,0.59375
126,0.59375
127,0.59375
128,0.59375
129,0.59375
130,0.59375
131,0.59375
132,0.59375
133,0.59375
134,0.59375
135,0.59375
136,0.59375
137,0.59375
138,0.59375
139,0.59375
140,0.59375
141,0.59375
142,0.59375
143,0.59375
144,0.59375
145,0.59375
146,0.59375
147,0.59375
148,0.59375
149,0.59375
150,0.59375
151,0.59375
152,0.59375
153,0.59375
154,0.59375
155,0.59375
156,0.59375
157,0.59375
158,0.59375
159,0.59375
160,0.59375
161,0.59375
162,0.59375
163,0.59375
164,0.59375
165,0.59375
166,0.59375
167,0.59375
168,0.59375
169,0.59375
170,0.59375
171,0.59375
172,0.59375
173,0.59375
174,0.59375
175,0.59375
176,0.59375
177,0.59375
178,0.59375
179,0.59375
180,0.59375
181,0.59375
182,0.59375
183,0.59375
184,0.59375
185,0.59375
186,0.59375
187,0.59375
188,0.59375
189,0.59375
190,0.59375
191,0.59375
192,0.59375
193,0.59375
194,0.59375
195,0.59375
196,0.59375
197,0.59375
198,0.59375
199,0.59375
200,0.59375
201,0.59375
202,0.59375
203,0.59375
204,0.59375
205,0.59375
206,0.59375
207,0.59375
208,0.59375
209,0.59375
210,0.59375
211,0.59375
212,0.59375
213,0.59375
214,0.59375
215,0.59375
216,0.59375
217,0.59375
218,0.59375
219,0.59375
220,0.59375
221,0.59375
222,0.59375
223,0.59375
224,0.59375
225,0.59375
226,0.59375
227,0.59375
228,0.59375
229,0.59375
230,0.59375
231,0.59375
232,0.59375
233,0.59375
234,0.59375
235,0.59375
236,0.59375
237,0.59375
238,0.59375
239,0.59375
240,0.59375
241,0.59375
242,0.59375
243,0.59375
244,0.59375
245,0.59375
246,0.59375
247,0.59375
248,0.59375
249,0.59375
250,0.59375
251,0.59375
252,0.59375
253,0.59375
254,0.59375
255,0.59375
256,0.59375
257,0.59375
258,0.59375
259,0.59375
260,0.59375
261,0.59375
262,0.59375
263,0.59375
264,0.59375
265,0.59375
266,0.59375
267,0.59375
268,0.59375
269,0.59375
270,0.59375
271,0.59375
272,0.59375
273,0.59375
274,0.59375
275,0.59375
276,0.59375
277,0.59375
278,0.59375
279,0.59375
280,0.59375
281,0.59375
282,0.59375
283,0.59375
284,0.59375
285,0.59375
286,0.59375
287,0.59375
288,0.59375
289,0.59375
290,0.59375
291,0.59375
292,0.59375
293,0.59375
294,0.59375
295,0.59375
296,0.59375
297,0.59375
298,0.59375
299,0.59375
300,0.59375
301,0.59375
302,0.59375
303,0.59375
304,0.59375
305,0.59375
306,0.59375
307,0.59375
308,0.59375
309,0.59375
310,0.59375
311,0.59375
312,0.59375
313,0.59375
314,0.59375
315,0.59375
316,0.59375
317,0.59375
318,0.59375
319,0.59375
320,0.59375
321,0.59375
322,0.59375
323,0.59375
324,0.59375
325,0.59375
326,0.59375
327,0.59375
328,0.59375
329,0.59375
330,0.59375
331,0.59375
332,0.59375
333,0.59375
334,0.59375
335,0.59375
336,0.59375
337,0.59375
338,0.59375
339,0.59375
340,0.59375
341,0.59375
342,0.59375
343,0.59375
344,0.59375
345,0.59375
346,0.59375
347,0.59375
348,0.59375
349,0.59375
350,0.59375
351,0.59375
352,0.59375
353,0.59375
354,0.59375
355,0.59375
356,0.59375
357,0.59375
358,0.59375
359,0.59375
360,0.59375
361,0.59375
362,0.59375
363,0.59375
364,0.59375
365,0.59375
366,0.59375
367,0.59375
368,0.59375
369,0.59375
370,0.59375
371,0.59375
372,0.59375
373,0.59375
374,0.59375
375,0.59375
376,0.59375
377,0.59375
378,0.59375
379,0.59375
380,0.59375
381,0.59375
382,0.59375
383,0.59375
384,0.59375
385,0.59375
386,0.59375
387,0.59375
388,0.59375
389,0.59375
390,0.59375
391,0.59375
392,0.59375
393,0.59375
394,0.59375
395,0.59375
396,0.59375
397,0.59375
398,0.59375
399,0.59375
400,0.59375
401,0.59375
402,0.59375
403,0.59375
404,0.59375
405,0.59375
406,0.59375
407,0.59375
408,0.59375
409,0.59375
410,0.59375
411,0.59375
412,0.59375
413,0.59375
414,0.59375
415,0.59375
416,0.59375
417,0.59375
418,0.59375
419,0.59375
420,0.59375
421,0.59375
422,0.59375
423,0.59375
424,0.59375
425,0.59375
426,0.59375
427,0.59375
428,0.59375
429,0.59375
430,0.59375
431,0.59375
432,0.59375
433,0.59375
434,0.59375
435,0.59375
436,0.59375
437,0.59375
438,0.59375
439,0.59375
440,0.59375
441,0.59375
442,0.59375
443,0.59375
444,0.59375
445,0.59375
446,0.59375
447,0.59375
448,0.59375
449,0.59375
450,0.59375
451,0.59375
452,0.59375
453,0.59375
454,0.59375
455,0.59375
456,0.59375
457,0.59375
458,0.59375
459,0.59375
460,0.59375
461,0.59375
462,0.59375
463,0.59375
464,0.59375
465,0.59375
466,0.59375
467,0.59375
468,0.59375
469,0.59375
470,0.59375
471,0.59375
472,0.59375
473,0.59375
474,0.59375
475,0.59375
476,0.59375
477,0.59375
478,0.59375
479,0.59375
480,0.59375
481,0.59375
482,0.59375
483,0.59375
484,0.59375
485,0.59375
486,0.59375
487,0.59375
488,0.59375
489,0.59375
490,0.59375
491,0.59375
492,0.59375
493,0.59375
494,0.59375
495,0.59375
496,0.59375
497,0.59375
498,0.59375
499,0.59375
0,0.375
1,0.4375
2,0.4375
3,0.4375
4,0.4375
5,0.4375
6,0.4375
7,0.4375
8,0.4375
9,0.4375
10,0.4375
11,0.4375
12,0.4375
13,0.4375
14,0.4375
15,0.4375
16,0.4375
17,0.4375
18,0.4375
19,0.4375
20,0.4375
21,0.4375
22,0.4375
23,0.4375
24,0.4375
25,0.4375
26,0.4375
27,0.4375
28,0.4375
29,0.4375
30,0.4375
31,0.4375
32,0.4375
33,0.4375
34,0.4375
35,0.4375
36,0.4375
37,0.4375
38,0.4375
39,0.4375
40,0.4375
41,0.4375
42,0.4375
43,0.4375
44,0.4375
45,0.4375
46,0.4375
47,0.4375
48,0.4375
49,0.4375
50,0.4375
51,0.4375
52,0.4375
53,0.4375
54,0.4375
55,0.4375
56,0.4375
57,0.4375
58,0.4375
59,0.4375
60,0.4375
61,0.4375
62,0.4375
63,0.4375
64,0.4375
65,0.4375
66,0.4375
67,0.4375
68,0.4375
69,0.4375
70,0.4375
71,0.4375
72,0.4375
73,0.4375
74,0.4375
75,0.4375
76,0.4375
77,0.4375
78,0.4375
79,0.4375
80,0.4375
81,0.4375
82,0.4375
83,0.4375
84,0.4375
85,0.4375
86,0.4375
87,0.4375
88,0.4375
89,0.4375
90,0.4375
91,0.4375
92,0.4375
93,0.4375
94,0.4375
95,0.4375
96,0.4375
97,0.4375
98,0.4375
99,0.4375
100,0.4375
101,0.4375
102,0.4375
103,0.4375
104,0.4375
105,0.4375
106,0.4375
107,0.4375
108,0.4375
109,0.4375
110,0.4375
111,0.4375
112,0.4375
113,0.4375
114,0.4375
115,0.4375
116,0.4375
117,0.4375
118,0.4375
119,0.4375
120,0.4375
121,0.4375
122,0.4375
123,0.4375
124,0.4375
125,0.4375
126,0.4375
127,0.4375
128,0.4375
129,0.4375
130,0.4375
131,0.4375
132,0.4375
133,0.4375
134,0.4375
135,0.4375
136,0.4375
137,0.4375
138,0.4375
139,0.4375
140,0.4375
141,0.4375
142,0.4375
143,0.4375
144,0.4375
145,0.4375
146,0.4375
147,0.4375
148,0.4375
149,0.4375
150,0.4375
151,0.4375
152,0.4375
153,0.4375
154,0.4375
155,0.4375
156,0.4375
157,0.4375
158,0.4375
159,0.4375
160,0.4375
161,0.4375
162,0.4375
163,0.4375
164,0.4375
165,0.4375
166,0.4375
167,0.4375
168,0.4375
169,0.4375
170,0.4375
171,0.4375
172,0.4375
173,0.4375
174,0.4375
175,0.4375
176,0.4375
177,0.4375
178,0.4375
179,0.4375
180,0.4375
181,0.4375
182,0.4375
183,0.4375
184,0.4375
185,0.4375
186,0.4375
187,0.4375
188,0.4375
189,0.4375
190,0.4375
191,0.4375
192,0.4375
193,0.4375
194,0.4375
195,0.4375
196,0.4375
197,0.4375
198,0.4375
199,0.4375
200,0.4375
201,0.4375
202,0.4375
203,0.4375
204,0.4375
205,0.4375
206,0.4375
207,0.4375
208,0.4375
209,0.4375
210,0.4375
211,0.4375
212,0.4375
213,0.4375
214,0.4375
215,0.4375
216,0.4375
217,0.4375
218,0.4375
219,0.4375
220,0.4375
221,0.4375
222,0.4375
223,0.4375
224,0.4375
225,0.4375
226,0.4375
227,0.4375
228,0.4375
229,0.4375
230,0.4375
231,0.4375
232,0.4375
233,0.4375
234,0.4375
235,0.4375
236,0.4375
237,0.4375
238,0.4375
239,0.4375
240,0.4375
241,0.4375
242,0.4375
243,0.4375
244,0.4375
245,0.4375
246,0.4375
247,0.4375
248,0.4375
249,0.4375
250,0.4375
251,0.4375
252,0.4375
253,0.4375
254,0.4375
255,0.4375
256,0.4375
257,0.4375
258,0.4375
259,0.4375
260,0.4375
261,0.4375
262,0.4375
263,0.4375
264,0.4375
265,0.4375
266,0.4375
267,0.4375
268,0.4375
269,0.4375
270,0.4375
271,0.4375
272,0.4375
273,0.4375
274,0.4375
275,0.4375
276,0.4375
277,0.4375
278,0.4375
279,0.4375
280,0.4375
281,0.4375
282,0.4375
283,0.4375
284,0.4375
285,0.4375
286,0.4375
287,0.4375
288,0.4375
289,0.4375
290,0.4375
291,0.4375
292,0.4375
293,0.4375
294,0.4375
295,0.4375
296,0.4375
297,0.4375
298,0.4375
299,0.4375
300,0.4375
301,0.4375
302,0.4375
303,0.4375
304,0.4375
305,0.4375
306,0.4375
307,0.4375
308,0.4375
309,0.4375
310,0.4375
311,0.4375
312,0.4375
313,0.4375
314,0.4375
315,0.4375
316,0.4375
317,0.4375
318,0.4375
319,0.4375
320,0.4375
321,0.4375
322,0.4375
323,0.4375
324,0.4375
325,0.4375
326,0.4375
327,0.4375
328,0.4375
329,0.4375
330,0.4375
331,0.4375
332,0.4375
333,0.4375
334,0.4375
335,0.4375
336,0.4375
337,0.4375
338,0.4375
339,0.4375
340,0.4375
341,0.4375
342,0.4375
343,0.4375
344,0.4375
345,0.4375
346,0.4375
347,0.4375
348,0.4375
349,0.4375
350,0.4375
351,0.4375
352,0.4375
353,0.4375
354,0.4375
355,0.4375
356,0.4375
357,0.4375
358,0.4375
359,0.4375
360,0.4375
361,0.4375
362,0.4375
363,0.4375
364,0.4375
365,0.4375
366,0.4375
367,0.4375
368,0.4375
369,0.4375
370,0.4375
371,0.4375
372,0.4375
373,0.4375
374,0.4375
375,0.4375
376,0.4375
377,0.4375
378,0.4375
379,0.4375
380,0.4375
381,0.4375
382,0.4375
383,0.4375
384,0.4375
385,0.4375
386,0.4375
387,0.4375
388,0.4375
389,0.4375
390,0.4375
391,0.4375
392,0.4375
393,0.4375
394,0.4375
395,0.4375
396,0.4375
397,0.4375
398,0.4375
399,0.4375
400,0.4375
401,0.4375
402,0.4375
403,0.4375
404,0.4375
405,0.4375
406,0.4375
407,0.4375
408,0.4375
409,0.4375
410,0.4375
411,0.4375
412,0.4375
413,0.4375
414,0.4375
415,0.4375
416,0.4375
417,0.4375
418,0.4375
419,0.4375
420,0.4375
421,0.4375
422,0.4375
423,0.4375
424,0.4375
425,0.4375
426,0.4375
427,0.4375
428,0.4375
429,0.4375
430,0.4375
431,0.4375
432,0.4375
433,0.4375
434,0.4375
435,0.4375
436,0.4375
437,0.4375
438,0.4375
439,0.4375
440,0.4375
441,0.4375
442,0.4375
443,0.4375
444,0.4375
445,0.4375
446,0.4375
447,0.4375
448,0.4375
449,0.4375
450,0.4375
451,0.4375
452,0.4375
453,0.4375
454,0.4375
455,0.4375
456,0.4375
457,0.4375
458,0.4375
459,0.4375
460,0.4375
461,0.4375
462,0.4375
463,0.4375
464,0.4375
465,0.4375
466,0.4375
467,0.4375
468,0.4375
469,0.4375
470,0.4375
471,0.4375
472,0.4375
473,0.4375
474,0.4375
475,0.4375
476,0.4375
477,0.4375
478,0.4375
479,0.4375
480,0.4375
481,0.4375
482,0.4375
483,0.4375
484,0.4375
485,0.4375
486,0.4375
487,0.4375
488,0.4375
489,0.4375
490,0.4375
491,0.4375
492,0.4375
493,0.4375
494,0.4375
495,0.4375
496,0.4375
497,0.4375
498,0.4375
499,0.4375
