0,1.0535715
1,2.0357144
2,2.9285715
3,3.875
4,4.642857
5,5.607143
6,6.375
7,7.303571
8,8.142858
9,9.071428
10,9.875
11,10.625
12,11.375
13,12.160714
14,12.946428
15,13.696428
16,14.446428
17,15.160714
18,15.839286
19,16.589285
20,17.428572
21,18.232143
22,18.946428
23,19.660715
24,20.375
25,21.089285
26,21.803572
27,22.607143
28,23.428572
29,24.285715
30,25.142857
31,25.964285
32,26.821428
33,27.642857
34,28.321428
35,29.035715
36,29.660715
37,30.303572
38,30.928572
39,31.571428
40,32.232143
41,32.82143
42,33.44643
43,34.30357
44,34.92857
45,35.55357
46,36.17857
47,36.80357
48,37.42857
49,37.875
50,38.42857
51,38.94643
52,39.5
53,40.017857
54,40.57143
55,41.160713
56,41.75
57,42.30357
58,42.857143
59,43.339287
60,43.892857
61,44.482143
62,44.964287
63,45.517857
64,46.035713
65,46.589287
66,47.17857
67,47.660713
68,48.214287
69,48.80357
70,49.285713
71,49.839287
72,50.357143
73,50.839287
74,51.392857
75,51.94643
76,52.5
77,53.05357
78,53.607143
79,54.160713
80,54.75
81,55.339287
82,55.92857
83,56.517857
84,57.107143
85,57.69643
86,58.285713
87,58.875
88,59.464287
89,60.05357
90,60.642857
91,61.232143
92,61.82143
93,62.410713
94,63.0
95,63.589287
96,64.17857
97,64.76786
98,65.35714
99,65.94643
100,66.53571
101,67.125
102,67.71429
103,68.30357
104,68.89286
105,69.48214
106,70.07143
107,70.66071
108,71.25
109,71.83929
110,72.42857
111,73.01786
112,73.60714
113,74.16071
114,74.71429
115,75.30357
116,75.85714
117,76.44643
118,77.03571
119,77.625
120,78.21429
121,78.73214
122,79.25
123,79.80357
124,80.35714
125,80.94643
126,81.57143
127,82.125
128,82.75
129,83.33929
130,83.92857
131,84.51786
132,85.10714
133,85.66071
134,86.28571
135,86.91071
136,87.53571
137,88.125
138,88.67857
139,89.30357
140,89.92857
141,90.51786
142,91.10714
143,91.69643
144,92.28571
145,92.83929
146,93.46429
147,94.01786
148,94.64286
149,95.19643
150,95.76786
151,96.25
152,96.875
153,97.46429
154,98.08929
155,98.67857
156,99.33929
157,99.92857
158,100.42857
159,100.98214
160,101.57143
161,101.96429
162,102.51786
163,103.10714
164,103.71429
165,104.23214
166,104.69643
167,105.28571
168,105.75
169,106.30357
170,106.89286
171,107.39286
172,107.92857
173,108.44643
174,109.03571
175,109.53571
176,110.16071
177,110.625
178,111.16071
179,111.67857
180,112.26786
181,112.76786
182,113.25
183,113.75
184,114.33929
185,114.80357
186,115.33929
187,115.85714
188,116.42857
189,116.91071
190,117.375
191,117.96429
192,118.42857
193,119.0
194,119.48214
195,119.94643
196,120.51786
197,121.0
198,121.46429
199,122.05357
200,122.51786
201,123.08929
202,123.57143
203,124.03571
204,124.60714
205,125.08929
206,125.55357
207,126.14286
208,126.60714
209,127.17857
210,127.66071
211,128.125
212,128.69643
213,129.21428
214,129.67857
215,130.25
216,130.73215
217,131.19643
218,131.76785
219,132.28572
220,132.75
221,133.32143
222,133.80357
223,134.26785
224,134.83928
225,135.35715
226,135.78572
227,136.25
228,136.73215
229,137.16072
230,137.625
231,138.10715
232,138.53572
233,139.0
234,139.57143
235,140.01785
236,140.44643
237,140.91072
238,141.48215
239,141.92857
240,142.35715
241,142.82143
242,143.39285
243,143.83928
244,144.26785
245,144.73215
246,145.30357
247,145.75
248,146.17857
249,146.64285
250,147.21428
251,147.66072
252,148.125
253,148.69643
254,149.17857
255,149.60715
256,150.10715
257,150.66072
258,151.08928
259,151.55357
260,152.125
261,152.60715
262,153.03572
263,153.53572
264,154.08928
265,154.51785
266,154.98215
267,155.55357
268,156.03572
269,156.46428
270,156.96428
271,157.51785
272,157.94643
273,158.41072
274,158.98215
275,159.46428
276,159.89285
277,160.39285
278,160.94643
279,161.375
280,161.83928
281,162.41072
282,162.89285
283,163.32143
284,163.82143
285,164.375
286,164.80357
287,165.23215
288,165.69643
289,166.21428
290,166.64285
291,167.07143
292,167.46428
293,167.85715
294,168.25
295,168.64285
296,169.03572
297,169.5
298,170.05357
299,170.48215
300,170.875
301,171.26785
302,171.76785
303,172.28572
304,172.67857
305,173.10715
306,173.5
307,173.92857
308,174.32143
309,174.75
310,175.17857
311,175.57143
312,175.96428
313,176.35715
314,176.75
315,177.14285
316,177.53572
317,178.03572
318,178.55357
319,178.94643
320,179.33928
321,179.73215
322,180.16072
323,180.58928
324,181.01785
325,181.44643
326,182.01785
327,182.46428
328,182.89285
329,183.32143
330,183.75
331,184.14285
332,184.57143
333,185.14285
334,185.625
335,186.05357
336,186.44643
337,186.83928
338,187.30357
339,187.82143
340,188.25
341,188.67857
342,189.10715
343,189.5
344,189.92857
345,190.32143
346,190.75
347,191.14285
348,191.53572
349,191.92857
350,192.32143
351,192.71428
352,193.10715
353,193.5
354,194.0
355,194.51785
356,194.91072
357,195.30357
358,195.69643
359,196.125
360,196.51785
361,196.94643
362,197.33928
363,197.73215
364,198.125
365,198.51785
366,198.91072
367,199.30357
368,199.69643
369,200.19643
370,200.71428
371,201.10715
372,201.5
373,201.89285
374,202.32143
375,202.71428
376,203.14285
377,203.57143
378,204.03572
379,204.42857
380,204.82143
381,205.21428
382,205.60715
383,206.0
384,206.39285
385,206.78572
386,207.25
387,207.80357
388,208.19643
389,208.625
390,209.01785
391,209.44643
392,209.875
393,210.33928
394,210.73215
395,211.125
396,211.51785
397,211.91072
398,212.30357
399,212.69643
400,213.08928
401,213.55357
402,214.10715
403,214.5
404,214.92857
405,215.32143
406,215.75
407,216.17857
408,216.57143
409,216.96428
410,217.35715
411,217.75
412,218.14285
413,218.53572
414,218.92857
415,219.32143
416,219.71428
417,220.10715
418,220.60715
419,221.125
420,221.51785
421,221.91072
422,222.30357
423,222.69643
424,223.125
425,223.55357
426,224.01785
427,224.41072
428,224.80357
429,225.23215
430,225.625
431,226.01785
432,226.41072
433,226.80357
434,227.26785
435,227.82143
436,228.21428
437,228.64285
438,229.03572
439,229.46428
440,229.85715
441,230.25
442,230.64285
443,231.03572
444,231.42857
445,231.82143
446,232.25
447,232.71428
448,233.10715
449,233.5
450,233.89285
451,234.28572
452,234.67857
453,235.07143
454,235.46428
455,235.85715
456,236.25
457,236.64285
458,237.10715
459,237.66072
460,238.05357
461,238.48215
462,238.875
463,239.30357
464,239.73215
465,240.19643
466,240.58928
467,240.98215
468,241.375
469,241.80357
470,242.19643
471,242.58928
472,242.98215
473,243.375
474,243.76785
475,244.23215
476,244.78572
477,245.17857
478,245.57143
479,246.0
480,246.39285
481,246.82143
482,247.21428
483,247.60715
484,248.0
485,248.39285
486,248.78572
487,249.17857
488,249.60715
489,250.07143
490,250.46428
491,250.85715
492,251.25
493,251.64285
494,252.03572
495,252.42857
496,252.82143
497,253.21428
498,253.60715
499,254.0
0,1.125
1,2.142857
2,2.9464285
3,4.0
4,4.982143
5,5.964286
6,6.839286
7,7.714286
8,8.767858
9,9.678572
10,10.589286
11,11.535714
12,12.107142
13,13.071428
14,14.035714
15,14.964286
16,15.714286
17,16.446428
18,17.053572
19,17.946428
20,18.571428
21,19.196428
22,19.821428
23,20.482143
24,21.107143
25,21.732143
26,22.321428
27,23.053572
28,23.625
29,24.357143
30,25.089285
31,25.589285
32,26.089285
33,26.553572
34,27.053572
35,27.857143
36,28.589285
37,29.089285
38,29.785715
39,30.321428
40,30.821428
41,31.285715
42,31.75
43,32.25
44,32.964287
45,33.785713
46,34.32143
47,35.017857
48,35.714287
49,36.44643
50,37.25
51,37.75
52,38.214287
53,38.67857
54,39.17857
55,39.982143
56,40.482143
57,40.94643
58,41.410713
59,41.875
60,42.339287
61,42.839287
62,43.642857
63,44.142857
64,44.607143
65,45.07143
66,45.535713
67,46.0
68,46.5
69,47.30357
70,47.80357
71,48.267857
72,48.732143
73,49.19643
74,49.660713
75,50.160713
76,50.964287
77,51.5
78,52.19643
79,52.660713
80,53.125
81,53.625
82,54.30357
83,54.82143
84,55.625
85,56.125
86,56.589287
87,57.05357
88,57.517857
89,58.017857
90,58.69643
91,59.142857
92,59.642857
93,60.32143
94,60.80357
95,61.607143
96,62.107143
97,62.57143
98,63.035713
99,63.5
100,63.964287
101,64.46429
102,65.14286
103,65.55357
104,66.05357
105,66.69643
106,67.28571
107,67.78571
108,68.21429
109,68.71429
110,69.39286
111,70.08929
112,70.67857
113,71.17857
114,71.60714
115,72.03571
116,72.5
117,72.96429
118,73.60714
119,74.19643
120,74.69643
121,75.125
122,75.55357
123,76.01786
124,76.66071
125,77.25
126,77.75
127,78.17857
128,78.60714
129,79.07143
130,79.71429
131,80.30357
132,80.80357
133,81.23214
134,81.69643
135,82.33929
136,82.92857
137,83.42857
138,83.85714
139,84.28571
140,84.75
141,85.39286
142,85.98214
143,86.48214
144,86.91071
145,87.33929
146,87.80357
147,88.44643
148,89.03571
149,89.53571
150,89.96429
151,90.42857
152,91.03571
153,91.67857
154,92.26786
155,92.76786
156,93.19643
157,93.625
158,94.08929
159,94.55357
160,95.01786
161,95.625
162,96.26786
163,96.85714
164,97.35714
165,97.78571
166,98.21429
167,98.67857
168,99.14286
169,99.60714
170,100.21429
171,100.85714
172,101.44643
173,101.94643
174,102.375
175,102.83929
176,103.26786
177,103.73214
178,104.19643
179,104.80357
180,105.44643
181,106.03571
182,106.53571
183,106.96429
184,107.42857
185,107.89286
186,108.35714
187,108.96429
188,109.57143
189,110.14286
190,110.75
191,111.35714
192,111.96429
193,112.57143
194,113.30357
195,113.80357
196,114.41071
197,115.01786
198,115.625
199,116.35714
200,116.85714
201,117.46429
202,118.07143
203,118.80357
204,119.375
205,120.10714
206,120.67857
207,121.41071
208,121.98214
209,122.58929
210,123.19643
211,123.92857
212,124.42857
213,125.03571
214,125.64286
215,126.25
216,126.98214
217,127.48214
218,128.08928
219,128.69643
220,129.42857
221,130.0
222,130.73215
223,131.30357
224,132.03572
225,132.53572
226,133.14285
227,133.75
228,134.35715
229,134.96428
230,135.57143
231,136.30357
232,136.80357
233,137.41072
234,138.01785
235,138.625
236,139.35715
237,139.85715
238,140.46428
239,141.07143
240,141.67857
241,142.28572
242,143.01785
243,143.51785
244,144.125
245,144.73215
246,145.33928
247,145.94643
248,146.55357
249,147.28572
250,147.78572
251,148.39285
252,149.0
253,149.73215
254,150.23215
255,150.83928
256,151.44643
257,152.05357
258,152.66072
259,153.26785
260,153.875
261,154.48215
262,155.21428
263,155.75
264,156.35715
265,156.96428
266,157.69643
267,158.23215
268,158.83928
269,159.44643
270,160.17857
271,160.71428
272,161.32143
273,161.92857
274,162.66072
275,163.19643
276,163.80357
277,164.41072
278,165.01785
279,165.75
280,166.28572
281,166.89285
282,167.5
283,168.23215
284,168.83928
285,169.57143
286,170.17857
287,170.78572
288,171.39285
289,172.125
290,172.73215
291,173.46428
292,174.07143
293,174.67857
294,175.28572
295,176.01785
296,176.625
297,177.35715
298,177.96428
299,178.57143
300,179.30357
301,179.91072
302,180.64285
303,181.25
304,181.85715
305,182.46428
306,183.19643
307,183.80357
308,184.5
309,185.07143
310,185.76785
311,186.33928
312,186.91072
313,187.51785
314,188.125
315,188.73215
316,189.33928
317,189.94643
318,190.67857
319,191.21428
320,191.82143
321,192.42857
322,193.16072
323,193.69643
324,194.30357
325,194.91072
326,195.51785
327,196.125
328,196.85715
329,197.42857
330,198.16072
331,198.69643
332,199.30357
333,199.91072
334,200.51785
335,201.25
336,201.82143
337,202.42857
338,203.03572
339,203.64285
340,204.375
341,204.94643
342,205.67857
343,206.25
344,206.85715
345,207.46428
346,208.07143
347,208.67857
348,209.28572
349,210.01785
350,210.58928
351,211.32143
352,211.78572
353,212.35715
354,212.96428
355,213.57143
356,214.17857
357,214.78572
358,215.39285
359,216.0
360,216.60715
361,217.33928
362,217.91072
363,218.64285
364,219.10715
365,219.57143
366,220.07143
367,220.53572
368,221.0
369,221.5
370,222.03572
371,222.53572
372,223.03572
373,223.53572
374,224.03572
375,224.53572
376,225.03572
377,225.53572
378,226.03572
379,226.53572
380,227.03572
381,227.53572
382,228.03572
383,228.53572
384,229.03572
385,229.53572
386,230.03572
387,230.53572
388,231.03572
389,231.53572
390,232.03572
391,232.53572
392,233.03572
393,233.53572
394,234.03572
395,234.53572
396,235.03572
397,235.53572
398,236.03572
399,236.53572
400,237.03572
401,237.53572
402,238.03572
403,238.53572
404,239.03572
405,239.53572
406,240.03572
407,240.53572
408,241.03572
409,241.53572
410,242.03572
411,242.53572
412,243.03572
413,243.53572
414,244.03572
415,244.53572
416,245.03572
417,245.53572
418,246.03572
419,246.53572
420,247.03572
421,247.53572
422,248.03572
423,248.53572
424,249.03572
425,249.53572
426,250.03572
427,250.53572
428,251.03572
429,251.53572
430,252.03572
431,252.53572
432,253.03572
433,253.53572
434,254.03572
435,254.53572
436,255.03572
437,255.53572
438,256.0357
439,256.5357
440,257.0357
441,257.5357
442,258.0357
443,258.5357
444,259.0357
445,259.5357
446,260.0357
447,260.5357
448,261.0357
449,261.5357
450,262.0357
451,262.5357
452,263.0357
453,263.5357
454,264.0357
455,264.5357
456,265.0357
457,265.5357
458,266.0357
459,266.5357
460,267.0357
461,267.5357
462,268.0357
463,268.5357
464,269.0357
465,269.5357
466,270.0357
467,270.5357
468,271.0357
469,271.5357
470,272.0357
471,272.5357
472,273.0357
473,273.5357
474,274.0357
475,274.5357
476,275.0357
477,275.5357
478,276.0357
479,276.5357
480,277.0357
481,277.5357
482,278.0357
483,278.5357
484,279.0357
485,279.5357
486,280.0357
487,280.5357
488,281.0357
489,281.5357
490,282.0357
491,282.5357
492,283.0357
493,283.5357
494,284.0357
495,284.5357
496,285.0357
497,285.5357
498,286.0357
499,286.5357
0,1.0357143
1,2.0535715
2,3.107143
3,4.0
4,4.910714
5,5.767857
6,6.642857
7,7.607143
8,8.5
9,9.392858
10,10.285714
11,11.125
12,11.946428
13,12.696428
14,13.660714
15,14.428572
16,15.285714
17,16.214285
18,17.071428
19,18.017857
20,18.857143
21,19.767857
22,20.535715
23,21.357143
24,22.285715
25,23.107143
26,23.928572
27,24.696428
28,25.428572
29,26.196428
30,27.017857
31,27.642857
32,28.232143
33,28.964285
34,29.785715
35,30.464285
36,31.232143
37,32.035713
38,32.732143
39,33.5
40,34.05357
41,34.857143
42,35.55357
43,36.17857
44,36.94643
45,37.67857
46,38.482143
47,39.17857
48,39.80357
49,40.535713
50,41.267857
51,41.875
52,42.535713
53,43.142857
54,43.839287
55,44.5
56,45.07143
57,45.642857
58,46.142857
59,46.80357
60,47.5
61,48.035713
62,48.642857
63,49.30357
64,49.875
65,50.375
66,51.035713
67,51.732143
68,52.267857
69,52.875
70,53.535713
71,54.035713
72,54.69643
73,55.357143
74,56.05357
75,56.75
76,57.44643
77,58.142857
78,58.839287
79,59.535713
80,60.232143
81,60.92857
82,61.625
83,62.125
84,62.69643
85,63.19643
86,63.892857
87,64.39286
88,65.08929
89,65.66071
90,66.23214
91,66.80357
92,67.33929
93,67.80357
94,68.30357
95,68.83929
96,69.375
97,69.91071
98,70.375
99,70.83929
100,71.375
101,71.83929
102,72.30357
103,72.83929
104,73.375
105,73.83929
106,74.30357
107,74.875
108,75.57143
109,76.03571
110,76.5
111,77.03571
112,77.5
113,77.96429
114,78.53571
115,79.23214
116,79.69643
117,80.16071
118,80.69643
119,81.16071
120,81.625
121,82.16071
122,82.69643
123,83.16071
124,83.625
125,84.16071
126,84.625
127,85.08929
128,85.625
129,86.08929
130,86.625
131,87.16071
132,87.625
133,88.08929
134,88.625
135,89.19643
136,89.89286
137,90.35714
138,90.82143
139,91.35714
140,91.82143
141,92.28571
142,92.82143
143,93.28571
144,93.75
145,94.28571
146,94.75
147,95.28571
148,95.82143
149,96.28571
150,96.75
151,97.28571
152,97.82143
153,98.28571
154,98.75
155,99.28571
156,99.75
157,100.28571
158,100.82143
159,101.28571
160,101.75
161,102.28571
162,102.75
163,103.28571
164,103.82143
165,104.28571
166,104.75
167,105.28571
168,105.82143
169,106.28571
170,106.75
171,107.28571
172,107.75
173,108.28571
174,108.82143
175,109.28571
176,109.75
177,110.28571
178,110.75
179,111.28571
180,111.82143
181,112.28571
182,112.75
183,113.28571
184,113.82143
185,114.28571
186,114.75
187,115.28571
188,115.75
189,116.28571
190,116.82143
191,117.28571
192,117.75
193,118.28571
194,118.75
195,119.28571
196,119.82143
197,120.28571
198,120.75
199,121.28571
200,121.82143
201,122.28571
202,122.75
203,123.28571
204,123.75
205,124.28571
206,124.82143
207,125.28571
208,125.75
209,126.28571
210,126.75
211,127.28571
212,127.82143
213,128.28572
214,128.75
215,129.28572
216,129.82143
217,130.28572
218,130.75
219,131.28572
220,131.75
221,132.28572
222,132.82143
223,133.28572
224,133.75
225,134.28572
226,134.75
227,135.28572
228,135.82143
229,136.28572
230,136.75
231,137.28572
232,137.82143
233,138.28572
234,138.75
235,139.28572
236,139.75
237,140.28572
238,140.82143
239,141.28572
240,141.75
241,142.28572
242,142.75
243,143.28572
244,143.82143
245,144.28572
246,144.75
247,145.28572
248,145.82143
249,146.28572
250,146.75
251,147.28572
252,147.75
253,148.28572
254,148.82143
255,149.28572
256,149.75
257,150.28572
258,150.75
259,151.28572
260,151.82143
261,152.28572
262,152.75
263,153.28572
264,153.82143
265,154.28572
266,154.75
267,155.28572
268,155.75
269,156.28572
270,156.82143
271,157.28572
272,157.75
273,158.28572
274,158.75
275,159.28572
276,159.82143
277,160.28572
278,160.75
279,161.28572
280,161.82143
281,162.28572
282,162.75
283,163.28572
284,163.75
285,164.28572
286,164.82143
287,165.28572
288,165.75
289,166.28572
290,166.75
291,167.28572
292,167.82143
293,168.28572
294,168.75
295,169.28572
296,169.82143
297,170.28572
298,170.75
299,171.28572
300,171.75
301,172.28572
302,172.82143
303,173.28572
304,173.75
305,174.28572
306,174.75
307,175.28572
308,175.82143
309,176.28572
310,176.75
311,177.28572
312,177.82143
313,178.28572
314,178.75
315,179.28572
316,179.75
317,180.28572
318,180.82143
319,181.28572
320,181.75
321,182.28572
322,182.75
323,183.28572
324,183.82143
325,184.28572
326,184.75
327,185.28572
328,185.82143
329,186.28572
330,186.75
331,187.28572
332,187.75
333,188.28572
334,188.82143
335,189.28572
336,189.75
337,190.28572
338,190.75
339,191.28572
340,191.82143
341,192.28572
342,192.75
343,193.28572
344,193.82143
345,194.28572
346,194.75
347,195.28572
348,195.75
349,196.28572
350,196.82143
351,197.28572
352,197.75
353,198.28572
354,198.75
355,199.28572
356,199.82143
357,200.28572
358,200.75
359,201.28572
360,201.82143
361,202.28572
362,202.75
363,203.28572
364,203.75
365,204.28572
366,204.82143
367,205.28572
368,205.75
369,206.28572
370,206.75
371,207.28572
372,207.82143
373,208.28572
374,208.75
375,209.28572
376,209.82143
377,210.28572
378,210.75
379,211.28572
380,211.75
381,212.28572
382,212.82143
383,213.28572
384,213.75
385,214.28572
386,214.75
387,215.28572
388,215.82143
389,216.28572
390,216.75
391,217.28572
392,217.82143
393,218.28572
394,218.75
395,219.28572
396,219.75
397,220.28572
398,220.82143
399,221.28572
400,221.75
401,222.28572
402,222.75
403,223.28572
404,223.82143
405,224.28572
406,224.75
407,225.28572
408,225.82143
409,226.28572
410,226.75
411,227.28572
412,227.75
413,228.28572
414,228.82143
415,229.28572
416,229.75
417,230.28572
418,230.75
419,231.28572
420,231.82143
421,232.35715
422,232.82143
423,233.28572
424,233.82143
425,234.28572
426,234.75
427,235.28572
428,235.75
429,236.28572
430,236.82143
431,237.28572
432,237.75
433,238.28572
434,238.78572
435,239.41072
436,240.03572
437,240.66072
438,241.28572
439,241.98215
440,242.67857
441,243.21428
442,243.71428
443,244.28572
444,244.82143
445,245.35715
446,245.82143
447,246.25
448,246.78572
449,247.25
450,247.875
451,248.41072
452,248.875
453,249.5
454,250.03572
455,250.5
456,251.125
457,251.66072
458,252.125
459,252.75
460,253.21428
461,253.75
462,254.21428
463,254.76785
464,255.46428
465,256.1607
466,256.69644
467,257.1607
468,257.69644
469,258.1607
470,258.7857
471,259.25
472,259.7857
473,260.25
474,260.875
475,261.3393
476,261.875
477,262.3393
478,262.9643
479,263.6607
480,264.19644
481,264.6607
482,265.0893
483,265.64285
484,266.3393
485,267.0357
486,267.57144
487,268.0357
488,268.6607
489,269.35715
490,269.89285
491,270.42856
492,270.89285
493,271.51785
494,272.2143
495,272.75
496,273.2143
497,273.8393
498,274.5357
499,275.07144
0,1.0357143
1,2.0892856
2,2.9107144
3,3.857143
4,4.875
5,5.821429
6,6.571429
7,7.517857
8,8.285714
9,9.232142
10,10.0
11,10.946428
12,11.75
13,12.5
14,13.303572
15,14.160714
16,14.910714
17,15.678572
18,16.428572
19,17.214285
20,18.035715
21,18.785715
22,19.535715
23,20.285715
24,21.035715
25,21.785715
26,22.607143
27,23.357143
28,23.982143
29,24.767857
30,25.553572
31,26.339285
32,26.857143
33,27.517857
34,28.178572
35,28.839285
36,29.607143
37,30.321428
38,30.839285
39,31.571428
40,32.232143
41,32.964287
42,33.589287
43,34.392857
44,35.05357
45,35.785713
46,36.410713
47,37.214287
48,37.839287
49,38.642857
50,39.30357
51,40.035713
52,40.857143
53,41.482143
54,42.25
55,42.875
56,43.67857
57,44.30357
58,45.07143
59,45.839287
60,46.660713
61,47.42857
62,48.017857
63,48.642857
64,49.142857
65,49.875
66,50.642857
67,51.19643
68,51.732143
69,52.30357
70,52.857143
71,53.625
72,54.17857
73,54.714287
74,55.25
75,55.910713
76,56.57143
77,57.232143
78,58.0
79,58.55357
80,59.089287
81,59.625
82,60.285713
83,60.94643
84,61.607143
85,62.339287
86,62.892857
87,63.55357
88,64.28571
89,64.83929
90,65.5
91,66.23214
92,66.78571
93,67.44643
94,68.17857
95,68.73214
96,69.39286
97,70.125
98,70.67857
99,71.33929
100,72.07143
101,72.625
102,73.19643
103,73.80357
104,74.42857
105,75.0
106,75.57143
107,76.23214
108,76.89286
109,77.55357
110,78.21429
111,78.71429
112,79.375
113,80.03571
114,80.53571
115,81.19643
116,81.85714
117,82.35714
118,83.01786
119,83.51786
120,84.01786
121,84.51786
122,85.17857
123,85.71429
124,86.21429
125,86.875
126,87.41071
127,87.91071
128,88.57143
129,89.10714
130,89.60714
131,90.26786
132,90.80357
133,91.30357
134,91.96429
135,92.5
136,93.0
137,93.66071
138,94.19643
139,94.69643
140,95.35714
141,95.89286
142,96.39286
143,97.05357
144,97.58929
145,98.08929
146,98.71429
147,99.28571
148,99.91071
149,100.48214
150,100.94643
151,101.48214
152,102.01786
153,102.51786
154,102.98214
155,103.51786
156,104.05357
157,104.55357
158,105.01786
159,105.55357
160,106.08929
161,106.58929
162,107.05357
163,107.58929
164,108.125
165,108.625
166,109.08929
167,109.625
168,110.16071
169,110.66071
170,111.125
171,111.66071
172,112.19643
173,112.69643
174,113.16071
175,113.69643
176,114.23214
177,114.73214
178,115.19643
179,115.73214
180,116.26786
181,116.76786
182,117.23214
183,117.76786
184,118.30357
185,118.80357
186,119.26786
187,119.80357
188,120.33929
189,120.83929
190,121.30357
191,121.83929
192,122.375
193,122.875
194,123.33929
195,123.875
196,124.41071
197,124.91071
198,125.375
199,125.91071
200,126.44643
201,126.94643
202,127.41071
203,127.94643
204,128.48215
205,128.98215
206,129.44643
207,129.98215
208,130.51785
209,131.01785
210,131.48215
211,132.01785
212,132.55357
213,133.05357
214,133.51785
215,134.05357
216,134.58928
217,135.08928
218,135.55357
219,136.08928
220,136.625
221,137.125
222,137.58928
223,138.125
224,138.66072
225,139.16072
226,139.625
227,140.16072
228,140.69643
229,141.19643
230,141.66072
231,142.19643
232,142.73215
233,143.23215
234,143.69643
235,144.23215
236,144.76785
237,145.26785
238,145.73215
239,146.26785
240,146.80357
241,147.30357
242,147.76785
243,148.30357
244,148.83928
245,149.33928
246,149.80357
247,150.33928
248,150.875
249,151.375
250,151.83928
251,152.375
252,152.91072
253,153.41072
254,153.875
255,154.41072
256,154.94643
257,155.44643
258,155.91072
259,156.44643
260,156.98215
261,157.48215
262,157.94643
263,158.48215
264,159.01785
265,159.51785
266,159.98215
267,160.51785
268,161.05357
269,161.55357
270,162.01785
271,162.55357
272,163.08928
273,163.58928
274,164.05357
275,164.58928
276,165.125
277,165.625
278,166.08928
279,166.625
280,167.16072
281,167.66072
282,168.125
283,168.66072
284,169.19643
285,169.69643
286,170.16072
287,170.69643
288,171.23215
289,171.73215
290,172.19643
291,172.73215
292,173.26785
293,173.76785
294,174.23215
295,174.76785
296,175.30357
297,175.80357
298,176.26785
299,176.80357
300,177.33928
301,177.83928
302,178.30357
303,178.83928
304,179.375
305,179.875
306,180.33928
307,180.875
308,181.41072
309,181.91072
310,182.375
311,182.91072
312,183.44643
313,183.94643
314,184.41072
315,184.94643
316,185.48215
317,185.98215
318,186.44643
319,186.98215
320,187.51785
321,188.01785
322,188.48215
323,189.01785
324,189.55357
325,190.05357
326,190.51785
327,191.05357
328,191.58928
329,192.08928
330,192.55357
331,193.08928
332,193.625
333,194.125
334,194.58928
335,195.125
336,195.66072
337,196.16072
338,196.625
339,197.16072
340,197.69643
341,198.19643
342,198.66072
343,199.19643
344,199.73215
345,200.23215
346,200.69643
347,201.23215
348,201.76785
349,202.26785
350,202.73215
351,203.26785
352,203.80357
353,204.30357
354,204.76785
355,205.30357
356,205.83928
357,206.33928
358,206.80357
359,207.33928
360,207.875
361,208.375
362,208.83928
363,209.375
364,209.91072
365,210.41072
366,210.875
367,211.41072
368,211.94643
369,212.44643
370,212.91072
371,213.44643
372,213.98215
373,214.48215
374,214.94643
375,215.48215
376,216.01785
377,216.51785
378,216.98215
379,217.51785
380,218.05357
381,218.55357
382,219.01785
383,219.55357
384,220.08928
385,220.58928
386,221.05357
387,221.58928
388,222.125
389,222.625
390,223.08928
391,223.625
392,224.16072
393,224.66072
394,225.125
395,225.66072
396,226.19643
397,226.69643
398,227.16072
399,227.69643
400,228.23215
401,228.73215
402,229.19643
403,229.73215
404,230.26785
405,230.76785
406,231.23215
407,231.76785
408,232.30357
409,232.80357
410,233.26785
411,233.80357
412,234.33928
413,234.83928
414,235.30357
415,235.83928
416,236.375
417,236.875
418,237.33928
419,237.875
420,238.41072
421,238.91072
422,239.375
423,239.91072
424,240.44643
425,240.94643
426,241.41072
427,241.94643
428,242.48215
429,242.98215
430,243.44643
431,243.98215
432,244.51785
433,245.01785
434,245.48215
435,246.01785
436,246.55357
437,247.05357
438,247.51785
439,248.05357
440,248.58928
441,249.08928
442,249.55357
443,250.08928
444,250.625
445,251.125
446,251.58928
447,252.125
448,252.66072
449,253.16072
450,253.625
451,254.16072
452,254.69643
453,255.19643
454,255.66072
455,256.19644
456,256.73215
457,257.23215
458,257.69644
459,258.23215
460,258.76785
461,259.26785
462,259.73215
463,260.26785
464,260.80356
465,261.30356
466,261.76785
467,262.30356
468,262.8393
469,263.3393
470,263.80356
471,264.3393
472,264.875
473,265.375
474,265.8393
475,266.375
476,266.9107
477,267.4107
478,267.875
479,268.4107
480,268.94644
481,269.44644
482,269.9107
483,270.44644
484,270.98215
485,271.48215
486,271.94644
487,272.48215
488,273.01785
489,273.51785
490,273.98215
491,274.51785
492,275.05356
493,275.55356
494,276.01785
495,276.55356
496,277.0893
497,277.5893
498,278.05356
499,278.5893
0,0.96428573
1,1.7142857
2,2.6964285
3,3.6607144
4,4.571429
5,5.5
6,6.285714
7,7.142857
8,8.0
9,8.857142
10,9.857142
11,10.642858
12,11.392858
13,12.142858
14,12.892858
15,13.75
16,14.535714
17,15.392858
18,16.214285
19,16.964285
20,17.75
21,18.5
22,19.375
23,20.053572
24,20.928572
25,21.642857
26,22.446428
27,23.089285
28,23.803572
29,24.625
30,25.267857
31,26.142857
32,26.857143
33,27.696428
34,28.517857
35,29.178572
36,30.053572
37,30.660715
38,31.321428
39,32.19643
40,32.910713
41,33.57143
42,34.232143
43,35.107143
44,35.67857
45,36.482143
46,37.107143
47,37.732143
48,38.357143
49,39.232143
50,39.80357
51,40.607143
52,41.19643
53,41.75
54,42.482143
55,43.017857
56,43.55357
57,44.089287
58,44.625
59,45.160713
60,45.69643
61,46.232143
62,46.767857
63,47.30357
64,47.839287
65,48.375
66,48.910713
67,49.482143
68,50.05357
69,50.892857
70,51.625
71,52.160713
72,52.69643
73,53.232143
74,53.767857
75,54.30357
76,54.875
77,55.482143
78,56.07143
79,56.642857
80,57.44643
81,58.17857
82,58.714287
83,59.25
84,59.82143
85,60.42857
86,61.30357
87,61.875
88,62.464287
89,63.0
90,63.589287
91,64.125
92,64.66071
93,65.19643
94,65.69643
95,66.5
96,67.23214
97,67.76786
98,68.30357
99,68.83929
100,69.41071
101,70.01786
102,70.60714
103,71.17857
104,71.76786
105,72.30357
106,73.10714
107,73.83929
108,74.57143
109,75.14286
110,75.875
111,76.41071
112,76.94643
113,77.48214
114,78.01786
115,78.55357
116,79.08929
117,79.58929
118,80.16071
119,80.89286
120,81.625
121,82.35714
122,83.08929
123,83.82143
124,84.55357
125,85.08929
126,85.92857
127,86.66071
128,87.39286
129,88.125
130,88.69643
131,89.35714
132,90.08929
133,90.625
134,91.16071
135,91.69643
136,92.23214
137,92.76786
138,93.30357
139,93.80357
140,94.375
141,95.14286
142,95.71429
143,96.375
144,97.07143
145,97.76786
146,98.46429
147,99.16071
148,99.85714
149,100.51786
150,101.17857
151,101.78571
152,102.55357
153,103.16071
154,103.92857
155,104.53571
156,105.26786
157,106.0
158,106.76786
159,107.53571
160,108.19643
161,108.92857
162,109.66071
163,110.46429
164,111.10714
165,111.80357
166,112.53571
167,113.30357
168,114.14286
169,114.80357
170,115.57143
171,116.375
172,117.01786
173,117.71429
174,118.41071
175,119.10714
176,119.91071
177,120.55357
178,121.28571
179,121.89286
180,122.625
181,123.19643
182,124.0
183,124.60714
184,125.21429
185,125.75
186,126.32143
187,126.89286
188,127.46429
189,128.03572
190,128.60715
191,129.21428
192,129.98215
193,130.625
194,131.23215
195,131.76785
196,132.33928
197,132.94643
198,133.64285
199,134.33928
200,134.98215
201,135.625
202,136.23215
203,136.80357
204,137.375
205,137.94643
206,138.55357
207,139.08928
208,139.66072
209,140.26785
210,140.83928
211,141.41072
212,141.98215
213,142.58928
214,143.125
215,143.69643
216,144.30357
217,144.875
218,145.44643
219,146.01785
220,146.625
221,147.16072
222,147.73215
223,148.33928
224,148.91072
225,149.48215
226,150.05357
227,150.66072
228,151.19643
229,151.76785
230,152.375
231,152.94643
232,153.51785
233,154.08928
234,154.69643
235,155.23215
236,155.80357
237,156.41072
238,156.98215
239,157.55357
240,158.125
241,158.73215
242,159.26785
243,159.83928
244,160.44643
245,161.01785
246,161.58928
247,162.16072
248,162.76785
249,163.30357
250,163.875
251,164.48215
252,165.05357
253,165.625
254,166.19643
255,166.80357
256,167.33928
257,167.91072
258,168.51785
259,169.08928
260,169.66072
261,170.23215
262,170.83928
263,171.375
264,171.94643
265,172.55357
266,173.125
267,173.69643
268,174.26785
269,174.875
270,175.41072
271,175.98215
272,176.58928
273,177.16072
274,177.73215
275,178.30357
276,178.91072
277,179.44643
278,180.01785
279,180.625
280,181.19643
281,181.76785
282,182.33928
283,182.94643
284,183.48215
285,184.05357
286,184.66072
287,185.23215
288,185.80357
289,186.375
290,186.98215
291,187.51785
292,188.08928
293,188.69643
294,189.26785
295,189.83928
296,190.41072
297,191.01785
298,191.55357
299,192.125
300,192.73215
301,193.30357
302,193.875
303,194.44643
304,195.05357
305,195.58928
306,196.16072
307,196.76785
308,197.33928
309,197.91072
310,198.48215
311,199.08928
312,199.625
313,200.19643
314,200.80357
315,201.375
316,201.94643
317,202.51785
318,203.125
319,203.66072
320,204.23215
321,204.83928
322,205.41072
323,205.98215
324,206.55357
325,207.16072
326,207.69643
327,208.26785
328,208.875
329,209.44643
330,210.01785
331,210.58928
332,211.19643
333,211.73215
334,212.30357
335,212.91072
336,213.48215
337,214.05357
338,214.625
339,215.23215
340,215.76785
341,216.33928
342,216.94643
343,217.51785
344,218.08928
345,218.66072
346,219.26785
347,219.80357
348,220.375
349,220.98215
350,221.55357
351,222.125
352,222.69643
353,223.30357
354,223.83928
355,224.41072
356,225.01785
357,225.58928
358,226.16072
359,226.73215
360,227.33928
361,227.875
362,228.44643
363,229.05357
364,229.625
365,230.19643
366,230.76785
367,231.375
368,231.91072
369,232.48215
370,233.08928
371,233.66072
372,234.23215
373,234.80357
374,235.41072
375,235.94643
376,236.51785
377,237.125
378,237.69643
379,238.26785
380,238.83928
381,239.44643
382,239.98215
383,240.55357
384,241.16072
385,241.73215
386,242.30357
387,242.875
388,243.48215
389,244.01785
390,244.58928
391,245.19643
392,245.76785
393,246.33928
394,246.91072
395,247.51785
396,248.05357
397,248.625
398,249.23215
399,249.80357
400,250.375
401,250.94643
402,251.55357
403,252.08928
404,252.66072
405,253.26785
406,253.83928
407,254.41072
408,254.98215
409,255.58928
410,256.125
411,256.69644
412,257.30356
413,257.875
414,258.44644
415,259.01785
416,259.625
417,260.1607
418,260.73215
419,261.3393
420,261.9107
421,262.48215
422,263.05356
423,263.6607
424,264.19644
425,264.76785
426,265.375
427,265.94644
428,266.51785
429,267.0893
430,267.69644
431,268.23215
432,268.80356
433,269.4107
434,269.98215
435,270.55356
436,271.125
437,271.73215
438,272.26785
439,272.8393
440,273.44644
441,274.01785
442,274.5893
443,275.1607
444,275.76785
445,276.30356
446,276.875
447,277.48215
448,278.05356
449,278.625
450,279.19644
451,279.80356
452,280.3393
453,280.9107
454,281.51785
455,282.0893
456,282.6607
457,283.23215
458,283.8393
459,284.375
460,284.94644
461,285.55356
462,286.125
463,286.69644
464,287.26785
465,287.875
466,288.4107
467,288.98215
468,289.5893
469,290.1607
470,290.73215
471,291.30356
472,291.9107
473,292.44644
474,293.01785
475,293.625
476,294.19644
477,294.76785
478,295.3393
479,295.94644
480,296.48215
481,297.05356
482,297.6607
483,298.23215
484,298.80356
485,299.375
486,299.98215
487,300.51785
488,301.0893
489,301.69644
490,302.26785
491,302.8393
492,303.4107
493,304.01785
494,304.55356
495,305.125
496,305.73215
497,306.30356
498,306.875
499,307.44644
