0,0.35714287
1,0.39285713
2,0.39285713
3,0.39285713
4,0.39285713
5,0.39285713
6,0.39285713
7,0.39285713
8,0.39285713
9,0.39285713
10,0.39285713
11,0.39285713
12,0.39285713
13,0.39285713
14,0.39285713
15,0.39285713
16,0.39285713
17,0.39285713
18,0.39285713
19,0.39285713
20,0.39285713
21,0.39285713
22,0.39285713
23,0.39285713
24,0.39285713
25,0.39285713
26,0.39285713
27,0.39285713
28,0.39285713
29,0.39285713
30,0.39285713
31,0.39285713
32,0.39285713
33,0.39285713
34,0.39285713
35,0.39285713
36,0.39285713
37,0.39285713
38,0.39285713
39,0.39285713
40,0.39285713
41,0.39285713
42,0.39285713
43,0.39285713
44,0.39285713
45,0.39285713
46,0.39285713
47,0.39285713
48,0.39285713
49,0.39285713
50,0.39285713
51,0.39285713
52,0.39285713
53,0.39285713
54,0.39285713
55,0.39285713
56,0.39285713
57,0.39285713
58,0.39285713
59,0.39285713
60,0.39285713
61,0.39285713
62,0.39285713
63,0.39285713
64,0.39285713
65,0.39285713
66,0.39285713
67,0.39285713
68,0.39285713
69,0.39285713
70,0.39285713
71,0.39285713
72,0.39285713
73,0.39285713
74,0.39285713
75,0.39285713
76,0.39285713
77,0.39285713
78,0.39285713
79,0.39285713
80,0.39285713
81,0.39285713
82,0.39285713
83,0.39285713
84,0.39285713
85,0.39285713
86,0.39285713
87,0.39285713
88,0.39285713
89,0.39285713
90,0.39285713
91,0.39285713
92,0.39285713
93,0.39285713
94,0.39285713
95,0.39285713
96,0.39285713
97,0.39285713
98,0.39285713
99,0.39285713
100,0.39285713
101,0.39285713
102,0.39285713
103,0.39285713
104,0.39285713
105,0.39285713
106,0.39285713
107,0.39285713
108,0.39285713
109,0.39285713
110,0.39285713
111,0.39285713
112,0.39285713
113,0.39285713
114,0.39285713
115,0.39285713
116,0.39285713
117,0.39285713
118,0.39285713
119,0.39285713
120,0.39285713
121,0.39285713
122,0.39285713
123,0.39285713
124,0.39285713
125,0.39285713
126,0.39285713
127,0.39285713
128,0.39285713
129,0.39285713
130,0.39285713
131,0.39285713
132,0.39285713
133,0.39285713
134,0.39285713
135,0.39285713
136,0.39285713
137,0.39285713
138,0.39285713
139,0.39285713
140,0.39285713
141,0.39285713
142,0.39285713
143,0.39285713
144,0.39285713
145,0.39285713
146,0.39285713
147,0.39285713
148,0.39285713
149,0.39285713
150,0.39285713
151,0.39285713
152,0.39285713
153,0.39285713
154,0.39285713
155,0.39285713
156,0.39285713
157,0.39285713
158,0.39285713
159,0.39285713
160,0.39285713
161,0.39285713
162,0.39285713
163,0.39285713
164,0.39285713
165,0.39285713
166,0.39285713
167,0.39285713
168,0.39285713
169,0.39285713
170,0.39285713
171,0.39285713
172,0.39285713
173,0.39285713
174,0.39285713
175,0.39285713
176,0.39285713
177,0.39285713
178,0.39285713
179,0.39285713
180,0.39285713
181,0.39285713
182,0.39285713
183,0.39285713
184,0.39285713
185,0.39285713
186,0.39285713
187,0.39285713
188,0.39285713
189,0.39285713
190,0.39285713
191,0.39285713
192,0.39285713
193,0.39285713
194,0.39285713
195,0.39285713
196,0.39285713
197,0.39285713
198,0.39285713
199,0.39285713
200,0.39285713
201,0.39285713
202,0.39285713
203,0.39285713
204,0.39285713
205,0.39285713
206,0.39285713
207,0.39285713
208,0.39285713
209,0.39285713
210,0.39285713
211,0.39285713
212,0.39285713
213,0.39285713
214,0.39285713
215,0.39285713
216,0.39285713
217,0.39285713
218,0.39285713
219,0.39285713
220,0.39285713
221,0.39285713
222,0.39285713
223,0.39285713
224,0.39285713
225,0.39285713
226,0.39285713
227,0.39285713
228,0.39285713
229,0.39285713
230,0.39285713
231,0.39285713
232,0.39285713
233,0.39285713
234,0.39285713
235,0.39285713
236,0.39285713
237,0.39285713
238,0.39285713
239,0.39285713
240,0.39285713
241,0.39285713
242,0.39285713
243,0.39285713
244,0.39285713
245,0.39285713
246,0.39285713
247,0.39285713
248,0.39285713
249,0.39285713
250,0.39285713
251,0.39285713
252,0.39285713
253,0.39285713
254,0.39285713
255,0.39285713
256,0.39285713
257,0.39285713
258,0.39285713
259,0.39285713
260,0.39285713
261,0.39285713
262,0.39285713
263,0.39285713
264,0.39285713
265,0.39285713
266,0.39285713
267,0.39285713
268,0.39285713
269,0.39285713
270,0.39285713
271,0.39285713
272,0.39285713
273,0.39285713
274,0.39285713
275,0.39285713
276,0.39285713
277,0.39285713
278,0.39285713
279,0.39285713
280,0.39285713
281,0.39285713
282,0.39285713
283,0.39285713
284,0.39285713
285,0.39285713
286,0.39285713
287,0.39285713
288,0.39285713
289,0.39285713
290,0.39285713
291,0.39285713
292,0.39285713
293,0.39285713
294,0.39285713
295,0.39285713
296,0.39285713
297,0.39285713
298,0.39285713
299,0.39285713
300,0.39285713
301,0.39285713
302,0.39285713
303,0.39285713
304,0.39285713
305,0.39285713
306,0.39285713
307,0.39285713
308,0.39285713
309,0.39285713
310,0.39285713
311,0.39285713
312,0.39285713
313,0.39285713
314,0.39285713
315,0.39285713
316,0.39285713
317,0.39285713
318,0.39285713
319,0.39285713
320,0.39285713
321,0.39285713
322,0.39285713
323,0.39285713
324,0.39285713
325,0.39285713
326,0.39285713
327,0.39285713
328,0.39285713
329,0.39285713
330,0.39285713
331,0.39285713
332,0.39285713
333,0.39285713
334,0.39285713
335,0.39285713
336,0.39285713
337,0.39285713
338,0.39285713
339,0.39285713
340,0.39285713
341,0.39285713
342,0.39285713
343,0.39285713
344,0.39285713
345,0.39285713
346,0.39285713
347,0.39285713
348,0.39285713
349,0.39285713
350,0.39285713
351,0.39285713
352,0.39285713
353,0.39285713
354,0.39285713
355,0.39285713
356,0.39285713
357,0.39285713
358,0.39285713
359,0.39285713
360,0.39285713
361,0.39285713
362,0.39285713
363,0.39285713
364,0.39285713
365,0.39285713
366,0.39285713
367,0.39285713
368,0.39285713
369,0.39285713
370,0.39285713
371,0.39285713
372,0.39285713
373,0.39285713
374,0.39285713
375,0.39285713
376,0.39285713
377,0.39285713
378,0.39285713
379,0.39285713
380,0.39285713
381,0.39285713
382,0.39285713
383,0.39285713
384,0.39285713
385,0.39285713
386,0.39285713
387,0.39285713
388,0.39285713
389,0.39285713
390,0.39285713
391,0.39285713
392,0.39285713
393,0.39285713
394,0.39285713
395,0.39285713
396,0.39285713
397,0.39285713
398,0.39285713
399,0.39285713
400,0.39285713
401,0.39285713
402,0.39285713
403,0.39285713
404,0.39285713
405,0.39285713
406,0.39285713
407,0.39285713
408,0.39285713
409,0.39285713
410,0.39285713
411,0.39285713
412,0.39285713
413,0.39285713
414,0.39285713
415,0.39285713
416,0.39285713
417,0.39285713
418,0.39285713
419,0.39285713
420,0.39285713
421,0.39285713
422,0.39285713
423,0.39285713
424,0.39285713
425,0.39285713
426,0.39285713
427,0.39285713
428,0.39285713
429,0.39285713
430,0.39285713
431,0.39285713
432,0.39285713
433,0.39285713
434,0.39285713
435,0.39285713
436,0.39285713
437,0.39285713
438,0.39285713
439,0.39285713
440,0.39285713
441,0.39285713
442,0.39285713
443,0.39285713
444,0.39285713
445,0.39285713
446,0.39285713
447,0.39285713
448,0.39285713
449,0.39285713
450,0.39285713
451,0.39285713
452,0.39285713
453,0.39285713
454,0.39285713
455,0.39285713
456,0.39285713
457,0.39285713
458,0.39285713
459,0.39285713
460,0.39285713
461,0.39285713
462,0.39285713
463,0.39285713
464,0.39285713
465,0.39285713
466,0.39285713
467,0.39285713
468,0.39285713
469,0.39285713
470,0.39285713
471,0.39285713
472,0.39285713
473,0.39285713
474,0.39285713
475,0.39285713
476,0.39285713
477,0.39285713
478,0.39285713
479,0.39285713
480,0.39285713
481,0.39285713
482,0.39285713
483,0.39285713
484,0.39285713
485,0.39285713
486,0.39285713
487,0.39285713
488,0.39285713
489,0.39285713
490,0.39285713
491,0.39285713
492,0.39285713
493,0.39285713
494,0.39285713
495,0.39285713
496,0.39285713
497,0.39285713
498,0.39285713
499,0.39285713
0,0.19642857
1,0.4107143
2,0.53571427
3,0.66071427
4,0.78571427
5,0.91071427
6,1.0714285
7,1.2321428
8,1.3571428
9,1.4285715
10,1.5892857
11,1.6607143
12,1.75
13,1.8392857
14,1.9107143
15,2.0
16,2.0535715
17,2.125
18,2.2142856
19,2.3035715
20,2.375
21,2.4285715
22,2.5
23,2.5535715
24,2.625
25,2.6785715
26,2.75
27,2.8035715
28,2.892857
29,2.9642856
30,3.017857
31,3.107143
32,3.1785715
33,3.232143
34,3.357143
35,3.4464285
36,3.517857
37,3.5714285
38,3.6964285
39,3.767857
40,3.8214285
41,3.9107144
42,3.982143
43,4.035714
44,4.125
45,4.196429
46,4.25
47,4.375
48,4.446429
49,4.5
50,4.589286
51,4.660714
52,4.714286
53,4.75
54,4.785714
55,4.839286
56,4.910714
57,4.964286
58,4.964286
59,4.964286
60,4.964286
61,4.964286
62,4.964286
63,4.964286
64,4.964286
65,4.964286
66,4.964286
67,4.964286
68,4.964286
69,4.964286
70,4.964286
71,4.964286
72,4.964286
73,4.964286
74,4.964286
75,4.964286
76,4.964286
77,4.964286
78,4.964286
79,4.964286
80,4.964286
81,4.964286
82,4.964286
83,4.964286
84,4.964286
85,4.964286
86,4.964286
87,4.964286
88,4.964286
89,4.964286
90,4.964286
91,4.964286
92,4.964286
93,4.964286
94,4.964286
95,4.964286
96,4.964286
97,4.964286
98,4.964286
99,4.964286
100,4.964286
101,4.964286
102,4.964286
103,4.964286
104,4.964286
105,4.964286
106,4.964286
107,4.964286
108,4.964286
109,4.964286
110,4.964286
111,4.964286
112,4.964286
113,4.964286
114,4.964286
115,4.964286
116,4.964286
117,4.964286
118,4.964286
119,4.964286
120,4.964286
121,4.964286
122,4.964286
123,4.964286
124,4.964286
125,4.964286
126,4.964286
127,4.964286
128,4.964286
129,4.964286
130,4.964286
131,4.964286
132,4.964286
133,4.964286
134,4.964286
135,4.964286
136,4.964286
137,4.964286
138,4.964286
139,4.964286
140,4.964286
141,4.964286
142,4.964286
143,4.964286
144,4.964286
145,4.964286
146,4.964286
147,4.964286
148,4.964286
149,4.964286
150,4.964286
151,4.964286
152,4.964286
153,4.964286
154,4.964286
155,4.964286
156,4.964286
157,4.964286
158,4.964286
159,4.964286
160,4.964286
161,4.964286
162,4.964286
163,4.964286
164,4.964286
165,4.964286
166,4.964286
167,4.964286
168,4.964286
169,4.964286
170,4.964286
171,4.964286
172,4.964286
173,4.964286
174,4.964286
175,4.964286
176,4.964286
177,4.964286
178,4.964286
179,4.964286
180,4.964286
181,4.964286
182,4.964286
183,4.964286
184,4.964286
185,4.964286
186,4.964286
187,4.964286
188,4.964286
189,4.964286
190,4.964286
191,4.964286
192,4.964286
193,4.964286
194,4.964286
195,4.964286
196,4.964286
197,4.964286
198,4.964286
199,4.964286
200,4.964286
201,4.964286
202,4.964286
203,4.964286
204,4.964286
205,4.964286
206,4.964286
207,4.964286
208,4.964286
209,4.964286
210,4.964286
211,4.964286
212,4.964286
213,4.964286
214,4.964286
215,4.964286
216,4.964286
217,4.964286
218,4.964286
219,4.964286
220,4.964286
221,4.964286
222,4.964286
223,4.964286
224,4.964286
225,4.964286
226,4.964286
227,4.964286
228,4.964286
229,4.964286
230,4.964286
231,4.964286
232,4.964286
233,4.964286
234,4.964286
235,4.964286
236,4.964286
237,4.964286
238,4.964286
239,4.964286
240,4.964286
241,4.964286
242,4.964286
243,4.964286
244,4.964286
245,4.964286
246,4.964286
247,4.964286
248,4.964286
249,4.964286
250,4.964286
251,4.964286
252,4.964286
253,4.964286
254,4.964286
255,4.964286
256,4.964286
257,4.964286
258,4.964286
259,4.964286
260,4.964286
261,4.964286
262,4.964286
263,4.964286
264,4.964286
265,4.964286
266,4.964286
267,4.964286
268,4.964286
269,4.964286
270,4.964286
271,4.964286
272,4.964286
273,4.964286
274,4.964286
275,4.964286
276,4.964286
277,4.964286
278,4.964286
279,4.964286
280,4.964286
281,4.964286
282,4.964286
283,4.964286
284,4.964286
285,4.964286
286,4.964286
287,4.964286
288,4.964286
289,4.964286
290,4.964286
291,4.964286
292,4.964286
293,4.964286
294,4.964286
295,4.964286
296,4.964286
297,4.964286
298,4.964286
299,4.964286
300,4.964286
301,4.964286
302,4.964286
303,4.964286
304,4.964286
305,4.964286
306,4.964286
307,4.964286
308,4.964286
309,4.964286
310,4.964286
311,4.964286
312,4.964286
313,4.964286
314,4.964286
315,4.964286
316,4.964286
317,4.964286
318,4.964286
319,4.964286
320,4.964286
321,4.964286
322,4.964286
323,4.964286
324,4.964286
325,4.964286
326,4.964286
327,4.964286
328,4.964286
329,4.964286
330,4.964286
331,4.964286
332,4.964286
333,4.964286
334,4.964286
335,4.964286
336,4.964286
337,4.964286
338,4.964286
339,4.964286
340,4.964286
341,4.964286
342,4.964286
343,4.964286
344,4.964286
345,4.964286
346,4.964286
347,4.964286
348,4.964286
349,4.964286
350,4.964286
351,4.964286
352,4.964286
353,4.964286
354,4.964286
355,4.964286
356,4.964286
357,4.964286
358,4.964286
359,4.964286
360,4.964286
361,4.964286
362,4.964286
363,4.964286
364,4.964286
365,4.964286
366,4.964286
367,4.964286
368,4.964286
369,4.964286
370,4.964286
371,4.964286
372,4.964286
373,4.964286
374,4.964286
375,4.964286
376,4.964286
377,4.964286
378,4.964286
379,4.964286
380,4.964286
381,4.964286
382,4.964286
383,4.964286
384,4.964286
385,4.964286
386,4.964286
387,4.964286
388,4.964286
389,4.964286
390,4.964286
391,4.964286
392,4.964286
393,4.964286
394,4.964286
395,4.964286
396,4.964286
397,4.964286
398,4.964286
399,4.964286
400,4.964286
401,4.964286
402,4.964286
403,4.964286
404,4.964286
405,4.964286
406,4.964286
407,4.964286
408,4.964286
409,4.964286
410,4.964286
411,4.964286
412,4.964286
413,4.964286
414,4.964286
415,4.964286
416,4.964286
417,4.964286
418,4.964286
419,4.964286
420,4.964286
421,4.964286
422,4.964286
423,4.964286
424,4.964286
425,4.964286
426,4.964286
427,4.964286
428,4.964286
429,4.964286
430,4.964286
431,4.964286
432,4.964286
433,4.964286
434,4.964286
435,4.964286
436,4.964286
437,4.964286
438,4.964286
439,4.964286
440,4.964286
441,4.964286
442,4.964286
443,4.964286
444,4.964286
445,4.964286
446,4.964286
447,4.964286
448,4.964286
449,4.964286
450,4.964286
451,4.964286
452,4.964286
453,4.964286
454,4.964286
455,4.964286
456,4.964286
457,4.964286
458,4.964286
459,4.964286
460,4.964286
461,4.964286
462,4.964286
463,4.964286
464,4.964286
465,4.964286
466,4.964286
467,4.964286
468,4.964286
469,4.964286
470,4.964286
471,4.964286
472,4.964286
473,4.964286
474,4.964286
475,4.964286
476,4.964286
477,4.964286
478,4.964286
479,4.964286
480,4.964286
481,4.964286
482,4.964286
483,4.964286
484,4.964286
485,4.964286
486,4.964286
487,4.964286
488,4.964286
489,4.964286
490,4.964286
491,4.964286
492,4.964286
493,4.964286
494,4.964286
495,4.964286
496,4.964286
497,4.964286
498,4.964286
499,4.964286
0,0.071428575
1,0.14285715
2,0.19642857
3,0.26785713
4,0.32142857
5,0.4107143
6,0.48214287
7,0.53571427
8,0.625
9,0.6964286
10,0.75
11,0.83928573
12,0.91071427
13,0.96428573
14,1.0357143
15,1.0892857
16,1.1785715
17,1.25
18,1.3035715
19,1.3928572
20,1.4642857
21,1.5178572
22,1.5892857
23,1.6071428
24,1.6785715
25,1.6964285
26,1.7678572
27,1.8214285
28,1.9107143
29,1.9821428
30,2.0357144
31,2.125
32,2.1964285
33,2.25
34,2.3214285
35,2.3392856
36,2.4107144
37,2.4285715
38,2.5
39,2.517857
40,2.5892856
41,2.607143
42,2.6785715
43,2.6964285
44,2.767857
45,2.8214285
46,2.892857
47,2.9107144
48,2.982143
49,3.0
50,3.0714285
51,3.0892856
52,3.1607144
53,3.1785715
54,3.25
55,3.267857
56,3.3392856
57,3.357143
58,3.4285715
59,3.4464285
60,3.517857
61,3.5714285
62,3.642857
63,3.6607144
64,3.732143
65,3.75
66,3.8214285
67,3.8392856
68,3.9107144
69,3.9285715
70,4.0
71,4.017857
72,4.089286
73,4.107143
74,4.178571
75,4.196429
76,4.267857
77,4.321429
78,4.392857
79,4.410714
80,4.482143
81,4.5
82,4.571429
83,4.589286
84,4.660714
85,4.678571
86,4.75
87,4.767857
88,4.839286
89,4.857143
90,4.928571
91,4.946429
92,4.982143
93,4.982143
94,4.982143
95,4.982143
96,4.982143
97,4.982143
98,4.982143
99,4.982143
100,4.982143
101,4.982143
102,4.982143
103,4.982143
104,4.982143
105,4.982143
106,4.982143
107,4.982143
108,4.982143
109,4.982143
110,4.982143
111,4.982143
112,4.982143
113,4.982143
114,4.982143
115,4.982143
116,4.982143
117,4.982143
118,4.982143
119,4.982143
120,4.982143
121,4.982143
122,4.982143
123,4.982143
124,4.982143
125,4.982143
126,4.982143
127,4.982143
128,4.982143
129,4.982143
130,4.982143
131,4.982143
132,4.982143
133,4.982143
134,4.982143
135,4.982143
136,4.982143
137,4.982143
138,4.982143
139,4.982143
140,4.982143
141,4.982143
142,4.982143
143,4.982143
144,4.982143
145,4.982143
146,4.982143
147,4.982143
148,4.982143
149,4.982143
150,4.982143
151,4.982143
152,4.982143
153,4.982143
154,4.982143
155,4.982143
156,4.982143
157,4.982143
158,4.982143
159,4.982143
160,4.982143
161,4.982143
162,4.982143
163,4.982143
164,4.982143
165,4.982143
166,4.982143
167,4.982143
168,4.982143
169,4.982143
170,4.982143
171,4.982143
172,4.982143
173,4.982143
174,4.982143
175,4.982143
176,4.982143
177,4.982143
178,4.982143
179,4.982143
180,4.982143
181,4.982143
182,4.982143
183,4.982143
184,4.982143
185,4.982143
186,4.982143
187,4.982143
188,4.982143
189,4.982143
190,4.982143
191,4.982143
192,4.982143
193,4.982143
194,4.982143
195,4.982143
196,4.982143
197,4.982143
198,4.982143
199,4.982143
200,4.982143
201,4.982143
202,4.982143
203,4.982143
204,4.982143
205,4.982143
206,4.982143
207,4.982143
208,4.982143
209,4.982143
210,4.982143
211,4.982143
212,4.982143
213,4.982143
214,4.982143
215,4.982143
216,4.982143
217,4.982143
218,4.982143
219,4.982143
220,4.982143
221,4.982143
222,4.982143
223,4.982143
224,4.982143
225,4.982143
226,4.982143
227,4.982143
228,4.982143
229,4.982143
230,4.982143
231,4.982143
232,4.982143
233,4.982143
234,4.982143
235,4.982143
236,4.982143
237,4.982143
238,4.982143
239,4.982143
240,4.982143
241,4.982143
242,4.982143
243,4.982143
244,4.982143
245,4.982143
246,4.982143
247,4.982143
248,4.982143
249,4.982143
250,4.982143
251,4.982143
252,4.982143
253,4.982143
254,4.982143
255,4.982143
256,4.982143
257,4.982143
258,4.982143
259,4.982143
260,4.982143
261,4.982143
262,4.982143
263,4.982143
264,4.982143
265,4.982143
266,4.982143
267,4.982143
268,4.982143
269,4.982143
270,4.982143
271,4.982143
272,4.982143
273,4.982143
274,4.982143
275,4.982143
276,4.982143
277,4.982143
278,4.982143
279,4.982143
280,4.982143
281,4.982143
282,4.982143
283,4.982143
284,4.982143
285,4.982143
286,4.982143
287,4.982143
288,4.982143
289,4.982143
290,4.982143
291,4.982143
292,4.982143
293,4.982143
294,4.982143
295,4.982143
296,4.982143
297,4.982143
298,4.982143
299,4.982143
300,4.982143
301,4.982143
302,4.982143
303,4.982143
304,4.982143
305,4.982143
306,4.982143
307,4.982143
308,4.982143
309,4.982143
310,4.982143
311,4.982143
312,4.982143
313,4.982143
314,4.982143
315,4.982143
316,4.982143
317,4.982143
318,4.982143
319,4.982143
320,4.982143
321,4.982143
322,4.982143
323,4.982143
324,4.982143
325,4.982143
326,4.982143
327,4.982143
328,4.982143
329,4.982143
330,4.982143
331,4.982143
332,4.982143
333,4.982143
334,4.982143
335,4.982143
336,4.982143
337,4.982143
338,4.982143
339,4.982143
340,4.982143
341,4.982143
342,4.982143
343,4.982143
344,4.982143
345,4.982143
346,4.982143
347,4.982143
348,4.982143
349,4.982143
350,4.982143
351,4.982143
352,4.982143
353,4.982143
354,4.982143
355,4.982143
356,4.982143
357,4.982143
358,4.982143
359,4.982143
360,4.982143
361,4.982143
362,4.982143
363,4.982143
364,4.982143
365,4.982143
366,4.982143
367,4.982143
368,4.982143
369,4.982143
370,4.982143
371,4.982143
372,4.982143
373,4.982143
374,4.982143
375,4.982143
376,4.982143
377,4.982143
378,4.982143
379,4.982143
380,4.982143
381,4.982143
382,4.982143
383,4.982143
384,4.982143
385,4.982143
386,4.982143
387,4.982143
388,4.982143
389,4.982143
390,4.982143
391,4.982143
392,4.982143
393,4.982143
394,4.982143
395,4.982143
396,4.982143
397,4.982143
398,4.982143
399,4.982143
400,4.982143
401,4.982143
402,4.982143
403,4.982143
404,4.982143
405,4.982143
406,4.982143
407,4.982143
408,4.982143
409,4.982143
410,4.982143
411,4.982143
412,4.982143
413,4.982143
414,4.982143
415,4.982143
416,4.982143
417,4.982143
418,4.982143
419,4.982143
420,4.982143
421,4.982143
422,4.982143
423,4.982143
424,4.982143
425,4.982143
426,4.982143
427,4.982143
428,4.982143
429,4.982143
430,4.982143
431,4.982143
432,4.982143
433,4.982143
434,4.982143
435,4.982143
436,4.982143
437,4.982143
438,4.982143
439,4.982143
440,4.982143
441,4.982143
442,4.982143
443,4.982143
444,4.982143
445,4.982143
446,4.982143
447,4.982143
448,4.982143
449,4.982143
450,4.982143
451,4.982143
452,4.982143
453,4.982143
454,4.982143
455,4.982143
456,4.982143
457,4.982143
458,4.982143
459,4.982143
460,4.982143
461,4.982143
462,4.982143
463,4.982143
464,4.982143
465,4.982143
466,4.982143
467,4.982143
468,4.982143
469,4.982143
470,4.982143
471,4.982143
472,4.982143
473,4.982143
474,4.982143
475,4.982143
476,4.982143
477,4.982143
478,4.982143
479,4.982143
480,4.982143
481,4.982143
482,4.982143
483,4.982143
484,4.982143
485,4.982143
486,4.982143
487,4.982143
488,4.982143
489,4.982143
490,4.982143
491,4.982143
492,4.982143
493,4.982143
494,4.982143
495,4.982143
496,4.982143
497,4.982143
498,4.982143
499,4.982143
0,0.071428575
1,0.14285715
2,0.19642857
3,0.25
4,0.32142857
5,0.375
6,0.42857143
7,0.5
8,0.5535714
9,0.60714287
10,0.6785714
11,0.73214287
12,0.78571427
13,0.85714287
14,0.9464286
15,0.98214287
16,1.0714285
17,1.1071428
18,1.1964285
19,1.2321428
20,1.3214285
21,1.3571428
22,1.4107143
23,1.4821428
24,1.5357143
25,1.5714285
26,1.625
27,1.6607143
28,1.7142857
29,1.7678572
30,1.8392857
31,1.8928572
32,1.9285715
33,1.9821428
34,2.017857
35,2.0714285
36,2.142857
37,2.1964285
38,2.232143
39,2.2857144
40,2.3214285
41,2.375
42,2.4107144
43,2.4464285
44,2.5
45,2.5357144
46,2.5892856
47,2.625
48,2.6785715
49,2.7142856
50,2.767857
51,2.8035715
52,2.8392856
53,2.892857
54,2.9285715
55,2.982143
56,3.017857
57,3.107143
58,3.142857
59,3.1964285
60,3.232143
61,3.267857
62,3.3214285
63,3.357143
64,3.4107144
65,3.4464285
66,3.482143
67,3.5357144
68,3.5714285
69,3.625
70,3.6607144
71,3.7142856
72,3.75
73,3.8035715
74,3.8392856
75,3.875
76,3.9285715
77,3.9642856
78,4.017857
79,4.053571
80,4.107143
81,4.142857
82,4.178571
83,4.232143
84,4.267857
85,4.321429
86,4.357143
87,4.392857
88,4.446429
89,4.482143
90,4.535714
91,4.571429
92,4.607143
93,4.660714
94,4.696429
95,4.714286
96,4.714286
97,4.714286
98,4.714286
99,4.714286
100,4.714286
101,4.714286
102,4.714286
103,4.714286
104,4.714286
105,4.714286
106,4.714286
107,4.714286
108,4.714286
109,4.714286
110,4.714286
111,4.714286
112,4.714286
113,4.714286
114,4.714286
115,4.714286
116,4.714286
117,4.714286
118,4.714286
119,4.714286
120,4.714286
121,4.714286
122,4.714286
123,4.714286
124,4.714286
125,4.714286
126,4.714286
127,4.714286
128,4.714286
129,4.714286
130,4.714286
131,4.714286
132,4.714286
133,4.714286
134,4.714286
135,4.714286
136,4.714286
137,4.714286
138,4.714286
139,4.714286
140,4.714286
141,4.714286
142,4.714286
143,4.714286
144,4.714286
145,4.714286
146,4.714286
147,4.714286
148,4.714286
149,4.714286
150,4.714286
151,4.714286
152,4.714286
153,4.714286
154,4.714286
155,4.714286
156,4.714286
157,4.714286
158,4.714286
159,4.714286
160,4.714286
161,4.714286
162,4.714286
163,4.714286
164,4.714286
165,4.714286
166,4.714286
167,4.714286
168,4.714286
169,4.714286
170,4.714286
171,4.714286
172,4.714286
173,4.714286
174,4.714286
175,4.714286
176,4.714286
177,4.714286
178,4.714286
179,4.714286
180,4.714286
181,4.714286
182,4.714286
183,4.714286
184,4.714286
185,4.714286
186,4.714286
187,4.714286
188,4.714286
189,4.714286
190,4.714286
191,4.714286
192,4.714286
193,4.714286
194,4.714286
195,4.714286
196,4.714286
197,4.714286
198,4.714286
199,4.714286
200,4.714286
201,4.714286
202,4.714286
203,4.714286
204,4.714286
205,4.714286
206,4.714286
207,4.714286
208,4.714286
209,4.714286
210,4.714286
211,4.714286
212,4.714286
213,4.714286
214,4.714286
215,4.714286
216,4.714286
217,4.714286
218,4.714286
219,4.714286
220,4.714286
221,4.714286
222,4.714286
223,4.714286
224,4.714286
225,4.714286
226,4.714286
227,4.714286
228,4.714286
229,4.714286
230,4.714286
231,4.714286
232,4.714286
233,4.714286
234,4.714286
235,4.714286
236,4.714286
237,4.714286
238,4.714286
239,4.714286
240,4.714286
241,4.714286
242,4.714286
243,4.714286
244,4.714286
245,4.714286
246,4.714286
247,4.714286
248,4.714286
249,4.714286
250,4.714286
251,4.714286
252,4.714286
253,4.714286
254,4.714286
255,4.714286
256,4.714286
257,4.714286
258,4.714286
259,4.714286
260,4.714286
261,4.714286
262,4.714286
263,4.714286
264,4.714286
265,4.714286
266,4.714286
267,4.714286
268,4.714286
269,4.714286
270,4.714286
271,4.714286
272,4.714286
273,4.714286
274,4.714286
275,4.714286
276,4.714286
277,4.714286
278,4.714286
279,4.714286
280,4.714286
281,4.714286
282,4.714286
283,4.714286
284,4.714286
285,4.714286
286,4.714286
287,4.714286
288,4.714286
289,4.714286
290,4.714286
291,4.714286
292,4.714286
293,4.714286
294,4.714286
295,4.714286
296,4.714286
297,4.714286
298,4.714286
299,4.714286
300,4.714286
301,4.714286
302,4.714286
303,4.714286
304,4.714286
305,4.714286
306,4.714286
307,4.714286
308,4.714286
309,4.714286
310,4.714286
311,4.714286
312,4.714286
313,4.714286
314,4.714286
315,4.714286
316,4.714286
317,4.714286
318,4.714286
319,4.714286
320,4.714286
321,4.714286
322,4.714286
323,4.714286
324,4.714286
325,4.714286
326,4.714286
327,4.714286
328,4.714286
329,4.714286
330,4.714286
331,4.714286
332,4.714286
333,4.714286
334,4.714286
335,4.714286
336,4.714286
337,4.714286
338,4.714286
339,4.714286
340,4.714286
341,4.714286
342,4.714286
343,4.714286
344,4.714286
345,4.714286
346,4.714286
347,4.714286
348,4.714286
349,4.714286
350,4.714286
351,4.714286
352,4.714286
353,4.714286
354,4.714286
355,4.714286
356,4.714286
357,4.714286
358,4.714286
359,4.714286
360,4.714286
361,4.714286
362,4.714286
363,4.714286
364,4.714286
365,4.714286
366,4.714286
367,4.714286
368,4.714286
369,4.714286
370,4.714286
371,4.714286
372,4.714286
373,4.714286
374,4.714286
375,4.714286
376,4.714286
377,4.714286
378,4.714286
379,4.714286
380,4.714286
381,4.714286
382,4.714286
383,4.714286
384,4.714286
385,4.714286
386,4.714286
387,4.714286
388,4.714286
389,4.714286
390,4.714286
391,4.714286
392,4.714286
393,4.714286
394,4.714286
395,4.714286
396,4.714286
397,4.714286
398,4.714286
399,4.714286
400,4.714286
401,4.714286
402,4.714286
403,4.714286
404,4.714286
405,4.714286
406,4.714286
407,4.714286
408,4.714286
409,4.714286
410,4.714286
411,4.714286
412,4.714286
413,4.714286
414,4.714286
415,4.714286
416,4.714286
417,4.714286
418,4.714286
419,4.714286
420,4.714286
421,4.714286
422,4.714286
423,4.714286
424,4.714286
425,4.714286
426,4.714286
427,4.714286
428,4.714286
429,4.714286
430,4.714286
431,4.714286
432,4.714286
433,4.714286
434,4.714286
435,4.714286
436,4.714286
437,4.714286
438,4.714286
439,4.714286
440,4.714286
441,4.714286
442,4.714286
443,4.714286
444,4.714286
445,4.714286
446,4.714286
447,4.714286
448,4.714286
449,4.714286
450,4.714286
451,4.714286
452,4.714286
453,4.714286
454,4.714286
455,4.714286
456,4.714286
457,4.714286
458,4.714286
459,4.714286
460,4.714286
461,4.714286
462,4.714286
463,4.714286
464,4.714286
465,4.714286
466,4.714286
467,4.714286
468,4.714286
469,4.714286
470,4.714286
471,4.714286
472,4.714286
473,4.714286
474,4.714286
475,4.714286
476,4.714286
477,4.714286
478,4.714286
479,4.714286
480,4.714286
481,4.714286
482,4.714286
483,4.714286
484,4.714286
485,4.714286
486,4.714286
487,4.714286
488,4.714286
489,4.714286
490,4.714286
491,4.714286
492,4.714286
493,4.714286
494,4.714286
495,4.714286
496,4.714286
497,4.714286
498,4.714286
499,4.714286
0,0.05357143
1,0.10714286
2,0.14285715
3,0.19642857
4,0.23214285
5,0.2857143
6,0.32142857
7,0.375
8,0.4107143
9,0.4642857
10,0.5
11,0.5535714
12,0.58928573
13,0.64285713
14,0.6785714
15,0.73214287
16,0.76785713
17,0.8214286
18,0.85714287
19,0.91071427
20,0.9464286
21,1.0
22,1.0357143
23,1.0892857
24,1.125
25,1.1785715
26,1.2142857
27,1.2678572
28,1.3035715
29,1.3571428
30,1.3928572
31,1.4464285
32,1.4821428
33,1.5357143
34,1.5714285
35,1.625
36,1.6607143
37,1.7142857
38,1.75
39,1.8035715
40,1.875
41,1.9285715
42,1.9642857
43,2.017857
44,2.0535715
45,2.107143
46,2.142857
47,2.1964285
48,2.232143
49,2.267857
50,2.3214285
51,2.357143
52,2.4107144
53,2.4464285
54,2.5
55,2.5357144
56,2.5892856
57,2.625
58,2.6607144
59,2.7142856
60,2.75
61,2.8035715
62,2.8392856
63,2.892857
64,2.9285715
65,2.982143
66,3.017857
67,3.0535715
68,3.107143
69,3.142857
70,3.1964285
71,3.232143
72,3.2857144
73,3.3214285
74,3.357143
75,3.4107144
76,3.4464285
77,3.5
78,3.5357144
79,3.5892856
80,3.625
81,3.6785715
82,3.7142856
83,3.75
84,3.8035715
85,3.8392856
86,3.892857
87,3.9285715
88,3.982143
89,4.017857
90,4.053571
91,4.107143
92,4.142857
93,4.196429
94,4.232143
95,4.285714
96,4.321429
97,4.375
98,4.410714
99,4.446429
100,4.5
101,4.535714
102,4.589286
103,4.625
104,4.642857
105,4.642857
106,4.642857
107,4.642857
108,4.642857
109,4.642857
110,4.642857
111,4.642857
112,4.642857
113,4.642857
114,4.642857
115,4.642857
116,4.642857
117,4.642857
118,4.642857
119,4.642857
120,4.642857
121,4.642857
122,4.642857
123,4.642857
124,4.642857
125,4.642857
126,4.642857
127,4.642857
128,4.642857
129,4.642857
130,4.642857
131,4.642857
132,4.642857
133,4.642857
134,4.642857
135,4.642857
136,4.642857
137,4.642857
138,4.642857
139,4.642857
140,4.642857
141,4.642857
142,4.642857
143,4.642857
144,4.642857
145,4.642857
146,4.642857
147,4.642857
148,4.642857
149,4.642857
150,4.642857
151,4.642857
152,4.642857
153,4.642857
154,4.642857
155,4.642857
156,4.642857
157,4.642857
158,4.642857
159,4.642857
160,4.642857
161,4.642857
162,4.642857
163,4.642857
164,4.642857
165,4.642857
166,4.642857
167,4.642857
168,4.642857
169,4.642857
170,4.642857
171,4.642857
172,4.642857
173,4.642857
174,4.642857
175,4.642857
176,4.642857
177,4.642857
178,4.642857
179,4.642857
180,4.642857
181,4.642857
182,4.642857
183,4.642857
184,4.642857
185,4.642857
186,4.642857
187,4.642857
188,4.642857
189,4.642857
190,4.642857
191,4.642857
192,4.642857
193,4.642857
194,4.642857
195,4.642857
196,4.642857
197,4.642857
198,4.642857
199,4.642857
200,4.642857
201,4.642857
202,4.642857
203,4.642857
204,4.642857
205,4.642857
206,4.642857
207,4.642857
208,4.642857
209,4.642857
210,4.642857
211,4.642857
212,4.642857
213,4.642857
214,4.642857
215,4.642857
216,4.642857
217,4.642857
218,4.642857
219,4.642857
220,4.642857
221,4.642857
222,4.642857
223,4.642857
224,4.642857
225,4.642857
226,4.642857
227,4.642857
228,4.642857
229,4.642857
230,4.642857
231,4.642857
232,4.642857
233,4.642857
234,4.642857
235,4.642857
236,4.642857
237,4.642857
238,4.642857
239,4.642857
240,4.642857
241,4.642857
242,4.642857
243,4.642857
244,4.642857
245,4.642857
246,4.642857
247,4.642857
248,4.642857
249,4.642857
250,4.642857
251,4.642857
252,4.642857
253,4.642857
254,4.642857
255,4.642857
256,4.642857
257,4.642857
258,4.642857
259,4.642857
260,4.642857
261,4.642857
262,4.642857
263,4.642857
264,4.642857
265,4.642857
266,4.642857
267,4.642857
268,4.642857
269,4.642857
270,4.642857
271,4.642857
272,4.642857
273,4.642857
274,4.642857
275,4.642857
276,4.642857
277,4.642857
278,4.642857
279,4.642857
280,4.642857
281,4.642857
282,4.642857
283,4.642857
284,4.642857
285,4.642857
286,4.642857
287,4.642857
288,4.642857
289,4.642857
290,4.642857
291,4.642857
292,4.642857
293,4.642857
294,4.642857
295,4.642857
296,4.642857
297,4.642857
298,4.642857
299,4.642857
300,4.642857
301,4.642857
302,4.642857
303,4.642857
304,4.642857
305,4.642857
306,4.642857
307,4.642857
308,4.642857
309,4.642857
310,4.642857
311,4.642857
312,4.642857
313,4.642857
314,4.642857
315,4.642857
316,4.642857
317,4.642857
318,4.642857
319,4.642857
320,4.642857
321,4.642857
322,4.642857
323,4.642857
324,4.642857
325,4.642857
326,4.642857
327,4.642857
328,4.642857
329,4.642857
330,4.642857
331,4.642857
332,4.642857
333,4.642857
334,4.642857
335,4.642857
336,4.642857
337,4.642857
338,4.642857
339,4.642857
340,4.642857
341,4.642857
342,4.642857
343,4.642857
344,4.642857
345,4.642857
346,4.642857
347,4.642857
348,4.642857
349,4.642857
350,4.642857
351,4.642857
352,4.642857
353,4.642857
354,4.642857
355,4.642857
356,4.642857
357,4.642857
358,4.642857
359,4.642857
360,4.642857
361,4.642857
362,4.642857
363,4.642857
364,4.642857
365,4.642857
366,4.642857
367,4.642857
368,4.642857
369,4.642857
370,4.642857
371,4.642857
372,4.642857
373,4.642857
374,4.642857
375,4.642857
376,4.642857
377,4.642857
378,4.642857
379,4.642857
380,4.642857
381,4.642857
382,4.642857
383,4.642857
384,4.642857
385,4.642857
386,4.642857
387,4.642857
388,4.642857
389,4.642857
390,4.642857
391,4.642857
392,4.642857
393,4.642857
394,4.642857
395,4.642857
396,4.642857
397,4.642857
398,4.642857
399,4.642857
400,4.642857
401,4.642857
402,4.642857
403,4.642857
404,4.642857
405,4.642857
406,4.642857
407,4.642857
408,4.642857
409,4.642857
410,4.642857
411,4.642857
412,4.642857
413,4.642857
414,4.642857
415,4.642857
416,4.642857
417,4.642857
418,4.642857
419,4.642857
420,4.642857
421,4.642857
422,4.642857
423,4.642857
424,4.642857
425,4.642857
426,4.642857
427,4.642857
428,4.642857
429,4.642857
430,4.642857
431,4.642857
432,4.642857
433,4.642857
434,4.642857
435,4.642857
436,4.642857
437,4.642857
438,4.642857
439,4.642857
440,4.642857
441,4.642857
442,4.642857
443,4.642857
444,4.642857
445,4.642857
446,4.642857
447,4.642857
448,4.642857
449,4.642857
450,4.642857
451,4.642857
452,4.642857
453,4.642857
454,4.642857
455,4.642857
456,4.642857
457,4.642857
458,4.642857
459,4.642857
460,4.642857
461,4.642857
462,4.642857
463,4.642857
464,4.642857
465,4.642857
466,4.642857
467,4.642857
468,4.642857
469,4.642857
470,4.642857
471,4.642857
472,4.642857
473,4.642857
474,4.642857
475,4.642857
476,4.642857
477,4.642857
478,4.642857
479,4.642857
480,4.642857
481,4.642857
482,4.642857
483,4.642857
484,4.642857
485,4.642857
486,4.642857
487,4.642857
488,4.642857
489,4.642857
490,4.642857
491,4.642857
492,4.642857
493,4.642857
494,4.642857
495,4.642857
496,4.642857
497,4.642857
498,4.642857
499,4.642857
