0,1.25
1,1.4285715
2,1.5
3,1.5535715
4,1.625
5,1.6785715
6,1.7142857
7,1.7142857
8,1.7142857
9,1.7142857
10,1.7142857
11,1.7142857
12,1.7142857
13,1.7142857
14,1.7142857
15,1.7142857
16,1.7142857
17,1.7142857
18,1.7142857
19,1.7142857
20,1.7142857
21,1.7142857
22,1.7142857
23,1.7142857
24,1.7142857
25,1.7142857
26,1.7142857
27,1.7142857
28,1.7142857
29,1.7142857
30,1.7142857
31,1.7142857
32,1.7142857
33,1.7142857
34,1.7142857
35,1.7142857
36,1.7142857
37,1.7142857
38,1.7142857
39,1.7142857
40,1.7142857
41,1.7142857
42,1.7142857
43,1.7142857
44,1.7142857
45,1.7142857
46,1.7142857
47,1.7142857
48,1.7142857
49,1.7142857
50,1.7142857
51,1.7142857
52,1.7142857
53,1.7142857
54,1.7142857
55,1.7142857
56,1.7142857
57,1.7142857
58,1.7142857
59,1.7142857
60,1.7142857
61,1.7142857
62,1.7142857
63,1.7142857
64,1.7142857
65,1.7142857
66,1.7142857
67,1.7142857
68,1.7142857
69,1.7142857
70,1.7142857
71,1.7142857
72,1.7142857
73,1.7142857
74,1.7142857
75,1.7142857
76,1.7142857
77,1.7142857
78,1.7142857
79,1.7142857
80,1.7142857
81,1.7142857
82,1.7142857
83,1.7142857
84,1.7142857
85,1.7142857
86,1.7142857
87,1.7142857
88,1.7142857
89,1.7142857
90,1.7142857
91,1.7142857
92,1.7142857
93,1.7142857
94,1.7142857
95,1.7142857
96,1.7142857
97,1.7142857
98,1.7142857
99,1.7142857
100,1.7142857
101,1.7142857
102,1.7142857
103,1.7142857
104,1.7142857
105,1.7142857
106,1.7142857
107,1.7142857
108,1.7142857
109,1.7142857
110,1.7142857
111,1.7142857
112,1.7142857
113,1.7142857
114,1.7142857
115,1.7142857
116,1.7142857
117,1.7142857
118,1.7142857
119,1.7142857
120,1.7142857
121,1.7142857
122,1.7142857
123,1.7142857
124,1.7142857
125,1.7142857
126,1.7142857
127,1.7142857
128,1.7142857
129,1.7142857
130,1.7142857
131,1.7142857
132,1.7142857
133,1.7142857
134,1.7142857
135,1.7142857
136,1.7142857
137,1.7142857
138,1.7142857
139,1.7142857
140,1.7142857
141,1.7142857
142,1.7142857
143,1.7142857
144,1.7142857
145,1.7142857
146,1.7142857
147,1.7142857
148,1.7142857
149,1.7142857
150,1.7142857
151,1.7142857
152,1.7142857
153,1.7142857
154,1.7142857
155,1.7142857
156,1.7142857
157,1.7142857
158,1.7142857
159,1.7142857
160,1.7142857
161,1.7142857
162,1.7142857
163,1.7142857
164,1.7142857
165,1.7142857
166,1.7142857
167,1.7142857
168,1.7142857
169,1.7142857
170,1.7142857
171,1.7142857
172,1.7142857
173,1.7142857
174,1.7142857
175,1.7142857
176,1.7142857
177,1.7142857
178,1.7142857
179,1.7142857
180,1.7142857
181,1.7142857
182,1.7142857
183,1.7142857
184,1.7142857
185,1.7142857
186,1.7142857
187,1.7142857
188,1.7142857
189,1.7142857
190,1.7142857
191,1.7142857
192,1.7142857
193,1.7142857
194,1.7142857
195,1.7142857
196,1.7142857
197,1.7142857
198,1.7142857
199,1.7142857
200,1.7142857
201,1.7142857
202,1.7142857
203,1.7142857
204,1.7142857
205,1.7142857
206,1.7142857
207,1.7142857
208,1.7142857
209,1.7142857
210,1.7142857
211,1.7142857
212,1.7142857
213,1.7142857
214,1.7142857
215,1.7142857
216,1.7142857
217,1.7142857
218,1.7142857
219,1.7142857
220,1.7142857
221,1.7142857
222,1.7142857
223,1.7142857
224,1.7142857
225,1.7142857
226,1.7142857
227,1.7142857
228,1.7142857
229,1.7142857
230,1.7142857
231,1.7142857
232,1.7142857
233,1.7142857
234,1.7142857
235,1.7142857
236,1.7142857
237,1.7142857
238,1.7142857
239,1.7142857
240,1.7142857
241,1.7142857
242,1.7142857
243,1.7142857
244,1.7142857
245,1.7142857
246,1.7142857
247,1.7142857
248,1.7142857
249,1.7142857
250,1.7142857
251,1.7142857
252,1.7142857
253,1.7142857
254,1.7142857
255,1.7142857
256,1.7142857
257,1.7142857
258,1.7142857
259,1.7142857
260,1.7142857
261,1.7142857
262,1.7142857
263,1.7142857
264,1.7142857
265,1.7142857
266,1.7142857
267,1.7142857
268,1.7142857
269,1.7142857
270,1.7142857
271,1.7142857
272,1.7142857
273,1.7142857
274,1.7142857
275,1.7142857
276,1.7142857
277,1.7142857
278,1.7142857
279,1.7142857
280,1.7142857
281,1.7142857
282,1.7142857
283,1.7142857
284,1.7142857
285,1.7142857
286,1.7142857
287,1.7142857
288,1.7142857
289,1.7142857
290,1.7142857
291,1.7142857
292,1.7142857
293,1.7142857
294,1.7142857
295,1.7142857
296,1.7142857
297,1.7142857
298,1.7142857
299,1.7142857
300,1.7142857
301,1.7142857
302,1.7142857
303,1.7142857
304,1.7142857
305,1.7142857
306,1.7142857
307,1.7142857
308,1.7142857
309,1.7142857
310,1.7142857
311,1.7142857
312,1.7142857
313,1.7142857
314,1.7142857
315,1.7142857
316,1.7142857
317,1.7142857
318,1.7142857
319,1.7142857
320,1.7142857
321,1.7142857
322,1.7142857
323,1.7142857
324,1.7142857
325,1.7142857
326,1.7142857
327,1.7142857
328,1.7142857
329,1.7142857
330,1.7142857
331,1.7142857
332,1.7142857
333,1.7142857
334,1.7142857
335,1.7142857
336,1.7142857
337,1.7142857
338,1.7142857
339,1.7142857
340,1.7142857
341,1.7142857
342,1.7142857
343,1.7142857
344,1.7142857
345,1.7142857
346,1.7142857
347,1.7142857
348,1.7142857
349,1.7142857
350,1.7142857
351,1.7142857
352,1.7142857
353,1.7142857
354,1.7142857
355,1.7142857
356,1.7142857
357,1.7142857
358,1.7142857
359,1.7142857
360,1.7142857
361,1.7142857
362,1.7142857
363,1.7142857
364,1.7142857
365,1.7142857
366,1.7142857
367,1.7142857
368,1.7142857
369,1.7142857
370,1.7142857
371,1.7142857
372,1.7142857
373,1.7142857
374,1.7142857
375,1.7142857
376,1.7142857
377,1.7142857
378,1.7142857
379,1.7142857
380,1.7142857
381,1.7142857
382,1.7142857
383,1.7142857
384,1.7142857
385,1.7142857
386,1.7142857
387,1.7142857
388,1.7142857
389,1.7142857
390,1.7142857
391,1.7142857
392,1.7142857
393,1.7142857
394,1.7142857
395,1.7142857
396,1.7142857
397,1.7142857
398,1.7142857
399,1.7142857
400,1.7142857
401,1.7142857
402,1.7142857
403,1.7142857
404,1.7142857
405,1.7142857
406,1.7142857
407,1.7142857
408,1.7142857
409,1.7142857
410,1.7142857
411,1.7142857
412,1.7142857
413,1.7142857
414,1.7142857
415,1.7142857
416,1.7142857
417,1.7142857
418,1.7142857
419,1.7142857
420,1.7142857
421,1.7142857
422,1.7142857
423,1.7142857
424,1.7142857
425,1.7142857
426,1.7142857
427,1.7142857
428,1.7142857
429,1.7142857
430,1.7142857
431,1.7142857
432,1.7142857
433,1.7142857
434,1.7142857
435,1.7142857
436,1.7142857
437,1.7142857
438,1.7142857
439,1.7142857
440,1.7142857
441,1.7142857
442,1.7142857
443,1.7142857
444,1.7142857
445,1.7142857
446,1.7142857
447,1.7142857
448,1.7142857
449,1.7142857
450,1.7142857
451,1.7142857
452,1.7142857
453,1.7142857
454,1.7142857
455,1.7142857
456,1.7142857
457,1.7142857
458,1.7142857
459,1.7142857
460,1.7142857
461,1.7142857
462,1.7142857
463,1.7142857
464,1.7142857
465,1.7142857
466,1.7142857
467,1.7142857
468,1.7142857
469,1.7142857
470,1.7142857
471,1.7142857
472,1.7142857
473,1.7142857
474,1.7142857
475,1.7142857
476,1.7142857
477,1.7142857
478,1.7142857
479,1.7142857
480,1.7142857
481,1.7142857
482,1.7142857
483,1.7142857
484,1.7142857
485,1.7142857
486,1.7142857
487,1.7142857
488,1.7142857
489,1.7142857
490,1.7142857
491,1.7142857
492,1.7142857
493,1.7142857
494,1.7142857
495,1.7142857
496,1.7142857
497,1.7142857
498,1.7142857
499,1.7142857
0,0.85714287
1,0.9285714
2,0.9285714
3,0.9285714
4,0.9285714
5,0.9285714
6,0.9285714
7,0.9285714
8,0.9285714
9,0.9285714
10,0.9285714
11,0.9285714
12,0.9285714
13,0.9285714
14,0.9285714
15,0.9285714
16,0.9285714
17,0.9285714
18,0.9285714
19,0.9285714
20,0.9285714
21,0.9285714
22,0.9285714
23,0.9285714
24,0.9285714
25,0.9285714
26,0.9285714
27,0.9285714
28,0.9285714
29,0.9285714
30,0.9285714
31,0.9285714
32,0.9285714
33,0.9285714
34,0.9285714
35,0.9285714
36,0.9285714
37,0.9285714
38,0.9285714
39,0.9285714
40,0.9285714
41,0.9285714
42,0.9285714
43,0.9285714
44,0.9285714
45,0.9285714
46,0.9285714
47,0.9285714
48,0.9285714
49,0.9285714
50,0.9285714
51,0.9285714
52,0.9285714
53,0.9285714
54,0.9285714
55,0.9285714
56,0.9285714
57,0.9285714
58,0.9285714
59,0.9285714
60,0.9285714
61,0.9285714
62,0.9285714
63,0.9285714
64,0.9285714
65,0.9285714
66,0.9285714
67,0.9285714
68,0.9285714
69,0.9285714
70,0.9285714
71,0.9285714
72,0.9285714
73,0.9285714
74,0.9285714
75,0.9285714
76,0.9285714
77,0.9285714
78,0.9285714
79,0.9285714
80,0.9285714
81,0.9285714
82,0.9285714
83,0.9285714
84,0.9285714
85,0.9285714
86,0.9285714
87,0.9285714
88,0.9285714
89,0.9285714
90,0.9285714
91,0.9285714
92,0.9285714
93,0.9285714
94,0.9285714
95,0.9285714
96,0.9285714
97,0.9285714
98,0.9285714
99,0.9285714
100,0.9285714
101,0.9285714
102,0.9285714
103,0.9285714
104,0.9285714
105,0.9285714
106,0.9285714
107,0.9285714
108,0.9285714
109,0.9285714
110,0.9285714
111,0.9285714
112,0.9285714
113,0.9285714
114,0.9285714
115,0.9285714
116,0.9285714
117,0.9285714
118,0.9285714
119,0.9285714
120,0.9285714
121,0.9285714
122,0.9285714
123,0.9285714
124,0.9285714
125,0.9285714
126,0.9285714
127,0.9285714
128,0.9285714
129,0.9285714
130,0.9285714
131,0.9285714
132,0.9285714
133,0.9285714
134,0.9285714
135,0.9285714
136,0.9285714
137,0.9285714
138,0.9285714
139,0.9285714
140,0.9285714
141,0.9285714
142,0.9285714
143,0.9285714
144,0.9285714
145,0.9285714
146,0.9285714
147,0.9285714
148,0.9285714
149,0.9285714
150,0.9285714
151,0.9285714
152,0.9285714
153,0.9285714
154,0.9285714
155,0.9285714
156,0.9285714
157,0.9285714
158,0.9285714
159,0.9285714
160,0.9285714
161,0.9285714
162,0.9285714
163,0.9285714
164,0.9285714
165,0.9285714
166,0.9285714
167,0.9285714
168,0.9285714
169,0.9285714
170,0.9285714
171,0.9285714
172,0.9285714
173,0.9285714
174,0.9285714
175,0.9285714
176,0.9285714
177,0.9285714
178,0.9285714
179,0.9285714
180,0.9285714
181,0.9285714
182,0.9285714
183,0.9285714
184,0.9285714
185,0.9285714
186,0.9285714
187,0.9285714
188,0.9285714
189,0.9285714
190,0.9285714
191,0.9285714
192,0.9285714
193,0.9285714
194,0.9285714
195,0.9285714
196,0.9285714
197,0.9285714
198,0.9285714
199,0.9285714
200,0.9285714
201,0.9285714
202,0.9285714
203,0.9285714
204,0.9285714
205,0.9285714
206,0.9285714
207,0.9285714
208,0.9285714
209,0.9285714
210,0.9285714
211,0.9285714
212,0.9285714
213,0.9285714
214,0.9285714
215,0.9285714
216,0.9285714
217,0.9285714
218,0.9285714
219,0.9285714
220,0.9285714
221,0.9285714
222,0.9285714
223,0.9285714
224,0.9285714
225,0.9285714
226,0.9285714
227,0.9285714
228,0.9285714
229,0.9285714
230,0.9285714
231,0.9285714
232,0.9285714
233,0.9285714
234,0.9285714
235,0.9285714
236,0.9285714
237,0.9285714
238,0.9285714
239,0.9285714
240,0.9285714
241,0.9285714
242,0.9285714
243,0.9285714
244,0.9285714
245,0.9285714
246,0.9285714
247,0.9285714
248,0.9285714
249,0.9285714
250,0.9285714
251,0.9285714
252,0.9285714
253,0.9285714
254,0.9285714
255,0.9285714
256,0.9285714
257,0.9285714
258,0.9285714
259,0.9285714
260,0.9285714
261,0.9285714
262,0.9285714
263,0.9285714
264,0.9285714
265,0.9285714
266,0.9285714
267,0.9285714
268,0.9285714
269,0.9285714
270,0.9285714
271,0.9285714
272,0.9285714
273,0.9285714
274,0.9285714
275,0.9285714
276,0.9285714
277,0.9285714
278,0.9285714
279,0.9285714
280,0.9285714
281,0.9285714
282,0.9285714
283,0.9285714
284,0.9285714
285,0.9285714
286,0.9285714
287,0.9285714
288,0.9285714
289,0.9285714
290,0.9285714
291,0.9285714
292,0.9285714
293,0.9285714
294,0.9285714
295,0.9285714
296,0.9285714
297,0.9285714
298,0.9285714
299,0.9285714
300,0.9285714
301,0.9285714
302,0.9285714
303,0.9285714
304,0.9285714
305,0.9285714
306,0.9285714
307,0.9285714
308,0.9285714
309,0.9285714
310,0.9285714
311,0.9285714
312,0.9285714
313,0.9285714
314,0.9285714
315,0.9285714
316,0.9285714
317,0.9285714
318,0.9285714
319,0.9285714
320,0.9285714
321,0.9285714
322,0.9285714
323,0.9285714
324,0.9285714
325,0.9285714
326,0.9285714
327,0.9285714
328,0.9285714
329,0.9285714
330,0.9285714
331,0.9285714
332,0.9285714
333,0.9285714
334,0.9285714
335,0.9285714
336,0.9285714
337,0.9285714
338,0.9285714
339,0.9285714
340,0.9285714
341,0.9285714
342,0.9285714
343,0.9285714
344,0.9285714
345,0.9285714
346,0.9285714
347,0.9285714
348,0.9285714
349,0.9285714
350,0.9285714
351,0.9285714
352,0.9285714
353,0.9285714
354,0.9285714
355,0.9285714
356,0.9285714
357,0.9285714
358,0.9285714
359,0.9285714
360,0.9285714
361,0.9285714
362,0.9285714
363,0.9285714
364,0.9285714
365,0.9285714
366,0.9285714
367,0.9285714
368,0.9285714
369,0.9285714
370,0.9285714
371,0.9285714
372,0.9285714
373,0.9285714
374,0.9285714
375,0.9285714
376,0.9285714
377,0.9285714
378,0.9285714
379,0.9285714
380,0.9285714
381,0.9285714
382,0.9285714
383,0.9285714
384,0.9285714
385,0.9285714
386,0.9285714
387,0.9285714
388,0.9285714
389,0.9285714
390,0.9285714
391,0.9285714
392,0.9285714
393,0.9285714
394,0.9285714
395,0.9285714
396,0.9285714
397,0.9285714
398,0.9285714
399,0.9285714
400,0.9285714
401,0.9285714
402,0.9285714
403,0.9285714
404,0.9285714
405,0.9285714
406,0.9285714
407,0.9285714
408,0.9285714
409,0.9285714
410,0.9285714
411,0.9285714
412,0.9285714
413,0.9285714
414,0.9285714
415,0.9285714
416,0.9285714
417,0.9285714
418,0.9285714
419,0.9285714
420,0.9285714
421,0.9285714
422,0.9285714
423,0.9285714
424,0.9285714
425,0.9285714
426,0.9285714
427,0.9285714
428,0.9285714
429,0.9285714
430,0.9285714
431,0.9285714
432,0.9285714
433,0.9285714
434,0.9285714
435,0.9285714
436,0.9285714
437,0.9285714
438,0.9285714
439,0.9285714
440,0.9285714
441,0.9285714
442,0.9285714
443,0.9285714
444,0.9285714
445,0.9285714
446,0.9285714
447,0.9285714
448,0.9285714
449,0.9285714
450,0.9285714
451,0.9285714
452,0.9285714
453,0.9285714
454,0.9285714
455,0.9285714
456,0.9285714
457,0.9285714
458,0.9285714
459,0.9285714
460,0.9285714
461,0.9285714
462,0.9285714
463,0.9285714
464,0.9285714
465,0.9285714
466,0.9285714
467,0.9285714
468,0.9285714
469,0.9285714
470,0.9285714
471,0.9285714
472,0.9285714
473,0.9285714
474,0.9285714
475,0.9285714
476,0.9285714
477,0.9285714
478,0.9285714
479,0.9285714
480,0.9285714
481,0.9285714
482,0.9285714
483,0.9285714
484,0.9285714
485,0.9285714
486,0.9285714
487,0.9285714
488,0.9285714
489,0.9285714
490,0.9285714
491,0.9285714
492,0.9285714
493,0.9285714
494,0.9285714
495,0.9285714
496,0.9285714
497,0.9285714
498,0.9285714
499,0.9285714
0,0.66071427
1,0.76785713
2,0.83928573
3,0.91071427
4,0.9464286
5,0.9464286
6,0.9464286
7,0.9464286
8,0.9464286
9,0.9464286
10,0.9464286
11,0.9464286
12,0.9464286
13,0.9464286
14,0.9464286
15,0.9464286
16,0.9464286
17,0.9464286
18,0.9464286
19,0.9464286
20,0.9464286
21,0.9464286
22,0.9464286
23,0.9464286
24,0.9464286
25,0.9464286
26,0.9464286
27,0.9464286
28,0.9464286
29,0.9464286
30,0.9464286
31,0.9464286
32,0.9464286
33,0.9464286
34,0.9464286
35,0.9464286
36,0.9464286
37,0.9464286
38,0.9464286
39,0.9464286
40,0.9464286
41,0.9464286
42,0.9464286
43,0.9464286
44,0.9464286
45,0.9464286
46,0.9464286
47,0.9464286
48,0.9464286
49,0.9464286
50,0.9464286
51,0.9464286
52,0.9464286
53,0.9464286
54,0.9464286
55,0.9464286
56,0.9464286
57,0.9464286
58,0.9464286
59,0.9464286
60,0.9464286
61,0.9464286
62,0.9464286
63,0.9464286
64,0.9464286
65,0.9464286
66,0.9464286
67,0.9464286
68,0.9464286
69,0.9464286
70,0.9464286
71,0.9464286
72,0.9464286
73,0.9464286
74,0.9464286
75,0.9464286
76,0.9464286
77,0.9464286
78,0.9464286
79,0.9464286
80,0.9464286
81,0.9464286
82,0.9464286
83,0.9464286
84,0.9464286
85,0.9464286
86,0.9464286
87,0.9464286
88,0.9464286
89,0.9464286
90,0.9464286
91,0.9464286
92,0.9464286
93,0.9464286
94,0.9464286
95,0.9464286
96,0.9464286
97,0.9464286
98,0.9464286
99,0.9464286
100,0.9464286
101,0.9464286
102,0.9464286
103,0.9464286
104,0.9464286
105,0.9464286
106,0.9464286
107,0.9464286
108,0.9464286
109,0.9464286
110,0.9464286
111,0.9464286
112,0.9464286
113,0.9464286
114,0.9464286
115,0.9464286
116,0.9464286
117,0.9464286
118,0.9464286
119,0.9464286
120,0.9464286
121,0.9464286
122,0.9464286
123,0.9464286
124,0.9464286
125,0.9464286
126,0.9464286
127,0.9464286
128,0.9464286
129,0.9464286
130,0.9464286
131,0.9464286
132,0.9464286
133,0.9464286
134,0.9464286
135,0.9464286
136,0.9464286
137,0.9464286
138,0.9464286
139,0.9464286
140,0.9464286
141,0.9464286
142,0.9464286
143,0.9464286
144,0.9464286
145,0.9464286
146,0.9464286
147,0.9464286
148,0.9464286
149,0.9464286
150,0.9464286
151,0.9464286
152,0.9464286
153,0.9464286
154,0.9464286
155,0.9464286
156,0.9464286
157,0.9464286
158,0.9464286
159,0.9464286
160,0.9464286
161,0.9464286
162,0.9464286
163,0.9464286
164,0.9464286
165,0.9464286
166,0.9464286
167,0.9464286
168,0.9464286
169,0.9464286
170,0.9464286
171,0.9464286
172,0.9464286
173,0.9464286
174,0.9464286
175,0.9464286
176,0.9464286
177,0.9464286
178,0.9464286
179,0.9464286
180,0.9464286
181,0.9464286
182,0.9464286
183,0.9464286
184,0.9464286
185,0.9464286
186,0.9464286
187,0.9464286
188,0.9464286
189,0.9464286
190,0.9464286
191,0.9464286
192,0.9464286
193,0.9464286
194,0.9464286
195,0.9464286
196,0.9464286
197,0.9464286
198,0.9464286
199,0.9464286
200,0.9464286
201,0.9464286
202,0.9464286
203,0.9464286
204,0.9464286
205,0.9464286
206,0.9464286
207,0.9464286
208,0.9464286
209,0.9464286
210,0.9464286
211,0.9464286
212,0.9464286
213,0.9464286
214,0.9464286
215,0.9464286
216,0.9464286
217,0.9464286
218,0.9464286
219,0.9464286
220,0.9464286
221,0.9464286
222,0.9464286
223,0.9464286
224,0.9464286
225,0.9464286
226,0.9464286
227,0.9464286
228,0.9464286
229,0.9464286
230,0.9464286
231,0.9464286
232,0.9464286
233,0.9464286
234,0.9464286
235,0.9464286
236,0.9464286
237,0.9464286
238,0.9464286
239,0.9464286
240,0.9464286
241,0.9464286
242,0.9464286
243,0.9464286
244,0.9464286
245,0.9464286
246,0.9464286
247,0.9464286
248,0.9464286
249,0.9464286
250,0.9464286
251,0.9464286
252,0.9464286
253,0.9464286
254,0.9464286
255,0.9464286
256,0.9464286
257,0.9464286
258,0.9464286
259,0.9464286
260,0.9464286
261,0.9464286
262,0.9464286
263,0.9464286
264,0.9464286
265,0.9464286
266,0.9464286
267,0.9464286
268,0.9464286
269,0.9464286
270,0.9464286
271,0.9464286
272,0.9464286
273,0.9464286
274,0.9464286
275,0.9464286
276,0.9464286
277,0.9464286
278,0.9464286
279,0.9464286
280,0.9464286
281,0.9464286
282,0.9464286
283,0.9464286
284,0.9464286
285,0.9464286
286,0.9464286
287,0.9464286
288,0.9464286
289,0.9464286
290,0.9464286
291,0.9464286
292,0.9464286
293,0.9464286
294,0.9464286
295,0.9464286
296,0.9464286
297,0.9464286
298,0.9464286
299,0.9464286
300,0.9464286
301,0.9464286
302,0.9464286
303,0.9464286
304,0.9464286
305,0.9464286
306,0.9464286
307,0.9464286
308,0.9464286
309,0.9464286
310,0.9464286
311,0.9464286
312,0.9464286
313,0.9464286
314,0.9464286
315,0.9464286
316,0.9464286
317,0.9464286
318,0.9464286
319,0.9464286
320,0.9464286
321,0.9464286
322,0.9464286
323,0.9464286
324,0.9464286
325,0.9464286
326,0.9464286
327,0.9464286
328,0.9464286
329,0.9464286
330,0.9464286
331,0.9464286
332,0.9464286
333,0.9464286
334,0.9464286
335,0.9464286
336,0.9464286
337,0.9464286
338,0.9464286
339,0.9464286
340,0.9464286
341,0.9464286
342,0.9464286
343,0.9464286
344,0.9464286
345,0.9464286
346,0.9464286
347,0.9464286
348,0.9464286
349,0.9464286
350,0.9464286
351,0.9464286
352,0.9464286
353,0.9464286
354,0.9464286
355,0.9464286
356,0.9464286
357,0.9464286
358,0.9464286
359,0.9464286
360,0.9464286
361,0.9464286
362,0.9464286
363,0.9464286
364,0.9464286
365,0.9464286
366,0.9464286
367,0.9464286
368,0.9464286
369,0.9464286
370,0.9464286
371,0.9464286
372,0.9464286
373,0.9464286
374,0.9464286
375,0.9464286
376,0.9464286
377,0.9464286
378,0.9464286
379,0.9464286
380,0.9464286
381,0.9464286
382,0.9464286
383,0.9464286
384,0.9464286
385,0.9464286
386,0.9464286
387,0.9464286
388,0.9464286
389,0.9464286
390,0.9464286
391,0.9464286
392,0.9464286
393,0.9464286
394,0.9464286
395,0.9464286
396,0.9464286
397,0.9464286
398,0.9464286
399,0.9464286
400,0.9464286
401,0.9464286
402,0.9464286
403,0.9464286
404,0.9464286
405,0.9464286
406,0.9464286
407,0.9464286
408,0.9464286
409,0.9464286
410,0.9464286
411,0.9464286
412,0.9464286
413,0.9464286
414,0.9464286
415,0.9464286
416,0.9464286
417,0.9464286
418,0.9464286
419,0.9464286
420,0.9464286
421,0.9464286
422,0.9464286
423,0.9464286
424,0.9464286
425,0.9464286
426,0.9464286
427,0.9464286
428,0.9464286
429,0.9464286
430,0.9464286
431,0.9464286
432,0.9464286
433,0.9464286
434,0.9464286
435,0.9464286
436,0.9464286
437,0.9464286
438,0.9464286
439,0.9464286
440,0.9464286
441,0.9464286
442,0.9464286
443,0.9464286
444,0.9464286
445,0.9464286
446,0.9464286
447,0.9464286
448,0.9464286
449,0.9464286
450,0.9464286
451,0.9464286
452,0.9464286
453,0.9464286
454,0.9464286
455,0.9464286
456,0.9464286
457,0.9464286
458,0.9464286
459,0.9464286
460,0.9464286
461,0.9464286
462,0.9464286
463,0.9464286
464,0.9464286
465,0.9464286
466,0.9464286
467,0.9464286
468,0.9464286
469,0.9464286
470,0.9464286
471,0.9464286
472,0.9464286
473,0.9464286
474,0.9464286
475,0.9464286
476,0.9464286
477,0.9464286
478,0.9464286
479,0.9464286
480,0.9464286
481,0.9464286
482,0.9464286
483,0.9464286
484,0.9464286
485,0.9464286
486,0.9464286
487,0.9464286
488,0.9464286
489,0.9464286
490,0.9464286
491,0.9464286
492,0.9464286
493,0.9464286
494,0.9464286
495,0.9464286
496,0.9464286
497,0.9464286
498,0.9464286
499,0.9464286
0,0.42857143
1,0.5535714
2,0.5535714
3,0.5535714
4,0.5535714
5,0.5535714
6,0.5535714
7,0.5535714
8,0.5535714
9,0.5535714
10,0.5535714
11,0.5535714
12,0.5535714
13,0.5535714
14,0.5535714
15,0.5535714
16,0.5535714
17,0.5535714
18,0.5535714
19,0.5535714
20,0.5535714
21,0.5535714
22,0.5535714
23,0.5535714
24,0.5535714
25,0.5535714
26,0.5535714
27,0.5535714
28,0.5535714
29,0.5535714
30,0.5535714
31,0.5535714
32,0.5535714
33,0.5535714
34,0.5535714
35,0.5535714
36,0.5535714
37,0.5535714
38,0.5535714
39,0.5535714
40,0.5535714
41,0.5535714
42,0.5535714
43,0.5535714
44,0.5535714
45,0.5535714
46,0.5535714
47,0.5535714
48,0.5535714
49,0.5535714
50,0.5535714
51,0.5535714
52,0.5535714
53,0.5535714
54,0.5535714
55,0.5535714
56,0.5535714
57,0.5535714
58,0.5535714
59,0.5535714
60,0.5535714
61,0.5535714
62,0.5535714
63,0.5535714
64,0.5535714
65,0.5535714
66,0.5535714
67,0.5535714
68,0.5535714
69,0.5535714
70,0.5535714
71,0.5535714
72,0.5535714
73,0.5535714
74,0.5535714
75,0.5535714
76,0.5535714
77,0.5535714
78,0.5535714
79,0.5535714
80,0.5535714
81,0.5535714
82,0.5535714
83,0.5535714
84,0.5535714
85,0.5535714
86,0.5535714
87,0.5535714
88,0.5535714
89,0.5535714
90,0.5535714
91,0.5535714
92,0.5535714
93,0.5535714
94,0.5535714
95,0.5535714
96,0.5535714
97,0.5535714
98,0.5535714
99,0.5535714
100,0.5535714
101,0.5535714
102,0.5535714
103,0.5535714
104,0.5535714
105,0.5535714
106,0.5535714
107,0.5535714
108,0.5535714
109,0.5535714
110,0.5535714
111,0.5535714
112,0.5535714
113,0.5535714
114,0.5535714
115,0.5535714
116,0.5535714
117,0.5535714
118,0.5535714
119,0.5535714
120,0.5535714
121,0.5535714
122,0.5535714
123,0.5535714
124,0.5535714
125,0.5535714
126,0.5535714
127,0.5535714
128,0.5535714
129,0.5535714
130,0.5535714
131,0.5535714
132,0.5535714
133,0.5535714
134,0.5535714
135,0.5535714
136,0.5535714
137,0.5535714
138,0.5535714
139,0.5535714
140,0.5535714
141,0.5535714
142,0.5535714
143,0.5535714
144,0.5535714
145,0.5535714
146,0.5535714
147,0.5535714
148,0.5535714
149,0.5535714
150,0.5535714
151,0.5535714
152,0.5535714
153,0.5535714
154,0.5535714
155,0.5535714
156,0.5535714
157,0.5535714
158,0.5535714
159,0.5535714
160,0.5535714
161,0.5535714
162,0.5535714
163,0.5535714
164,0.5535714
165,0.5535714
166,0.5535714
167,0.5535714
168,0.5535714
169,0.5535714
170,0.5535714
171,0.5535714
172,0.5535714
173,0.5535714
174,0.5535714
175,0.5535714
176,0.5535714
177,0.5535714
178,0.5535714
179,0.5535714
180,0.5535714
181,0.5535714
182,0.5535714
183,0.5535714
184,0.5535714
185,0.5535714
186,0.5535714
187,0.5535714
188,0.5535714
189,0.5535714
190,0.5535714
191,0.5535714
192,0.5535714
193,0.5535714
194,0.5535714
195,0.5535714
196,0.5535714
197,0.5535714
198,0.5535714
199,0.5535714
200,0.5535714
201,0.5535714
202,0.5535714
203,0.5535714
204,0.5535714
205,0.5535714
206,0.5535714
207,0.5535714
208,0.5535714
209,0.5535714
210,0.5535714
211,0.5535714
212,0.5535714
213,0.5535714
214,0.5535714
215,0.5535714
216,0.5535714
217,0.5535714
218,0.5535714
219,0.5535714
220,0.5535714
221,0.5535714
222,0.5535714
223,0.5535714
224,0.5535714
225,0.5535714
226,0.5535714
227,0.5535714
228,0.5535714
229,0.5535714
230,0.5535714
231,0.5535714
232,0.5535714
233,0.5535714
234,0.5535714
235,0.5535714
236,0.5535714
237,0.5535714
238,0.5535714
239,0.5535714
240,0.5535714
241,0.5535714
242,0.5535714
243,0.5535714
244,0.5535714
245,0.5535714
246,0.5535714
247,0.5535714
248,0.5535714
249,0.5535714
250,0.5535714
251,0.5535714
252,0.5535714
253,0.5535714
254,0.5535714
255,0.5535714
256,0.5535714
257,0.5535714
258,0.5535714
259,0.5535714
260,0.5535714
261,0.5535714
262,0.5535714
263,0.5535714
264,0.5535714
265,0.5535714
266,0.5535714
267,0.5535714
268,0.5535714
269,0.5535714
270,0.5535714
271,0.5535714
272,0.5535714
273,0.5535714
274,0.5535714
275,0.5535714
276,0.5535714
277,0.5535714
278,0.5535714
279,0.5535714
280,0.5535714
281,0.5535714
282,0.5535714
283,0.5535714
284,0.5535714
285,0.5535714
286,0.5535714
287,0.5535714
288,0.5535714
289,0.5535714
290,0.5535714
291,0.5535714
292,0.5535714
293,0.5535714
294,0.5535714
295,0.5535714
296,0.5535714
297,0.5535714
298,0.5535714
299,0.5535714
300,0.5535714
301,0.5535714
302,0.5535714
303,0.5535714
304,0.5535714
305,0.5535714
306,0.5535714
307,0.5535714
308,0.5535714
309,0.5535714
310,0.5535714
311,0.5535714
312,0.5535714
313,0.5535714
314,0.5535714
315,0.5535714
316,0.5535714
317,0.5535714
318,0.5535714
319,0.5535714
320,0.5535714
321,0.5535714
322,0.5535714
323,0.5535714
324,0.5535714
325,0.5535714
326,0.5535714
327,0.5535714
328,0.5535714
329,0.5535714
330,0.5535714
331,0.5535714
332,0.5535714
333,0.5535714
334,0.5535714
335,0.5535714
336,0.5535714
337,0.5535714
338,0.5535714
339,0.5535714
340,0.5535714
341,0.5535714
342,0.5535714
343,0.5535714
344,0.5535714
345,0.5535714
346,0.5535714
347,0.5535714
348,0.5535714
349,0.5535714
350,0.5535714
351,0.5535714
352,0.5535714
353,0.5535714
354,0.5535714
355,0.5535714
356,0.5535714
357,0.5535714
358,0.5535714
359,0.5535714
360,0.5535714
361,0.5535714
362,0.5535714
363,0.5535714
364,0.5535714
365,0.5535714
366,0.5535714
367,0.5535714
368,0.5535714
369,0.5535714
370,0.5535714
371,0.5535714
372,0.5535714
373,0.5535714
374,0.5535714
375,0.5535714
376,0.5535714
377,0.5535714
378,0.5535714
379,0.5535714
380,0.5535714
381,0.5535714
382,0.5535714
383,0.5535714
384,0.5535714
385,0.5535714
386,0.5535714
387,0.5535714
388,0.5535714
389,0.5535714
390,0.5535714
391,0.5535714
392,0.5535714
393,0.5535714
394,0.5535714
395,0.5535714
396,0.5535714
397,0.5535714
398,0.5535714
399,0.5535714
400,0.5535714
401,0.5535714
402,0.5535714
403,0.5535714
404,0.5535714
405,0.5535714
406,0.5535714
407,0.5535714
408,0.5535714
409,0.5535714
410,0.5535714
411,0.5535714
412,0.5535714
413,0.5535714
414,0.5535714
415,0.5535714
416,0.5535714
417,0.5535714
418,0.5535714
419,0.5535714
420,0.5535714
421,0.5535714
422,0.5535714
423,0.5535714
424,0.5535714
425,0.5535714
426,0.5535714
427,0.5535714
428,0.5535714
429,0.5535714
430,0.5535714
431,0.5535714
432,0.5535714
433,0.5535714
434,0.5535714
435,0.5535714
436,0.5535714
437,0.5535714
438,0.5535714
439,0.5535714
440,0.5535714
441,0.5535714
442,0.5535714
443,0.5535714
444,0.5535714
445,0.5535714
446,0.5535714
447,0.5535714
448,0.5535714
449,0.5535714
450,0.5535714
451,0.5535714
452,0.5535714
453,0.5535714
454,0.5535714
455,0.5535714
456,0.5535714
457,0.5535714
458,0.5535714
459,0.5535714
460,0.5535714
461,0.5535714
462,0.5535714
463,0.5535714
464,0.5535714
465,0.5535714
466,0.5535714
467,0.5535714
468,0.5535714
469,0.5535714
470,0.5535714
471,0.5535714
472,0.5535714
473,0.5535714
474,0.5535714
475,0.5535714
476,0.5535714
477,0.5535714
478,0.5535714
479,0.5535714
480,0.5535714
481,0.5535714
482,0.5535714
483,0.5535714
484,0.5535714
485,0.5535714
486,0.5535714
487,0.5535714
488,0.5535714
489,0.5535714
490,0.5535714
491,0.5535714
492,0.5535714
493,0.5535714
494,0.5535714
495,0.5535714
496,0.5535714
497,0.5535714
498,0.5535714
499,0.5535714
0,0.35714287
1,0.42857143
2,0.42857143
3,0.42857143
4,0.42857143
5,0.42857143
6,0.42857143
7,0.42857143
8,0.42857143
9,0.42857143
10,0.42857143
11,0.42857143
12,0.42857143
13,0.42857143
14,0.42857143
15,0.42857143
16,0.42857143
17,0.42857143
18,0.42857143
19,0.42857143
20,0.42857143
21,0.42857143
22,0.42857143
23,0.42857143
24,0.42857143
25,0.42857143
26,0.42857143
27,0.42857143
28,0.42857143
29,0.42857143
30,0.42857143
31,0.42857143
32,0.42857143
33,0.42857143
34,0.42857143
35,0.42857143
36,0.42857143
37,0.42857143
38,0.42857143
39,0.42857143
40,0.42857143
41,0.42857143
42,0.42857143
43,0.42857143
44,0.42857143
45,0.42857143
46,0.42857143
47,0.42857143
48,0.42857143
49,0.42857143
50,0.42857143
51,0.42857143
52,0.42857143
53,0.42857143
54,0.42857143
55,0.42857143
56,0.42857143
57,0.42857143
58,0.42857143
59,0.42857143
60,0.42857143
61,0.42857143
62,0.42857143
63,0.42857143
64,0.42857143
65,0.42857143
66,0.42857143
67,0.42857143
68,0.42857143
69,0.42857143
70,0.42857143
71,0.42857143
72,0.42857143
73,0.42857143
74,0.42857143
75,0.42857143
76,0.42857143
77,0.42857143
78,0.42857143
79,0.42857143
80,0.42857143
81,0.42857143
82,0.42857143
83,0.42857143
84,0.42857143
85,0.42857143
86,0.42857143
87,0.42857143
88,0.42857143
89,0.42857143
90,0.42857143
91,0.42857143
92,0.42857143
93,0.42857143
94,0.42857143
95,0.42857143
96,0.42857143
97,0.42857143
98,0.42857143
99,0.42857143
100,0.42857143
101,0.42857143
102,0.42857143
103,0.42857143
104,0.42857143
105,0.42857143
106,0.42857143
107,0.42857143
108,0.42857143
109,0.42857143
110,0.42857143
111,0.42857143
112,0.42857143
113,0.42857143
114,0.42857143
115,0.42857143
116,0.42857143
117,0.42857143
118,0.42857143
119,0.42857143
120,0.42857143
121,0.42857143
122,0.42857143
123,0.42857143
124,0.42857143
125,0.42857143
126,0.42857143
127,0.42857143
128,0.42857143
129,0.42857143
130,0.42857143
131,0.42857143
132,0.42857143
133,0.42857143
134,0.42857143
135,0.42857143
136,0.42857143
137,0.42857143
138,0.42857143
139,0.42857143
140,0.42857143
141,0.42857143
142,0.42857143
143,0.42857143
144,0.42857143
145,0.42857143
146,0.42857143
147,0.42857143
148,0.42857143
149,0.42857143
150,0.42857143
151,0.42857143
152,0.42857143
153,0.42857143
154,0.42857143
155,0.42857143
156,0.42857143
157,0.42857143
158,0.42857143
159,0.42857143
160,0.42857143
161,0.42857143
162,0.42857143
163,0.42857143
164,0.42857143
165,0.42857143
166,0.42857143
167,0.42857143
168,0.42857143
169,0.42857143
170,0.42857143
171,0.42857143
172,0.42857143
173,0.42857143
174,0.42857143
175,0.42857143
176,0.42857143
177,0.42857143
178,0.42857143
179,0.42857143
180,0.42857143
181,0.42857143
182,0.42857143
183,0.42857143
184,0.42857143
185,0.42857143
186,0.42857143
187,0.42857143
188,0.42857143
189,0.42857143
190,0.42857143
191,0.42857143
192,0.42857143
193,0.42857143
194,0.42857143
195,0.42857143
196,0.42857143
197,0.42857143
198,0.42857143
199,0.42857143
200,0.42857143
201,0.42857143
202,0.42857143
203,0.42857143
204,0.42857143
205,0.42857143
206,0.42857143
207,0.42857143
208,0.42857143
209,0.42857143
210,0.42857143
211,0.42857143
212,0.42857143
213,0.42857143
214,0.42857143
215,0.42857143
216,0.42857143
217,0.42857143
218,0.42857143
219,0.42857143
220,0.42857143
221,0.42857143
222,0.42857143
223,0.42857143
224,0.42857143
225,0.42857143
226,0.42857143
227,0.42857143
228,0.42857143
229,0.42857143
230,0.42857143
231,0.42857143
232,0.42857143
233,0.42857143
234,0.42857143
235,0.42857143
236,0.42857143
237,0.42857143
238,0.42857143
239,0.42857143
240,0.42857143
241,0.42857143
242,0.42857143
243,0.42857143
244,0.42857143
245,0.42857143
246,0.42857143
247,0.42857143
248,0.42857143
249,0.42857143
250,0.42857143
251,0.42857143
252,0.42857143
253,0.42857143
254,0.42857143
255,0.42857143
256,0.42857143
257,0.42857143
258,0.42857143
259,0.42857143
260,0.42857143
261,0.42857143
262,0.42857143
263,0.42857143
264,0.42857143
265,0.42857143
266,0.42857143
267,0.42857143
268,0.42857143
269,0.42857143
270,0.42857143
271,0.42857143
272,0.42857143
273,0.42857143
274,0.42857143
275,0.42857143
276,0.42857143
277,0.42857143
278,0.42857143
279,0.42857143
280,0.42857143
281,0.42857143
282,0.42857143
283,0.42857143
284,0.42857143
285,0.42857143
286,0.42857143
287,0.42857143
288,0.42857143
289,0.42857143
290,0.42857143
291,0.42857143
292,0.42857143
293,0.42857143
294,0.42857143
295,0.42857143
296,0.42857143
297,0.42857143
298,0.42857143
299,0.42857143
300,0.42857143
301,0.42857143
302,0.42857143
303,0.42857143
304,0.42857143
305,0.42857143
306,0.42857143
307,0.42857143
308,0.42857143
309,0.42857143
310,0.42857143
311,0.42857143
312,0.42857143
313,0.42857143
314,0.42857143
315,0.42857143
316,0.42857143
317,0.42857143
318,0.42857143
319,0.42857143
320,0.42857143
321,0.42857143
322,0.42857143
323,0.42857143
324,0.42857143
325,0.42857143
326,0.42857143
327,0.42857143
328,0.42857143
329,0.42857143
330,0.42857143
331,0.42857143
332,0.42857143
333,0.42857143
334,0.42857143
335,0.42857143
336,0.42857143
337,0.42857143
338,0.42857143
339,0.42857143
340,0.42857143
341,0.42857143
342,0.42857143
343,0.42857143
344,0.42857143
345,0.42857143
346,0.42857143
347,0.42857143
348,0.42857143
349,0.42857143
350,0.42857143
351,0.42857143
352,0.42857143
353,0.42857143
354,0.42857143
355,0.42857143
356,0.42857143
357,0.42857143
358,0.42857143
359,0.42857143
360,0.42857143
361,0.42857143
362,0.42857143
363,0.42857143
364,0.42857143
365,0.42857143
366,0.42857143
367,0.42857143
368,0.42857143
369,0.42857143
370,0.42857143
371,0.42857143
372,0.42857143
373,0.42857143
374,0.42857143
375,0.42857143
376,0.42857143
377,0.42857143
378,0.42857143
379,0.42857143
380,0.42857143
381,0.42857143
382,0.42857143
383,0.42857143
384,0.42857143
385,0.42857143
386,0.42857143
387,0.42857143
388,0.42857143
389,0.42857143
390,0.42857143
391,0.42857143
392,0.42857143
393,0.42857143
394,0.42857143
395,0.42857143
396,0.42857143
397,0.42857143
398,0.42857143
399,0.42857143
400,0.42857143
401,0.42857143
402,0.42857143
403,0.42857143
404,0.42857143
405,0.42857143
406,0.42857143
407,0.42857143
408,0.42857143
409,0.42857143
410,0.42857143
411,0.42857143
412,0.42857143
413,0.42857143
414,0.42857143
415,0.42857143
416,0.42857143
417,0.42857143
418,0.42857143
419,0.42857143
420,0.42857143
421,0.42857143
422,0.42857143
423,0.42857143
424,0.42857143
425,0.42857143
426,0.42857143
427,0.42857143
428,0.42857143
429,0.42857143
430,0.42857143
431,0.42857143
432,0.42857143
433,0.42857143
434,0.42857143
435,0.42857143
436,0.42857143
437,0.42857143
438,0.42857143
439,0.42857143
440,0.42857143
441,0.42857143
442,0.42857143
443,0.42857143
444,0.42857143
445,0.42857143
446,0.42857143
447,0.42857143
448,0.42857143
449,0.42857143
450,0.42857143
451,0.42857143
452,0.42857143
453,0.42857143
454,0.42857143
455,0.42857143
456,0.42857143
457,0.42857143
458,0.42857143
459,0.42857143
460,0.42857143
461,0.42857143
462,0.42857143
463,0.42857143
464,0.42857143
465,0.42857143
466,0.42857143
467,0.42857143
468,0.42857143
469,0.42857143
470,0.42857143
471,0.42857143
472,0.42857143
473,0.42857143
474,0.42857143
475,0.42857143
476,0.42857143
477,0.42857143
478,0.42857143
479,0.42857143
480,0.42857143
481,0.42857143
482,0.42857143
483,0.42857143
484,0.42857143
485,0.42857143
486,0.42857143
487,0.42857143
488,0.42857143
489,0.42857143
490,0.42857143
491,0.42857143
492,0.42857143
493,0.42857143
494,0.42857143
495,0.42857143
496,0.42857143
497,0.42857143
498,0.42857143
499,0.42857143
