0,0.8333333
1,0.875
2,0.45833334
3,0.0
4,0.0
5,0.0
6,0.0
7,0.0
8,0.0
9,0.0
10,0.0
11,0.0
12,0.0
13,0.0
14,0.0
15,0.0
16,0.0
17,0.0
18,0.0
19,0.0
20,0.0
21,0.0
22,0.0
23,0.0
24,0.0
25,0.0
26,0.0
27,0.0
28,0.0
29,0.0
30,0.0
31,0.0
32,0.0
33,0.0
34,0.0
35,0.0
36,0.0
37,0.0
38,0.0
39,0.0
40,0.0
41,0.0
42,0.0
43,0.0
44,0.0
45,0.0
46,0.0
47,0.0
48,0.0
49,0.0
50,0.0
51,0.0
52,0.0
53,0.0
54,0.0
55,0.0
56,0.0
57,0.0
58,0.0
59,0.0
60,0.0
61,0.0
62,0.0
63,0.0
64,0.0
65,0.0
66,0.0
67,0.0
68,0.0
69,0.0
70,0.0
71,0.0
72,0.0
73,0.0
74,0.0
75,0.0
76,0.0
77,0.0
78,0.0
79,0.0
80,0.0
81,0.0
82,0.0
83,0.0
84,0.0
85,0.0
86,0.0
87,0.0
88,0.0
89,0.0
90,0.0
91,0.0
92,0.0
93,0.0
94,0.0
95,0.0
96,0.0
97,0.0
98,0.0
99,0.0
100,0.0
101,0.0
102,0.0
103,0.0
104,0.0
105,0.0
106,0.0
107,0.0
108,0.0
109,0.0
110,0.0
111,0.0
112,0.0
113,0.0
114,0.0
115,0.0
116,0.0
117,0.0
118,0.0
119,0.0
120,0.0
121,0.0
122,0.0
123,0.0
124,0.0
125,0.0
126,0.0
127,0.0
128,0.0
129,0.0
130,0.0
131,0.0
132,0.0
133,0.0
134,0.0
135,0.0
136,0.0
137,0.0
138,0.0
139,0.0
140,0.0
141,0.0
142,0.0
143,0.0
144,0.0
145,0.0
146,0.0
147,0.0
148,0.0
149,0.0
150,0.0
151,0.0
152,0.0
153,0.0
154,0.0
155,0.0
156,0.0
157,0.0
158,0.0
159,0.0
160,0.0
161,0.0
162,0.0
163,0.0
164,0.0
165,0.0
166,0.0
167,0.0
168,0.0
169,0.0
170,0.0
171,0.0
172,0.0
173,0.0
174,0.0
175,0.0
176,0.0
177,0.0
178,0.0
179,0.0
180,0.0
181,0.0
182,0.0
183,0.0
184,0.0
185,0.0
186,0.0
187,0.0
188,0.0
189,0.0
190,0.0
191,0.0
192,0.0
193,0.0
194,0.0
195,0.0
196,0.0
197,0.0
198,0.0
199,0.0
200,0.0
201,0.0
202,0.0
203,0.0
204,0.0
205,0.0
206,0.0
207,0.0
208,0.0
209,0.0
210,0.0
211,0.0
212,0.0
213,0.0
214,0.0
215,0.0
216,0.0
217,0.0
218,0.0
219,0.0
220,0.0
221,0.0
222,0.0
223,0.0
224,0.0
225,0.0
226,0.0
227,0.0
228,0.0
229,0.0
230,0.0
231,0.0
232,0.0
233,0.0
234,0.0
235,0.0
236,0.0
237,0.0
238,0.0
239,0.0
240,0.0
241,0.0
242,0.0
243,0.0
244,0.0
245,0.0
246,0.0
247,0.0
248,0.0
249,0.0
250,0.0
251,0.0
252,0.0
253,0.0
254,0.0
255,0.0
256,0.0
257,0.0
258,0.0
259,0.0
260,0.0
261,0.0
262,0.0
263,0.0
264,0.0
265,0.0
266,0.0
267,0.0
268,0.0
269,0.0
270,0.0
271,0.0
272,0.0
273,0.0
274,0.0
275,0.0
276,0.0
277,0.0
278,0.0
279,0.0
280,0.0
281,0.0
282,0.0
283,0.0
284,0.0
285,0.0
286,0.0
287,0.0
288,0.0
289,0.0
290,0.0
291,0.0
292,0.0
293,0.0
294,0.0
295,0.0
296,0.0
297,0.0
298,0.0
299,0.0
300,0.0
301,0.0
302,0.0
303,0.0
304,0.0
305,0.0
306,0.0
307,0.0
308,0.0
309,0.0
310,0.0
311,0.0
312,0.0
313,0.0
314,0.0
315,0.0
316,0.0
317,0.0
318,0.0
319,0.0
320,0.0
321,0.0
322,0.0
323,0.0
324,0.0
325,0.0
326,0.0
327,0.0
328,0.0
329,0.0
330,0.0
331,0.0
332,0.0
333,0.0
334,0.0
335,0.0
336,0.0
337,0.0
338,0.0
339,0.0
340,0.0
341,0.0
342,0.0
343,0.0
344,0.0
345,0.0
346,0.0
347,0.0
348,0.0
349,0.0
350,0.0
351,0.0
352,0.0
353,0.0
354,0.0
355,0.0
356,0.0
357,0.0
358,0.0
359,0.0
360,0.0
361,0.0
362,0.0
363,0.0
364,0.0
365,0.0
366,0.0
367,0.0
368,0.0
369,0.0
370,0.0
371,0.0
372,0.0
373,0.0
374,0.0
375,0.0
376,0.0
377,0.0
378,0.0
379,0.0
380,0.0
381,0.0
382,0.0
383,0.0
384,0.0
385,0.0
386,0.0
387,0.0
388,0.0
389,0.0
390,0.0
391,0.0
392,0.0
393,0.0
394,0.0
395,0.0
396,0.0
397,0.0
398,0.0
399,0.0
400,0.0
401,0.0
402,0.0
403,0.0
404,0.0
405,0.0
406,0.0
407,0.0
408,0.0
409,0.0
410,0.0
411,0.0
412,0.0
413,0.0
414,0.0
415,0.0
416,0.0
417,0.0
418,0.0
419,0.0
420,0.0
421,0.0
422,0.0
423,0.0
424,0.0
425,0.0
426,0.0
427,0.0
428,0.0
429,0.0
430,0.0
431,0.0
432,0.0
433,0.0
434,0.0
435,0.0
436,0.0
437,0.0
438,0.0
439,0.0
440,0.0
441,0.0
442,0.0
443,0.0
444,0.0
445,0.0
446,0.0
447,0.0
448,0.0
449,0.0
450,0.0
451,0.0
452,0.0
453,0.0
454,0.0
455,0.0
456,0.0
457,0.0
458,0.0
459,0.0
460,0.0
461,0.0
462,0.0
463,0.0
464,0.0
465,0.0
466,0.0
467,0.0
468,0.0
469,0.0
470,0.0
471,0.0
472,0.0
473,0.0
474,0.0
475,0.0
476,0.0
477,0.0
478,0.0
479,0.0
480,0.0
481,0.0
482,0.0
483,0.0
484,0.0
485,0.0
486,0.0
487,0.0
488,0.0
489,0.0
490,0.0
491,0.0
492,0.0
493,0.0
494,0.0
495,0.0
496,0.0
497,0.0
498,0.0
499,0.0
0,0.375
1,0.375
2,0.33333334
3,0.125
4,0.33333334
5,0.125
6,0.33333334
7,0.125
8,0.083333336
9,0.25
10,0.125
11,0.083333336
12,0.25
13,0.125
14,0.083333336
15,0.25
16,0.16666667
17,0.125
18,0.25
19,0.125
20,0.083333336
21,0.25
22,0.125
23,0.083333336
24,0.25
25,0.125
26,0.083333336
27,0.25
28,0.125
29,0.083333336
30,0.25
31,0.125
32,0.083333336
33,0.25
34,0.125
35,0.083333336
36,0.25
37,0.125
38,0.25
39,0.125
40,0.083333336
41,0.16666667
42,0.125
43,0.083333336
44,0.16666667
45,0.125
46,0.25
47,0.125
48,0.083333336
49,0.16666667
50,0.125
51,0.083333336
52,0.16666667
53,0.125
54,0.25
55,0.125
56,0.083333336
57,0.16666667
58,0.125
59,0.083333336
60,0.16666667
61,0.125
62,0.25
63,0.125
64,0.083333336
65,0.16666667
66,0.125
67,0.25
68,0.125
69,0.083333336
70,0.16666667
71,0.125
72,0.083333336
73,0.16666667
74,0.125
75,0.083333336
76,0.16666667
77,0.125
78,0.083333336
79,0.16666667
80,0.125
81,0.083333336
82,0.16666667
83,0.125
84,0.083333336
85,0.16666667
86,0.125
87,0.083333336
88,0.16666667
89,0.125
90,0.083333336
91,0.16666667
92,0.125
93,0.083333336
94,0.16666667
95,0.125
96,0.083333336
97,0.16666667
98,0.125
99,0.083333336
100,0.16666667
101,0.125
102,0.083333336
103,0.16666667
104,0.125
105,0.083333336
106,0.16666667
107,0.125
108,0.083333336
109,0.16666667
110,0.125
111,0.083333336
112,0.16666667
113,0.125
114,0.083333336
115,0.16666667
116,0.125
117,0.083333336
118,0.16666667
119,0.125
120,0.083333336
121,0.16666667
122,0.125
123,0.083333336
124,0.16666667
125,0.125
126,0.083333336
127,0.16666667
128,0.125
129,0.083333336
130,0.16666667
131,0.125
132,0.083333336
133,0.16666667
134,0.125
135,0.083333336
136,0.16666667
137,0.125
138,0.083333336
139,0.16666667
140,0.125
141,0.083333336
142,0.083333336
143,0.16666667
144,0.125
145,0.083333336
146,0.16666667
147,0.125
148,0.083333336
149,0.16666667
150,0.125
151,0.083333336
152,0.125
153,0.083333336
154,0.083333336
155,0.16666667
156,0.125
157,0.083333336
158,0.083333336
159,0.125
160,0.083333336
161,0.083333336
162,0.16666667
163,0.125
164,0.083333336
165,0.125
166,0.083333336
167,0.083333336
168,0.16666667
169,0.125
170,0.083333336
171,0.125
172,0.083333336
173,0.083333336
174,0.16666667
175,0.125
176,0.083333336
177,0.125
178,0.083333336
179,0.083333336
180,0.16666667
181,0.125
182,0.083333336
183,0.083333336
184,0.16666667
185,0.083333336
186,0.125
187,0.083333336
188,0.125
189,0.083333336
190,0.083333336
191,0.16666667
192,0.083333336
193,0.125
194,0.083333336
195,0.125
196,0.083333336
197,0.083333336
198,0.16666667
199,0.125
200,0.083333336
201,0.125
202,0.083333336
203,0.083333336
204,0.16666667
205,0.083333336
206,0.125
207,0.083333336
208,0.125
209,0.0
210,0.0
211,0.0
212,0.0
213,0.0
214,0.0
215,0.0
216,0.0
217,0.0
218,0.0
219,0.0
220,0.0
221,0.0
222,0.0
223,0.0
224,0.0
225,0.0
226,0.0
227,0.0
228,0.0
229,0.0
230,0.0
231,0.0
232,0.0
233,0.0
234,0.0
235,0.0
236,0.0
237,0.0
238,0.0
239,0.0
240,0.0
241,0.0
242,0.0
243,0.0
244,0.0
245,0.0
246,0.0
247,0.0
248,0.0
249,0.0
250,0.0
251,0.0
252,0.0
253,0.0
254,0.0
255,0.0
256,0.0
257,0.0
258,0.0
259,0.0
260,0.0
261,0.0
262,0.0
263,0.0
264,0.0
265,0.0
266,0.0
267,0.0
268,0.0
269,0.0
270,0.0
271,0.0
272,0.0
273,0.0
274,0.0
275,0.0
276,0.0
277,0.0
278,0.0
279,0.0
280,0.0
281,0.0
282,0.0
283,0.0
284,0.0
285,0.0
286,0.0
287,0.0
288,0.0
289,0.0
290,0.0
291,0.0
292,0.0
293,0.0
294,0.0
295,0.0
296,0.0
297,0.0
298,0.0
299,0.0
300,0.0
301,0.0
302,0.0
303,0.0
304,0.0
305,0.0
306,0.0
307,0.0
308,0.0
309,0.0
310,0.0
311,0.0
312,0.0
313,0.0
314,0.0
315,0.0
316,0.0
317,0.0
318,0.0
319,0.0
320,0.0
321,0.0
322,0.0
323,0.0
324,0.0
325,0.0
326,0.0
327,0.0
328,0.0
329,0.0
330,0.0
331,0.0
332,0.0
333,0.0
334,0.0
335,0.0
336,0.0
337,0.0
338,0.0
339,0.0
340,0.0
341,0.0
342,0.0
343,0.0
344,0.0
345,0.0
346,0.0
347,0.0
348,0.0
349,0.0
350,0.0
351,0.0
352,0.0
353,0.0
354,0.0
355,0.0
356,0.0
357,0.0
358,0.0
359,0.0
360,0.0
361,0.0
362,0.0
363,0.0
364,0.0
365,0.0
366,0.0
367,0.0
368,0.0
369,0.0
370,0.0
371,0.0
372,0.0
373,0.0
374,0.0
375,0.0
376,0.0
377,0.0
378,0.0
379,0.0
380,0.0
381,0.0
382,0.0
383,0.0
384,0.0
385,0.0
386,0.0
387,0.0
388,0.0
389,0.0
390,0.0
391,0.0
392,0.0
393,0.0
394,0.0
395,0.0
396,0.0
397,0.0
398,0.0
399,0.0
400,0.0
401,0.0
402,0.0
403,0.0
404,0.0
405,0.0
406,0.0
407,0.0
408,0.0
409,0.0
410,0.0
411,0.0
412,0.0
413,0.0
414,0.0
415,0.0
416,0.0
417,0.0
418,0.0
419,0.0
420,0.0
421,0.0
422,0.0
423,0.0
424,0.0
425,0.0
426,0.0
427,0.0
428,0.0
429,0.0
430,0.0
431,0.0
432,0.0
433,0.0
434,0.0
435,0.0
436,0.0
437,0.0
438,0.0
439,0.0
440,0.0
441,0.0
442,0.0
443,0.0
444,0.0
445,0.0
446,0.0
447,0.0
448,0.0
449,0.0
450,0.0
451,0.0
452,0.0
453,0.0
454,0.0
455,0.0
456,0.0
457,0.0
458,0.0
459,0.0
460,0.0
461,0.0
462,0.0
463,0.0
464,0.0
465,0.0
466,0.0
467,0.0
468,0.0
469,0.0
470,0.0
471,0.0
472,0.0
473,0.0
474,0.0
475,0.0
476,0.0
477,0.0
478,0.0
479,0.0
480,0.0
481,0.0
482,0.0
483,0.0
484,0.0
485,0.0
486,0.0
487,0.0
488,0.0
489,0.0
490,0.0
491,0.0
492,0.0
493,0.0
494,0.0
495,0.0
496,0.0
497,0.0
498,0.0
499,0.0
0,0.16666667
1,0.083333336
2,0.20833333
3,0.083333336
4,0.20833333
5,0.083333336
6,0.20833333
7,0.083333336
8,0.20833333
9,0.083333336
10,0.083333336
11,0.125
12,0.083333336
13,0.083333336
14,0.20833333
15,0.083333336
16,0.20833333
17,0.083333336
18,0.20833333
19,0.083333336
20,0.083333336
21,0.125
22,0.083333336
23,0.083333336
24,0.20833333
25,0.083333336
26,0.20833333
27,0.083333336
28,0.083333336
29,0.083333336
30,0.125
31,0.083333336
32,0.083333336
33,0.20833333
34,0.083333336
35,0.16666667
36,0.125
37,0.083333336
38,0.16666667
39,0.125
40,0.083333336
41,0.16666667
42,0.125
43,0.083333336
44,0.16666667
45,0.125
46,0.083333336
47,0.16666667
48,0.125
49,0.083333336
50,0.16666667
51,0.125
52,0.083333336
53,0.16666667
54,0.125
55,0.083333336
56,0.16666667
57,0.125
58,0.083333336
59,0.16666667
60,0.125
61,0.083333336
62,0.16666667
63,0.125
64,0.083333336
65,0.16666667
66,0.125
67,0.083333336
68,0.16666667
69,0.125
70,0.083333336
71,0.16666667
72,0.125
73,0.083333336
74,0.16666667
75,0.125
76,0.083333336
77,0.16666667
78,0.125
79,0.083333336
80,0.16666667
81,0.125
82,0.083333336
83,0.16666667
84,0.125
85,0.083333336
86,0.16666667
87,0.125
88,0.083333336
89,0.16666667
90,0.125
91,0.083333336
92,0.16666667
93,0.125
94,0.083333336
95,0.16666667
96,0.125
97,0.083333336
98,0.16666667
99,0.125
100,0.083333336
101,0.16666667
102,0.125
103,0.083333336
104,0.16666667
105,0.125
106,0.083333336
107,0.16666667
108,0.125
109,0.083333336
110,0.16666667
111,0.125
112,0.083333336
113,0.16666667
114,0.125
115,0.083333336
116,0.16666667
117,0.125
118,0.083333336
119,0.16666667
120,0.125
121,0.083333336
122,0.16666667
123,0.125
124,0.083333336
125,0.16666667
126,0.125
127,0.083333336
128,0.16666667
129,0.125
130,0.083333336
131,0.16666667
132,0.125
133,0.083333336
134,0.083333336
135,0.083333336
136,0.083333336
137,0.083333336
138,0.16666667
139,0.125
140,0.083333336
141,0.083333336
142,0.083333336
143,0.083333336
144,0.16666667
145,0.125
146,0.083333336
147,0.083333336
148,0.083333336
149,0.083333336
150,0.16666667
151,0.125
152,0.083333336
153,0.083333336
154,0.083333336
155,0.083333336
156,0.083333336
157,0.16666667
158,0.125
159,0.083333336
160,0.083333336
161,0.083333336
162,0.083333336
163,0.16666667
164,0.125
165,0.083333336
166,0.083333336
167,0.083333336
168,0.083333336
169,0.16666667
170,0.125
171,0.083333336
172,0.083333336
173,0.083333336
174,0.083333336
175,0.083333336
176,0.16666667
177,0.125
178,0.083333336
179,0.083333336
180,0.083333336
181,0.083333336
182,0.16666667
183,0.125
184,0.083333336
185,0.083333336
186,0.083333336
187,0.083333336
188,0.16666667
189,0.125
190,0.083333336
191,0.083333336
192,0.083333336
193,0.083333336
194,0.083333336
195,0.16666667
196,0.125
197,0.083333336
198,0.083333336
199,0.083333336
200,0.083333336
201,0.16666667
202,0.125
203,0.083333336
204,0.083333336
205,0.083333336
206,0.083333336
207,0.083333336
208,0.125
209,0.083333336
210,0.083333336
211,0.083333336
212,0.083333336
213,0.083333336
214,0.083333336
215,0.16666667
216,0.125
217,0.083333336
218,0.083333336
219,0.083333336
220,0.083333336
221,0.083333336
222,0.125
223,0.083333336
224,0.083333336
225,0.083333336
226,0.083333336
227,0.083333336
228,0.083333336
229,0.125
230,0.083333336
231,0.083333336
232,0.083333336
233,0.083333336
234,0.083333336
235,0.083333336
236,0.125
237,0.083333336
238,0.083333336
239,0.083333336
240,0.083333336
241,0.083333336
242,0.083333336
243,0.083333336
244,0.125
245,0.083333336
246,0.083333336
247,0.083333336
248,0.083333336
249,0.083333336
250,0.083333336
251,0.125
252,0.083333336
253,0.083333336
254,0.083333336
255,0.083333336
256,0.083333336
257,0.083333336
258,0.083333336
259,0.125
260,0.083333336
261,0.083333336
262,0.083333336
263,0.083333336
264,0.083333336
265,0.083333336
266,0.125
267,0.083333336
268,0.083333336
269,0.083333336
270,0.083333336
271,0.083333336
272,0.083333336
273,0.083333336
274,0.125
275,0.083333336
276,0.083333336
277,0.083333336
278,0.083333336
279,0.083333336
280,0.083333336
281,0.125
282,0.083333336
283,0.083333336
284,0.083333336
285,0.083333336
286,0.083333336
287,0.083333336
288,0.083333336
289,0.125
290,0.083333336
291,0.083333336
292,0.083333336
293,0.083333336
294,0.083333336
295,0.083333336
296,0.125
297,0.083333336
298,0.083333336
299,0.083333336
300,0.083333336
301,0.083333336
302,0.083333336
303,0.083333336
304,0.125
305,0.083333336
306,0.083333336
307,0.083333336
308,0.083333336
309,0.083333336
310,0.083333336
311,0.125
312,0.083333336
313,0.083333336
314,0.083333336
315,0.083333336
316,0.083333336
317,0.083333336
318,0.083333336
319,0.125
320,0.083333336
321,0.083333336
322,0.083333336
323,0.083333336
324,0.083333336
325,0.083333336
326,0.125
327,0.083333336
328,0.083333336
329,0.083333336
330,0.083333336
331,0.083333336
332,0.083333336
333,0.083333336
334,0.125
335,0.083333336
336,0.083333336
337,0.083333336
338,0.083333336
339,0.083333336
340,0.083333336
341,0.125
342,0.083333336
343,0.083333336
344,0.083333336
345,0.083333336
346,0.083333336
347,0.083333336
348,0.125
349,0.083333336
350,0.083333336
351,0.083333336
352,0.083333336
353,0.083333336
354,0.083333336
355,0.083333336
356,0.125
357,0.083333336
358,0.083333336
359,0.083333336
360,0.083333336
361,0.083333336
362,0.083333336
363,0.083333336
364,0.125
365,0.083333336
366,0.083333336
367,0.083333336
368,0.083333336
369,0.083333336
370,0.083333336
371,0.083333336
372,0.125
373,0.083333336
374,0.083333336
375,0.083333336
376,0.083333336
377,0.083333336
378,0.125
379,0.083333336
380,0.083333336
381,0.083333336
382,0.083333336
383,0.125
384,0.083333336
385,0.083333336
386,0.083333336
387,0.083333336
388,0.083333336
389,0.083333336
390,0.083333336
391,0.125
392,0.083333336
393,0.083333336
394,0.083333336
395,0.083333336
396,0.083333336
397,0.083333336
398,0.083333336
399,0.125
400,0.083333336
401,0.083333336
402,0.083333336
403,0.083333336
404,0.083333336
405,0.125
406,0.083333336
407,0.083333336
408,0.083333336
409,0.083333336
410,0.083333336
411,0.125
412,0.083333336
413,0.083333336
414,0.083333336
415,0.083333336
416,0.125
417,0.083333336
418,0.083333336
419,0.083333336
420,0.083333336
421,0.083333336
422,0.083333336
423,0.083333336
424,0.083333336
425,0.125
426,0.083333336
427,0.083333336
428,0.083333336
429,0.083333336
430,0.083333336
431,0.083333336
432,0.083333336
433,0.125
434,0.083333336
435,0.083333336
436,0.083333336
437,0.083333336
438,0.083333336
439,0.125
440,0.083333336
441,0.083333336
442,0.083333336
443,0.083333336
444,0.083333336
445,0.083333336
446,0.083333336
447,0.083333336
448,0.125
449,0.083333336
450,0.083333336
451,0.083333336
452,0.083333336
453,0.083333336
454,0.083333336
455,0.083333336
456,0.125
457,0.083333336
458,0.083333336
459,0.083333336
460,0.083333336
461,0.083333336
462,0.083333336
463,0.125
464,0.083333336
465,0.083333336
466,0.083333336
467,0.083333336
468,0.083333336
469,0.083333336
470,0.083333336
471,0.125
472,0.083333336
473,0.083333336
474,0.083333336
475,0.083333336
476,0.083333336
477,0.083333336
478,0.083333336
479,0.125
480,0.083333336
481,0.083333336
482,0.083333336
483,0.083333336
484,0.083333336
485,0.083333336
486,0.125
487,0.083333336
488,0.083333336
489,0.083333336
490,0.083333336
491,0.083333336
492,0.083333336
493,0.083333336
494,0.125
495,0.083333336
496,0.083333336
497,0.083333336
498,0.083333336
499,0.083333336
0,0.20833333
1,0.16666667
2,0.125
3,0.083333336
4,0.16666667
5,0.125
6,0.083333336
7,0.083333336
8,0.16666667
9,0.125
10,0.16666667
11,0.125
12,0.083333336
13,0.16666667
14,0.125
15,0.083333336
16,0.083333336
17,0.16666667
18,0.125
19,0.16666667
20,0.125
21,0.083333336
22,0.16666667
23,0.125
24,0.083333336
25,0.083333336
26,0.125
27,0.083333336
28,0.083333336
29,0.16666667
30,0.125
31,0.083333336
32,0.16666667
33,0.125
34,0.083333336
35,0.16666667
36,0.125
37,0.083333336
38,0.125
39,0.083333336
40,0.083333336
41,0.16666667
42,0.125
43,0.083333336
44,0.083333336
45,0.125
46,0.083333336
47,0.083333336
48,0.16666667
49,0.125
50,0.083333336
51,0.083333336
52,0.125
53,0.083333336
54,0.083333336
55,0.16666667
56,0.125
57,0.083333336
58,0.083333336
59,0.125
60,0.083333336
61,0.083333336
62,0.16666667
63,0.125
64,0.083333336
65,0.083333336
66,0.125
67,0.083333336
68,0.083333336
69,0.16666667
70,0.125
71,0.083333336
72,0.083333336
73,0.125
74,0.083333336
75,0.083333336
76,0.16666667
77,0.125
78,0.083333336
79,0.083333336
80,0.125
81,0.083333336
82,0.083333336
83,0.083333336
84,0.083333336
85,0.083333336
86,0.125
87,0.083333336
88,0.083333336
89,0.083333336
90,0.083333336
91,0.125
92,0.083333336
93,0.083333336
94,0.083333336
95,0.125
96,0.083333336
97,0.083333336
98,0.083333336
99,0.125
100,0.083333336
101,0.083333336
102,0.083333336
103,0.083333336
104,0.083333336
105,0.125
106,0.083333336
107,0.083333336
108,0.083333336
109,0.083333336
110,0.083333336
111,0.125
112,0.083333336
113,0.083333336
114,0.083333336
115,0.083333336
116,0.125
117,0.083333336
118,0.083333336
119,0.083333336
120,0.083333336
121,0.083333336
122,0.125
123,0.083333336
124,0.083333336
125,0.083333336
126,0.083333336
127,0.083333336
128,0.125
129,0.083333336
130,0.083333336
131,0.083333336
132,0.083333336
133,0.083333336
134,0.125
135,0.083333336
136,0.083333336
137,0.083333336
138,0.083333336
139,0.083333336
140,0.125
141,0.083333336
142,0.083333336
143,0.083333336
144,0.083333336
145,0.125
146,0.083333336
147,0.083333336
148,0.083333336
149,0.083333336
150,0.083333336
151,0.125
152,0.083333336
153,0.083333336
154,0.083333336
155,0.083333336
156,0.083333336
157,0.125
158,0.083333336
159,0.083333336
160,0.083333336
161,0.083333336
162,0.083333336
163,0.125
164,0.083333336
165,0.083333336
166,0.083333336
167,0.083333336
168,0.125
169,0.083333336
170,0.083333336
171,0.083333336
172,0.083333336
173,0.083333336
174,0.125
175,0.083333336
176,0.083333336
177,0.083333336
178,0.083333336
179,0.083333336
180,0.125
181,0.083333336
182,0.083333336
183,0.083333336
184,0.083333336
185,0.083333336
186,0.125
187,0.083333336
188,0.083333336
189,0.083333336
190,0.083333336
191,0.083333336
192,0.125
193,0.083333336
194,0.083333336
195,0.083333336
196,0.083333336
197,0.125
198,0.083333336
199,0.083333336
200,0.083333336
201,0.083333336
202,0.083333336
203,0.125
204,0.083333336
205,0.083333336
206,0.083333336
207,0.083333336
208,0.083333336
209,0.125
210,0.083333336
211,0.083333336
212,0.083333336
213,0.083333336
214,0.083333336
215,0.125
216,0.083333336
217,0.083333336
218,0.083333336
219,0.083333336
220,0.083333336
221,0.125
222,0.083333336
223,0.083333336
224,0.083333336
225,0.083333336
226,0.125
227,0.083333336
228,0.083333336
229,0.083333336
230,0.083333336
231,0.083333336
232,0.125
233,0.083333336
234,0.083333336
235,0.083333336
236,0.083333336
237,0.083333336
238,0.125
239,0.083333336
240,0.083333336
241,0.083333336
242,0.083333336
243,0.083333336
244,0.125
245,0.083333336
246,0.083333336
247,0.083333336
248,0.083333336
249,0.083333336
250,0.125
251,0.083333336
252,0.083333336
253,0.083333336
254,0.083333336
255,0.083333336
256,0.125
257,0.083333336
258,0.083333336
259,0.083333336
260,0.083333336
261,0.083333336
262,0.083333336
263,0.125
264,0.083333336
265,0.083333336
266,0.083333336
267,0.083333336
268,0.083333336
269,0.125
270,0.083333336
271,0.083333336
272,0.083333336
273,0.083333336
274,0.083333336
275,0.083333336
276,0.125
277,0.083333336
278,0.083333336
279,0.083333336
280,0.083333336
281,0.083333336
282,0.125
283,0.083333336
284,0.083333336
285,0.083333336
286,0.083333336
287,0.083333336
288,0.125
289,0.083333336
290,0.083333336
291,0.083333336
292,0.083333336
293,0.083333336
294,0.083333336
295,0.125
296,0.083333336
297,0.083333336
298,0.083333336
299,0.083333336
300,0.083333336
301,0.125
302,0.083333336
303,0.083333336
304,0.083333336
305,0.083333336
306,0.083333336
307,0.083333336
308,0.125
309,0.083333336
310,0.083333336
311,0.083333336
312,0.083333336
313,0.083333336
314,0.125
315,0.083333336
316,0.083333336
317,0.083333336
318,0.083333336
319,0.083333336
320,0.125
321,0.083333336
322,0.083333336
323,0.083333336
324,0.083333336
325,0.083333336
326,0.083333336
327,0.125
328,0.083333336
329,0.083333336
330,0.083333336
331,0.083333336
332,0.083333336
333,0.125
334,0.083333336
335,0.083333336
336,0.083333336
337,0.083333336
338,0.083333336
339,0.125
340,0.083333336
341,0.083333336
342,0.083333336
343,0.083333336
344,0.083333336
345,0.083333336
346,0.083333336
347,0.125
348,0.083333336
349,0.083333336
350,0.083333336
351,0.083333336
352,0.083333336
353,0.083333336
354,0.125
355,0.083333336
356,0.083333336
357,0.083333336
358,0.083333336
359,0.083333336
360,0.083333336
361,0.125
362,0.083333336
363,0.083333336
364,0.083333336
365,0.083333336
366,0.083333336
367,0.083333336
368,0.083333336
369,0.125
370,0.083333336
371,0.083333336
372,0.083333336
373,0.083333336
374,0.083333336
375,0.083333336
376,0.125
377,0.083333336
378,0.083333336
379,0.083333336
380,0.083333336
381,0.083333336
382,0.083333336
383,0.083333336
384,0.125
385,0.083333336
386,0.083333336
387,0.083333336
388,0.083333336
389,0.083333336
390,0.083333336
391,0.125
392,0.083333336
393,0.083333336
394,0.083333336
395,0.083333336
396,0.083333336
397,0.083333336
398,0.083333336
399,0.125
400,0.083333336
401,0.083333336
402,0.083333336
403,0.083333336
404,0.083333336
405,0.083333336
406,0.125
407,0.083333336
408,0.083333336
409,0.083333336
410,0.083333336
411,0.083333336
412,0.083333336
413,0.083333336
414,0.125
415,0.083333336
416,0.083333336
417,0.083333336
418,0.083333336
419,0.083333336
420,0.083333336
421,0.125
422,0.083333336
423,0.083333336
424,0.083333336
425,0.083333336
426,0.083333336
427,0.083333336
428,0.083333336
429,0.125
430,0.083333336
431,0.083333336
432,0.083333336
433,0.083333336
434,0.083333336
435,0.083333336
436,0.125
437,0.083333336
438,0.083333336
439,0.083333336
440,0.083333336
441,0.083333336
442,0.083333336
443,0.083333336
444,0.125
445,0.083333336
446,0.083333336
447,0.083333336
448,0.083333336
449,0.083333336
450,0.083333336
451,0.083333336
452,0.125
453,0.083333336
454,0.083333336
455,0.083333336
456,0.083333336
457,0.083333336
458,0.083333336
459,0.125
460,0.083333336
461,0.083333336
462,0.083333336
463,0.083333336
464,0.083333336
465,0.083333336
466,0.083333336
467,0.125
468,0.083333336
469,0.083333336
470,0.083333336
471,0.083333336
472,0.083333336
473,0.083333336
474,0.083333336
475,0.125
476,0.083333336
477,0.083333336
478,0.083333336
479,0.083333336
480,0.083333336
481,0.083333336
482,0.125
483,0.083333336
484,0.083333336
485,0.083333336
486,0.083333336
487,0.083333336
488,0.083333336
489,0.083333336
490,0.125
491,0.083333336
492,0.083333336
493,0.083333336
494,0.083333336
495,0.083333336
496,0.083333336
497,0.083333336
498,0.125
499,0.083333336
0,0.25
1,0.125
2,0.16666667
3,0.125
4,0.16666667
5,0.125
6,0.16666667
7,0.125
8,0.083333336
9,0.16666667
10,0.125
11,0.16666667
12,0.125
13,0.16666667
14,0.125
15,0.083333336
16,0.16666667
17,0.125
18,0.16666667
19,0.125
20,0.16666667
21,0.125
22,0.083333336
23,0.16666667
24,0.125
25,0.16666667
26,0.125
27,0.16666667
28,0.125
29,0.083333336
30,0.16666667
31,0.125
32,0.16666667
33,0.125
34,0.16666667
35,0.125
36,0.083333336
37,0.16666667
38,0.125
39,0.16666667
40,0.125
41,0.16666667
42,0.125
43,0.083333336
44,0.125
45,0.083333336
46,0.083333336
47,0.083333336
48,0.125
49,0.083333336
50,0.083333336
51,0.083333336
52,0.125
53,0.083333336
54,0.083333336
55,0.083333336
56,0.125
57,0.083333336
58,0.083333336
59,0.083333336
60,0.125
61,0.083333336
62,0.083333336
63,0.083333336
64,0.125
65,0.083333336
66,0.083333336
67,0.083333336
68,0.125
69,0.083333336
70,0.083333336
71,0.083333336
72,0.125
73,0.083333336
74,0.083333336
75,0.083333336
76,0.125
77,0.083333336
78,0.083333336
79,0.083333336
80,0.125
81,0.083333336
82,0.083333336
83,0.083333336
84,0.125
85,0.083333336
86,0.083333336
87,0.083333336
88,0.125
89,0.083333336
90,0.083333336
91,0.083333336
92,0.125
93,0.083333336
94,0.083333336
95,0.083333336
96,0.125
97,0.083333336
98,0.083333336
99,0.083333336
100,0.125
101,0.083333336
102,0.083333336
103,0.083333336
104,0.125
105,0.083333336
106,0.083333336
107,0.083333336
108,0.125
109,0.083333336
110,0.083333336
111,0.083333336
112,0.125
113,0.083333336
114,0.083333336
115,0.083333336
116,0.125
117,0.083333336
118,0.083333336
119,0.083333336
120,0.125
121,0.083333336
122,0.083333336
123,0.083333336
124,0.125
125,0.083333336
126,0.083333336
127,0.083333336
128,0.125
129,0.083333336
130,0.083333336
131,0.083333336
132,0.125
133,0.083333336
134,0.083333336
135,0.083333336
136,0.125
137,0.083333336
138,0.083333336
139,0.083333336
140,0.125
141,0.083333336
142,0.083333336
143,0.083333336
144,0.125
145,0.083333336
146,0.083333336
147,0.083333336
148,0.125
149,0.083333336
150,0.083333336
151,0.083333336
152,0.125
153,0.083333336
154,0.083333336
155,0.083333336
156,0.125
157,0.083333336
158,0.083333336
159,0.083333336
160,0.125
161,0.083333336
162,0.083333336
163,0.083333336
164,0.125
165,0.083333336
166,0.083333336
167,0.083333336
168,0.125
169,0.083333336
170,0.083333336
171,0.083333336
172,0.125
173,0.083333336
174,0.083333336
175,0.083333336
176,0.125
177,0.083333336
178,0.083333336
179,0.083333336
180,0.125
181,0.083333336
182,0.083333336
183,0.083333336
184,0.125
185,0.083333336
186,0.083333336
187,0.083333336
188,0.125
189,0.083333336
190,0.083333336
191,0.083333336
192,0.125
193,0.083333336
194,0.083333336
195,0.083333336
196,0.125
197,0.083333336
198,0.083333336
199,0.083333336
200,0.125
201,0.083333336
202,0.083333336
203,0.083333336
204,0.125
205,0.083333336
206,0.083333336
207,0.083333336
208,0.083333336
209,0.083333336
210,0.083333336
211,0.083333336
212,0.125
213,0.083333336
214,0.083333336
215,0.083333336
216,0.083333336
217,0.083333336
218,0.083333336
219,0.125
220,0.083333336
221,0.083333336
222,0.083333336
223,0.083333336
224,0.083333336
225,0.083333336
226,0.125
227,0.083333336
228,0.083333336
229,0.083333336
230,0.083333336
231,0.083333336
232,0.083333336
233,0.083333336
234,0.125
235,0.083333336
236,0.083333336
237,0.083333336
238,0.083333336
239,0.083333336
240,0.083333336
241,0.125
242,0.083333336
243,0.083333336
244,0.083333336
245,0.083333336
246,0.083333336
247,0.083333336
248,0.125
249,0.083333336
250,0.083333336
251,0.083333336
252,0.083333336
253,0.083333336
254,0.083333336
255,0.083333336
256,0.125
257,0.083333336
258,0.083333336
259,0.083333336
260,0.083333336
261,0.083333336
262,0.125
263,0.083333336
264,0.083333336
265,0.083333336
266,0.083333336
267,0.083333336
268,0.125
269,0.083333336
270,0.083333336
271,0.083333336
272,0.083333336
273,0.083333336
274,0.125
275,0.083333336
276,0.083333336
277,0.083333336
278,0.083333336
279,0.125
280,0.083333336
281,0.083333336
282,0.083333336
283,0.083333336
284,0.083333336
285,0.083333336
286,0.083333336
287,0.125
288,0.083333336
289,0.083333336
290,0.083333336
291,0.083333336
292,0.083333336
293,0.125
294,0.083333336
295,0.083333336
296,0.083333336
297,0.083333336
298,0.083333336
299,0.125
300,0.083333336
301,0.083333336
302,0.083333336
303,0.083333336
304,0.125
305,0.083333336
306,0.083333336
307,0.083333336
308,0.083333336
309,0.083333336
310,0.083333336
311,0.083333336
312,0.125
313,0.083333336
314,0.083333336
315,0.083333336
316,0.083333336
317,0.041666668
318,0.0
319,0.0
320,0.0
321,0.0
322,0.0
323,0.0
324,0.0
325,0.0
326,0.0
327,0.0
328,0.0
329,0.0
330,0.0
331,0.0
332,0.0
333,0.0
334,0.0
335,0.0
336,0.0
337,0.0
338,0.0
339,0.0
340,0.0
341,0.0
342,0.0
343,0.0
344,0.0
345,0.0
346,0.0
347,0.0
348,0.0
349,0.0
350,0.0
351,0.0
352,0.0
353,0.0
354,0.0
355,0.0
356,0.0
357,0.0
358,0.0
359,0.0
360,0.0
361,0.0
362,0.0
363,0.0
364,0.0
365,0.0
366,0.0
367,0.0
368,0.0
369,0.0
370,0.0
371,0.0
372,0.0
373,0.0
374,0.0
375,0.0
376,0.0
377,0.0
378,0.0
379,0.0
380,0.0
381,0.0
382,0.0
383,0.0
384,0.0
385,0.0
386,0.0
387,0.0
388,0.0
389,0.0
390,0.0
391,0.0
392,0.0
393,0.0
394,0.0
395,0.0
396,0.0
397,0.0
398,0.0
399,0.0
400,0.0
401,0.0
402,0.0
403,0.0
404,0.0
405,0.0
406,0.0
407,0.0
408,0.0
409,0.0
410,0.0
411,0.0
412,0.0
413,0.0
414,0.0
415,0.0
416,0.0
417,0.0
418,0.0
419,0.0
420,0.0
421,0.0
422,0.0
423,0.0
424,0.0
425,0.0
426,0.0
427,0.0
428,0.0
429,0.0
430,0.0
431,0.0
432,0.0
433,0.0
434,0.0
435,0.0
436,0.0
437,0.0
438,0.0
439,0.0
440,0.0
441,0.0
442,0.0
443,0.0
444,0.0
445,0.0
446,0.0
447,0.0
448,0.0
449,0.0
450,0.0
451,0.0
452,0.0
453,0.0
454,0.0
455,0.0
456,0.0
457,0.0
458,0.0
459,0.0
460,0.0
461,0.0
462,0.0
463,0.0
464,0.0
465,0.0
466,0.0
467,0.0
468,0.0
469,0.0
470,0.0
471,0.0
472,0.0
473,0.0
474,0.0
475,0.0
476,0.0
477,0.0
478,0.0
479,0.0
480,0.0
481,0.0
482,0.0
483,0.0
484,0.0
485,0.0
486,0.0
487,0.0
488,0.0
489,0.0
490,0.0
491,0.0
492,0.0
493,0.0
494,0.0
495,0.0
496,0.0
497,0.0
498,0.0
499,0.0
