0,1.0833334
1,2.125
2,3.1666667
3,4.2083335
4,5.25
5,6.2916665
6,7.3333335
7,8.375
8,9.416667
9,10.458333
10,11.5
11,12.375
12,13.333333
13,14.291667
14,15.25
15,16.208334
16,17.166666
17,18.125
18,18.958334
19,19.833334
20,20.791666
21,21.75
22,22.708334
23,23.666666
24,24.625
25,25.291666
26,26.166666
27,27.125
28,28.083334
29,28.833334
30,29.708334
31,30.666666
32,31.416666
33,32.291668
34,33.041668
35,33.916668
36,34.875
37,35.833332
38,36.666668
39,37.541668
40,38.5
41,39.333332
42,40.208332
43,41.166668
44,42.125
45,42.875
46,43.75
47,44.625
48,45.458332
49,46.416668
50,47.291668
51,48.125
52,49.083332
53,49.958332
54,50.791668
55,51.75
56,52.625
57,53.458332
58,54.416668
59,55.291668
60,56.125
61,56.958332
62,57.75
63,58.583332
64,59.416668
65,60.208332
66,61.125
67,61.958332
68,62.75
69,63.583332
70,64.458336
71,65.375
72,66.208336
73,67.0
74,67.916664
75,68.75
76,69.541664
77,70.458336
78,71.291664
79,72.25
80,73.083336
81,73.833336
82,74.791664
83,75.625
84,76.416664
85,77.333336
86,78.166664
87,79.125
88,79.958336
89,80.625
90,81.583336
91,82.166664
92,82.958336
93,83.875
94,84.625
95,85.583336
96,86.333336
97,87.291664
98,88.041664
99,89.0
100,89.75
101,90.708336
102,91.458336
103,92.416664
104,93.083336
105,93.875
106,94.791664
107,95.625
108,96.291664
109,97.25
110,97.916664
111,98.583336
112,99.541664
113,100.291664
114,101.25
115,102.0
116,102.958336
117,103.458336
118,104.125
119,105.083336
120,105.666664
121,106.166664
122,106.833336
123,107.791664
124,108.375
125,108.875
126,109.458336
127,110.166664
128,111.083336
129,111.583336
130,112.166664
131,113.041664
132,113.958336
133,114.708336
134,115.583336
135,116.5
136,117.083336
137,117.666664
138,118.166664
139,118.75
140,119.625
141,120.541664
142,121.166664
143,121.791664
144,122.75
145,123.5
146,124.458336
147,125.041664
148,125.625
149,126.5
150,127.416664
151,128.0
152,128.58333
153,129.16667
154,129.75
155,130.41667
156,131.375
157,131.95833
158,132.54167
159,133.41667
160,134.33333
161,134.83333
162,135.41667
163,136.08333
164,137.04167
165,137.625
166,138.20833
167,139.08333
168,140.0
169,140.58333
170,141.16667
171,141.75
172,142.375
173,142.91667
174,143.5
175,144.16667
176,145.125
177,145.70833
178,146.29167
179,147.16667
180,148.08333
181,148.66667
182,149.25
183,149.83333
184,150.45833
185,151.0
186,151.66667
187,152.54167
188,153.45833
189,154.04167
190,154.625
191,155.25
192,155.79167
193,156.375
194,157.04167
195,157.91667
196,158.83333
197,159.41667
198,160.08333
199,160.95833
200,161.875
201,162.45833
202,163.04167
203,163.70833
204,164.58333
205,165.5
206,166.08333
207,166.75
208,167.625
209,168.54167
210,169.125
211,169.79167
212,170.66667
213,171.58333
214,172.16667
215,172.75
216,173.375
217,173.91667
218,174.5
219,175.125
220,175.66667
221,176.25
222,176.91667
223,177.79167
224,178.70833
225,179.29167
226,179.95833
227,180.83333
228,181.75
229,182.33333
230,182.91667
231,183.54167
232,184.08333
233,184.70833
234,185.25
235,185.875
236,186.41667
237,187.04167
238,187.58333
239,188.16667
240,188.79167
241,189.33333
242,189.91667
243,190.58333
244,191.45833
245,192.375
246,192.95833
247,193.54167
248,194.16667
249,194.70833
250,195.29167
251,195.91667
252,196.45833
253,197.04167
254,197.70833
255,198.58333
256,199.5
257,200.08333
258,200.66667
259,201.29167
260,201.83333
261,202.41667
262,203.04167
263,203.58333
264,204.16667
265,204.79167
266,205.33333
267,205.91667
268,206.58333
269,207.45833
270,208.375
271,208.95833
272,209.625
273,210.5
274,211.41667
275,212.0
276,212.58333
277,213.20833
278,213.75
279,214.375
280,214.91667
281,215.54167
282,216.08333
283,216.70833
284,217.25
285,217.83333
286,218.45833
287,219.0
288,219.58333
289,220.25
290,221.125
291,222.04167
292,222.625
293,223.20833
294,223.83333
295,224.375
296,224.95833
297,225.58333
298,226.125
299,226.70833
300,227.33333
301,227.875
302,228.5
303,229.04167
304,229.66667
305,230.20833
306,230.83333
307,231.375
308,231.95833
309,232.54167
310,233.16667
311,233.70833
312,234.29167
313,234.91667
314,235.45833
315,236.04167
316,236.66667
317,237.20833
318,237.79167
319,238.41667
320,238.95833
321,239.58333
322,240.125
323,240.75
324,241.29167
325,241.91667
326,242.45833
327,243.04167
328,243.625
329,244.25
330,244.79167
331,245.375
332,246.0
333,246.54167
334,247.125
335,247.75
336,248.29167
337,248.875
338,249.5
339,250.04167
340,250.66667
341,251.20833
342,251.83333
343,252.375
344,253.0
345,253.54167
346,254.125
347,254.70833
348,255.33333
349,255.875
350,256.45834
351,257.08334
352,257.625
353,258.20834
354,258.83334
355,259.375
356,259.95834
357,260.58334
358,261.125
359,261.75
360,262.29166
361,262.91666
362,263.45834
363,264.08334
364,264.625
365,265.20834
366,265.79166
367,266.41666
368,266.95834
369,267.54166
370,268.16666
371,268.70834
372,269.29166
373,269.91666
374,270.45834
375,271.04166
376,271.66666
377,272.20834
378,272.83334
379,273.375
380,274.0
381,274.54166
382,275.16666
383,275.70834
384,276.29166
385,276.875
386,277.5
387,278.04166
388,278.625
389,279.25
390,279.79166
391,280.375
392,281.0
393,281.54166
394,282.125
395,282.75
396,283.29166
397,283.91666
398,284.45834
399,285.08334
400,285.625
401,286.25
402,286.79166
403,287.375
404,287.95834
405,288.58334
406,289.125
407,289.70834
408,290.33334
409,290.875
410,291.45834
411,292.08334
412,292.625
413,293.20834
414,293.83334
415,294.375
416,295.0
417,295.54166
418,296.16666
419,296.70834
420,297.33334
421,297.875
422,298.45834
423,299.04166
424,299.66666
425,300.20834
426,300.79166
427,301.41666
428,301.95834
429,302.54166
430,303.16666
431,303.70834
432,304.29166
433,304.91666
434,305.45834
435,306.08334
436,306.625
437,307.25
438,307.79166
439,308.41666
440,308.95834
441,309.54166
442,310.125
443,310.75
444,311.29166
445,311.875
446,312.5
447,313.04166
448,313.625
449,314.25
450,314.79166
451,315.375
452,316.0
453,316.54166
454,317.16666
455,317.70834
456,318.33334
457,318.875
458,319.5
459,320.04166
460,320.625
461,321.20834
462,321.83334
463,322.375
464,322.95834
465,323.58334
466,324.125
467,324.70834
468,325.33334
469,325.875
470,326.45834
471,327.08334
472,327.625
473,328.25
474,328.79166
475,329.41666
476,329.95834
477,330.58334
478,331.125
479,331.70834
480,332.29166
481,332.91666
482,333.45834
483,334.04166
484,334.66666
485,335.20834
486,335.79166
487,336.41666
488,336.95834
489,337.54166
490,338.16666
491,338.70834
492,339.33334
493,339.875
494,340.5
495,341.04166
496,341.66666
497,342.20834
498,342.79166
499,343.375
0,0.9583333
1,1.8333334
2,2.875
3,3.8333333
4,4.625
5,5.5
6,6.3333335
7,7.125
8,8.0
9,8.833333
10,9.625
11,10.5
12,11.25
13,12.041667
14,12.916667
15,13.666667
16,14.458333
17,15.333333
18,16.083334
19,16.875
20,17.75
21,18.5
22,19.291666
23,20.166666
24,20.916666
25,21.708334
26,22.458334
27,23.25
28,24.125
29,24.875
30,25.666666
31,26.541666
32,27.291666
33,28.083334
34,28.958334
35,29.708334
36,30.5
37,31.375
38,32.125
39,32.916668
40,33.791668
41,34.541668
42,35.416668
43,36.166668
44,36.958332
45,37.708332
46,38.5
47,39.25
48,39.916668
49,40.708332
50,41.458332
51,42.125
52,42.916668
53,43.666668
54,44.333332
55,45.125
56,45.875
57,46.541668
58,47.333332
59,48.166668
60,48.833332
61,49.541668
62,50.375
63,50.875
64,51.541668
65,52.25
66,53.083332
67,53.583332
68,54.25
69,54.958332
70,55.791668
71,56.291668
72,56.958332
73,57.666668
74,58.5
75,59.0
76,59.666668
77,60.375
78,61.208332
79,61.708332
80,62.375
81,63.083332
82,63.916668
83,64.416664
84,65.083336
85,65.791664
86,66.625
87,67.125
88,67.791664
89,68.5
90,69.333336
91,70.083336
92,70.75
93,71.458336
94,72.291664
95,73.041664
96,73.708336
97,74.5
98,75.25
99,75.958336
100,76.791664
101,77.541664
102,78.416664
103,79.166664
104,79.875
105,80.708336
106,81.208336
107,81.875
108,82.583336
109,83.416664
110,83.916664
111,84.583336
112,85.291664
113,86.125
114,86.875
115,87.541664
116,88.25
117,89.083336
118,89.833336
119,90.5
120,91.208336
121,92.041664
122,92.791664
123,93.458336
124,94.333336
125,95.083336
126,95.791664
127,96.625
128,97.208336
129,97.875
130,98.75
131,99.25
132,99.916664
133,100.791664
134,101.541664
135,102.166664
136,102.75
137,103.416664
138,104.25
139,104.833336
140,105.5
141,106.375
142,106.875
143,107.541664
144,108.416664
145,109.25
146,109.875
147,110.458336
148,111.041664
149,111.708336
150,112.541664
151,113.125
152,113.791664
153,114.666664
154,115.166664
155,115.833336
156,116.541664
157,117.375
158,117.958336
159,118.666664
160,119.5
161,120.083336
162,120.791664
163,121.625
164,122.208336
165,122.916664
166,123.75
167,124.333336
168,124.958336
169,125.541664
170,126.125
171,126.708336
172,127.291664
173,127.875
174,128.54167
175,129.375
176,129.95833
177,130.625
178,131.5
179,132.33333
180,133.04167
181,133.875
182,134.45833
183,135.16667
184,136.0
185,136.58333
186,137.29167
187,138.125
188,138.70833
189,139.33333
190,139.91667
191,140.5
192,141.08333
193,141.66667
194,142.04167
195,142.625
196,143.125
197,143.70833
198,144.58333
199,145.16667
200,146.04167
201,146.625
202,147.5
203,148.04167
204,148.5
205,149.04167
206,149.5
207,150.08333
208,150.58333
209,151.16667
210,151.66667
211,152.20833
212,152.70833
213,153.25
214,153.79167
215,154.29167
216,154.83333
217,155.375
218,155.91667
219,156.45833
220,156.95833
221,157.5
222,158.04167
223,158.58333
224,159.125
225,159.625
226,160.16667
227,160.70833
228,161.25
229,161.79167
230,162.29167
231,162.91667
232,163.45833
233,164.0
234,164.54167
235,165.04167
236,165.66667
237,166.20833
238,166.83333
239,167.375
240,167.875
241,168.5
242,169.04167
243,169.66667
244,170.20833
245,170.95833
246,171.58333
247,172.125
248,172.79167
249,173.45833
250,174.125
251,174.79167
252,175.45833
253,176.125
254,176.79167
255,177.45833
256,178.125
257,178.79167
258,179.45833
259,180.125
260,180.79167
261,181.45833
262,182.125
263,182.79167
264,183.45833
265,184.125
266,184.79167
267,185.45833
268,186.125
269,186.79167
270,187.45833
271,188.125
272,188.79167
273,189.45833
274,190.125
275,190.79167
276,191.45833
277,192.125
278,192.79167
279,193.45833
280,194.125
281,194.79167
282,195.45833
283,196.125
284,196.79167
285,197.45833
286,198.125
287,198.79167
288,199.45833
289,200.125
290,200.79167
291,201.45833
292,202.125
293,202.79167
294,203.45833
295,204.125
296,204.79167
297,205.45833
298,206.125
299,206.79167
300,207.45833
301,208.125
302,208.79167
303,209.45833
304,210.125
305,210.79167
306,211.45833
307,212.125
308,212.79167
309,213.45833
310,214.125
311,214.79167
312,215.45833
313,216.125
314,216.79167
315,217.45833
316,218.125
317,218.79167
318,219.45833
319,220.125
320,220.79167
321,221.45833
322,222.125
323,222.79167
324,223.45833
325,224.125
326,224.79167
327,225.45833
328,226.125
329,226.79167
330,227.45833
331,228.125
332,228.79167
333,229.45833
334,230.125
335,230.79167
336,231.45833
337,232.125
338,232.79167
339,233.45833
340,234.125
341,234.79167
342,235.45833
343,236.125
344,236.79167
345,237.45833
346,238.125
347,238.79167
348,239.45833
349,240.125
350,240.79167
351,241.45833
352,242.125
353,242.79167
354,243.45833
355,244.125
356,244.79167
357,245.45833
358,246.125
359,246.79167
360,247.45833
361,248.125
362,248.79167
363,249.45833
364,250.125
365,250.79167
366,251.45833
367,252.125
368,252.79167
369,253.45833
370,254.125
371,254.79167
372,255.45833
373,256.125
374,256.79166
375,257.45834
376,258.125
377,258.79166
378,259.45834
379,260.125
380,260.79166
381,261.45834
382,262.125
383,262.79166
384,263.45834
385,264.125
386,264.79166
387,265.45834
388,266.125
389,266.79166
390,267.45834
391,268.125
392,268.79166
393,269.45834
394,270.125
395,270.79166
396,271.45834
397,272.125
398,272.79166
399,273.45834
400,274.125
401,274.79166
402,275.45834
403,276.125
404,276.79166
405,277.45834
406,278.125
407,278.79166
408,279.45834
409,280.125
410,280.79166
411,281.45834
412,282.125
413,282.79166
414,283.45834
415,284.125
416,284.79166
417,285.45834
418,286.125
419,286.79166
420,287.45834
421,288.125
422,288.79166
423,289.45834
424,290.125
425,290.79166
426,291.45834
427,292.125
428,292.79166
429,293.45834
430,294.125
431,294.79166
432,295.45834
433,296.125
434,296.79166
435,297.45834
436,298.125
437,298.79166
438,299.45834
439,300.125
440,300.79166
441,301.45834
442,302.125
443,302.79166
444,303.45834
445,304.125
446,304.79166
447,305.45834
448,306.125
449,306.79166
450,307.45834
451,308.125
452,308.79166
453,309.45834
454,310.125
455,310.79166
456,311.45834
457,312.125
458,312.79166
459,313.45834
460,314.125
461,314.79166
462,315.45834
463,316.125
464,316.79166
465,317.45834
466,318.125
467,318.79166
468,319.45834
469,320.125
470,320.79166
471,321.45834
472,322.125
473,322.79166
474,323.45834
475,324.125
476,324.79166
477,325.45834
478,326.125
479,326.79166
480,327.45834
481,328.125
482,328.79166
483,329.45834
484,330.125
485,330.79166
486,331.45834
487,332.125
488,332.79166
489,333.45834
490,334.125
491,334.79166
492,335.45834
493,336.125
494,336.79166
495,337.45834
496,338.125
497,338.79166
498,339.45834
499,340.125
0,1.0833334
1,2.125
2,3.1666667
3,4.125
4,5.1666665
5,6.125
6,7.2083335
7,8.208333
8,9.25
9,10.375
10,11.416667
11,12.458333
12,13.416667
13,14.541667
14,15.666667
15,16.541666
16,17.416666
17,18.458334
18,19.5
19,20.625
20,21.583334
21,22.625
22,23.666666
23,24.708334
24,25.666666
25,26.541666
26,27.416666
27,28.458334
28,29.5
29,30.291666
30,31.333334
31,32.375
32,33.25
33,34.0
34,34.958332
35,35.75
36,36.416668
37,37.166668
38,38.125
39,38.916668
40,39.666668
41,40.541668
42,41.375
43,42.333332
44,42.833332
45,43.583332
46,44.708332
47,45.208332
48,46.166668
49,46.916668
50,47.791668
51,48.541668
52,49.291668
53,50.416668
54,50.916668
55,51.875
56,52.541668
57,53.333332
58,53.958332
59,54.541668
60,55.125
61,55.708332
62,56.375
63,57.5
64,58.625
65,59.291668
66,59.875
67,60.458332
68,61.125
69,61.791668
70,62.75
71,63.708332
72,64.375
73,64.958336
74,65.541664
75,66.125
76,66.708336
77,67.458336
78,68.041664
79,69.166664
80,69.916664
81,70.5
82,71.625
83,72.375
84,73.041664
85,74.0
86,74.875
87,75.625
88,76.291664
89,76.958336
90,77.625
91,78.291664
92,79.041664
93,79.625
94,80.25
95,81.0
96,81.75
97,82.5
98,83.25
99,83.791664
100,84.583336
101,85.166664
102,85.916664
103,86.666664
104,87.416664
105,88.166664
106,88.916664
107,89.666664
108,90.208336
109,91.0
110,91.583336
111,92.333336
112,93.083336
113,93.833336
114,94.583336
115,95.333336
116,96.083336
117,96.625
118,97.416664
119,98.0
120,98.75
121,99.5
122,100.25
123,101.0
124,101.75
125,102.5
126,103.041664
127,103.833336
128,104.416664
129,105.166664
130,105.916664
131,106.666664
132,107.416664
133,108.166664
134,108.916664
135,109.458336
136,110.25
137,110.833336
138,111.583336
139,112.333336
140,113.083336
141,113.833336
142,114.583336
143,115.333336
144,115.875
145,116.666664
146,117.25
147,118.0
148,118.75
149,119.5
150,120.25
151,121.0
152,121.75
153,122.291664
154,123.083336
155,123.666664
156,124.416664
157,125.166664
158,125.916664
159,126.666664
160,127.416664
161,128.16667
162,128.70833
163,129.5
164,130.08333
165,130.83333
166,131.58333
167,132.33333
168,133.08333
169,133.83333
170,134.58333
171,135.125
172,135.91667
173,136.5
174,137.25
175,138.0
176,138.75
177,139.5
178,140.25
179,141.0
180,141.54167
181,142.33333
182,142.91667
183,143.66667
184,144.41667
185,145.16667
186,145.91667
187,146.66667
188,147.41667
189,147.95833
190,148.75
191,149.33333
192,150.08333
193,150.83333
194,151.58333
195,152.33333
196,153.08333
197,153.83333
198,154.375
199,155.16667
200,155.75
201,156.5
202,157.25
203,158.0
204,158.75
205,159.5
206,160.25
207,160.79167
208,161.58333
209,162.16667
210,162.91667
211,163.66667
212,164.41667
213,165.16667
214,165.91667
215,166.66667
216,167.20833
217,168.0
218,168.58333
219,169.33333
220,170.08333
221,170.83333
222,171.58333
223,172.33333
224,173.08333
225,173.625
226,174.41667
227,175.0
228,175.75
229,176.5
230,177.25
231,178.0
232,178.75
233,179.5
234,180.04167
235,180.83333
236,181.41667
237,182.16667
238,182.91667
239,183.66667
240,184.41667
241,185.16667
242,185.91667
243,186.45833
244,187.25
245,187.83333
246,188.58333
247,189.33333
248,190.08333
249,190.83333
250,191.58333
251,192.33333
252,192.875
253,193.66667
254,194.25
255,195.0
256,195.75
257,196.5
258,197.25
259,198.0
260,198.75
261,199.29167
262,200.08333
263,200.66667
264,201.41667
265,202.16667
266,202.91667
267,203.66667
268,204.41667
269,205.16667
270,205.70833
271,206.5
272,207.08333
273,207.83333
274,208.58333
275,209.33333
276,210.08333
277,210.83333
278,211.58333
279,212.125
280,212.91667
281,213.5
282,214.25
283,215.0
284,215.75
285,216.5
286,217.25
287,218.0
288,218.54167
289,219.33333
290,219.91667
291,220.66667
292,221.41667
293,222.16667
294,222.91667
295,223.66667
296,224.41667
297,224.95833
298,225.75
299,226.33333
300,227.08333
301,227.83333
302,228.58333
303,229.33333
304,230.08333
305,230.83333
306,231.375
307,232.16667
308,232.75
309,233.5
310,234.25
311,235.0
312,235.75
313,236.5
314,237.25
315,237.79167
316,238.58333
317,239.16667
318,239.91667
319,240.66667
320,241.41667
321,242.16667
322,242.91667
323,243.66667
324,244.20833
325,245.0
326,245.58333
327,246.33333
328,247.08333
329,247.83333
330,248.58333
331,249.33333
332,250.08333
333,250.625
334,251.41667
335,252.0
336,252.75
337,253.5
338,254.25
339,255.0
340,255.75
341,256.5
342,257.04166
343,257.83334
344,258.41666
345,259.16666
346,259.91666
347,260.66666
348,261.41666
349,262.16666
350,262.91666
351,263.45834
352,264.25
353,264.83334
354,265.58334
355,266.33334
356,267.08334
357,267.83334
358,268.58334
359,269.33334
360,269.875
361,270.66666
362,271.25
363,272.0
364,272.75
365,273.5
366,274.25
367,275.0
368,275.75
369,276.29166
370,277.08334
371,277.66666
372,278.41666
373,279.16666
374,279.91666
375,280.66666
376,281.41666
377,282.16666
378,282.70834
379,283.5
380,284.08334
381,284.83334
382,285.58334
383,286.33334
384,287.08334
385,287.83334
386,288.58334
387,289.125
388,289.91666
389,290.5
390,291.25
391,292.0
392,292.75
393,293.5
394,294.25
395,295.0
396,295.54166
397,296.33334
398,296.91666
399,297.66666
400,298.41666
401,299.16666
402,299.91666
403,300.66666
404,301.41666
405,301.95834
406,302.75
407,303.33334
408,304.08334
409,304.83334
410,305.58334
411,306.33334
412,307.08334
413,307.83334
414,308.375
415,309.16666
416,309.75
417,310.5
418,311.25
419,312.0
420,312.75
421,313.5
422,314.25
423,314.79166
424,315.58334
425,316.16666
426,316.91666
427,317.66666
428,318.41666
429,319.16666
430,319.91666
431,320.66666
432,321.20834
433,322.0
434,322.58334
435,323.33334
436,324.08334
437,324.83334
438,325.58334
439,326.33334
440,327.08334
441,327.625
442,328.41666
443,329.0
444,329.75
445,330.5
446,331.25
447,332.0
448,332.75
449,333.5
450,334.04166
451,334.83334
452,335.41666
453,336.16666
454,336.91666
455,337.66666
456,338.41666
457,339.16666
458,339.91666
459,340.45834
460,341.25
461,341.83334
462,342.58334
463,343.33334
464,344.08334
465,344.83334
466,345.58334
467,346.33334
468,346.875
469,347.66666
470,348.25
471,349.0
472,349.75
473,350.5
474,351.25
475,352.0
476,352.75
477,353.29166
478,354.08334
479,354.66666
480,355.41666
481,356.16666
482,356.91666
483,357.66666
484,358.41666
485,359.16666
486,359.70834
487,360.5
488,361.08334
489,361.83334
490,362.58334
491,363.33334
492,364.08334
493,364.83334
494,365.58334
495,366.125
496,366.91666
497,367.5
498,368.25
499,369.0
0,1.0833334
1,2.125
2,3.1666667
3,4.2083335
4,5.25
5,6.2916665
6,7.25
7,8.291667
8,9.333333
9,10.291667
10,11.333333
11,12.375
12,13.416667
13,14.458333
14,15.5
15,16.541666
16,17.583334
17,18.625
18,19.541666
19,20.5
20,21.541666
21,22.583334
22,23.625
23,24.666666
24,25.708334
25,26.75
26,27.5
27,28.458334
28,29.416666
29,30.458334
30,31.5
31,32.541668
32,33.583332
33,34.625
34,35.666668
35,36.708332
36,37.75
37,38.541668
38,39.375
39,40.333332
40,41.208332
41,42.041668
42,43.0
43,43.875
44,44.708332
45,45.291668
46,46.25
47,47.291668
48,48.333332
49,49.375
50,50.416668
51,51.458332
52,52.5
53,53.25
54,54.208332
55,54.958332
56,55.916668
57,56.666668
58,57.625
59,58.416668
60,59.333332
61,60.0
62,60.958332
63,62.0
64,62.791668
65,63.708332
66,64.416664
67,65.333336
68,65.916664
69,66.875
70,67.916664
71,68.958336
72,69.625
73,70.583336
74,71.625
75,72.291664
76,73.166664
77,74.0
78,74.958336
79,75.625
80,76.5
81,77.333336
82,78.291664
83,78.958336
84,79.833336
85,80.666664
86,81.625
87,82.291664
88,83.166664
89,84.166664
90,85.041664
91,86.041664
92,86.916664
93,87.75
94,88.708336
95,89.375
96,90.25
97,91.083336
98,92.041664
99,92.708336
100,93.583336
101,94.416664
102,94.916664
103,95.416664
104,95.916664
105,96.708336
106,97.541664
107,98.333336
108,99.166664
109,99.958336
110,100.791664
111,101.583336
112,102.416664
113,103.208336
114,104.041664
115,104.833336
116,105.666664
117,106.541664
118,107.375
119,107.875
120,108.375
121,108.875
122,109.458336
123,110.333336
124,111.166664
125,111.666664
126,112.166664
127,112.75
128,113.333336
129,114.125
130,114.958336
131,115.75
132,116.583336
133,117.375
134,118.208336
135,119.083336
136,119.916664
137,120.416664
138,120.916664
139,121.5
140,122.291664
141,123.125
142,123.916664
143,124.75
144,125.541664
145,126.375
146,127.166664
147,128.08333
148,128.66667
149,129.45833
150,130.29167
151,131.08333
152,131.91667
153,132.70833
154,133.625
155,134.20833
156,134.75
157,135.25
158,135.75
159,136.29167
160,137.08333
161,138.0
162,138.58333
163,139.16667
164,139.75
165,140.54167
166,141.375
167,142.16667
168,143.0
169,143.79167
170,144.70833
171,145.29167
172,145.83333
173,146.33333
174,146.875
175,147.66667
176,148.58333
177,149.08333
178,149.66667
179,150.45833
180,151.375
181,151.95833
182,152.54167
183,153.125
184,153.66667
185,154.16667
186,154.66667
187,155.20833
188,155.70833
189,156.29167
190,156.875
191,157.45833
192,157.95833
193,158.54167
194,159.125
195,159.70833
196,160.20833
197,160.79167
198,161.375
199,161.95833
200,162.5
201,163.0
202,163.5
203,164.04167
204,164.54167
205,165.125
206,165.70833
207,166.29167
208,166.79167
209,167.375
210,167.95833
211,168.54167
212,169.04167
213,169.625
214,170.20833
215,170.79167
216,171.33333
217,171.83333
218,172.33333
219,172.875
220,173.375
221,173.95833
222,174.54167
223,175.125
224,175.625
225,176.20833
226,176.79167
227,177.375
228,177.875
229,178.45833
230,179.04167
231,179.625
232,180.16667
233,180.66667
234,181.16667
235,181.70833
236,182.20833
237,182.79167
238,183.375
239,183.95833
240,184.45833
241,185.04167
242,185.625
243,186.20833
244,186.70833
245,187.29167
246,187.875
247,188.45833
248,189.0
249,189.5
250,190.0
251,190.54167
252,191.04167
253,191.625
254,192.20833
255,192.79167
256,193.29167
257,193.875
258,194.45833
259,195.04167
260,195.54167
261,196.125
262,196.70833
263,197.29167
264,197.83333
265,198.33333
266,198.83333
267,199.375
268,199.875
269,200.45833
270,201.04167
271,201.625
272,202.125
273,202.70833
274,203.29167
275,203.875
276,204.375
277,204.95833
278,205.54167
279,206.125
280,206.66667
281,207.16667
282,207.66667
283,208.20833
284,208.70833
285,209.29167
286,209.875
287,210.45833
288,210.95833
289,211.54167
290,212.125
291,212.70833
292,213.20833
293,213.79167
294,214.375
295,214.95833
296,215.5
297,216.0
298,216.5
299,217.04167
300,217.54167
301,218.125
302,218.70833
303,219.29167
304,219.79167
305,220.375
306,220.95833
307,221.54167
308,222.04167
309,222.625
310,223.20833
311,223.79167
312,224.33333
313,224.83333
314,225.33333
315,225.875
316,226.375
317,226.95833
318,227.54167
319,228.125
320,228.625
321,229.20833
322,229.79167
323,230.375
324,230.875
325,231.45833
326,232.04167
327,232.625
328,233.16667
329,233.66667
330,234.16667
331,234.70833
332,235.20833
333,235.79167
334,236.375
335,236.95833
336,237.45833
337,238.04167
338,238.625
339,239.20833
340,239.70833
341,240.29167
342,240.875
343,241.45833
344,242.0
345,242.5
346,243.0
347,243.54167
348,244.04167
349,244.625
350,245.20833
351,245.79167
352,246.29167
353,246.875
354,247.45833
355,248.04167
356,248.54167
357,249.125
358,249.70833
359,250.29167
360,250.83333
361,251.33333
362,251.83333
363,252.375
364,252.875
365,253.45833
366,254.04167
367,254.625
368,255.125
369,255.70833
370,256.29166
371,256.875
372,257.375
373,257.95834
374,258.54166
375,259.125
376,259.66666
377,260.16666
378,260.66666
379,261.20834
380,261.70834
381,262.29166
382,262.875
383,263.45834
384,263.95834
385,264.54166
386,265.125
387,265.70834
388,266.20834
389,266.79166
390,267.375
391,267.95834
392,268.5
393,269.0
394,269.5
395,270.04166
396,270.54166
397,271.125
398,271.70834
399,272.29166
400,272.79166
401,273.375
402,273.95834
403,274.54166
404,275.04166
405,275.625
406,276.20834
407,276.79166
408,277.33334
409,277.83334
410,278.33334
411,278.875
412,279.375
413,279.95834
414,280.54166
415,281.125
416,281.625
417,282.20834
418,282.79166
419,283.375
420,283.875
421,284.45834
422,285.04166
423,285.625
424,286.16666
425,286.66666
426,287.16666
427,287.70834
428,288.20834
429,288.79166
430,289.375
431,289.95834
432,290.45834
433,291.04166
434,291.625
435,292.20834
436,292.70834
437,293.29166
438,293.875
439,294.45834
440,295.0
441,295.5
442,296.0
443,296.54166
444,297.04166
445,297.625
446,298.20834
447,298.79166
448,299.29166
449,299.875
450,300.45834
451,301.04166
452,301.54166
453,302.125
454,302.70834
455,303.29166
456,303.83334
457,304.33334
458,304.83334
459,305.375
460,305.875
461,306.45834
462,307.04166
463,307.625
464,308.125
465,308.70834
466,309.29166
467,309.875
468,310.375
469,310.95834
470,311.54166
471,312.125
472,312.66666
473,313.16666
474,313.66666
475,314.20834
476,314.70834
477,315.29166
478,315.875
479,316.45834
480,316.95834
481,317.54166
482,318.125
483,318.70834
484,319.20834
485,319.79166
486,320.375
487,320.95834
488,321.5
489,322.0
490,322.5
491,323.04166
492,323.54166
493,324.125
494,324.70834
495,325.29166
496,325.79166
497,326.375
498,326.95834
499,327.54166
0,1.0
1,1.875
2,2.7916667
3,3.875
4,4.8333335
5,5.8333335
6,6.75
7,7.6666665
8,8.541667
9,9.458333
10,10.375
11,11.25
12,12.125
13,13.0
14,13.875
15,14.791667
16,15.708333
17,16.583334
18,17.458334
19,18.333334
20,19.208334
21,20.041666
22,21.041666
23,21.916666
24,22.791666
25,23.708334
26,24.625
27,25.375
28,26.375
29,27.25
30,28.083334
31,29.083334
32,29.958334
33,30.833334
34,31.583334
35,32.583332
36,33.458332
37,34.291668
38,35.25
39,36.041668
40,37.041668
41,37.916668
42,38.75
43,39.291668
44,40.25
45,41.125
46,42.0
47,42.958332
48,43.833332
49,44.625
50,45.583332
51,46.458332
52,47.416668
53,48.291668
54,49.166668
55,50.125
56,51.0
57,51.875
58,52.833332
59,53.708332
60,54.583332
61,55.458332
62,56.333332
63,57.083332
64,57.958332
65,58.75
66,59.666668
67,60.541668
68,61.5
69,62.083332
70,62.875
71,63.833332
72,64.708336
73,65.583336
74,66.458336
75,67.333336
76,68.208336
77,68.791664
78,69.583336
79,70.458336
80,71.333336
81,72.083336
82,72.625
83,73.5
84,74.375
85,75.25
86,76.125
87,77.0
88,77.875
89,78.75
90,79.625
91,80.5
92,81.375
93,82.25
94,83.125
95,84.0
96,84.875
97,85.75
98,86.541664
99,87.125
100,87.833336
101,88.708336
102,89.583336
103,90.458336
104,91.333336
105,92.208336
106,93.0
107,93.5
108,94.291664
109,95.166664
110,96.041664
111,96.916664
112,97.708336
113,98.208336
114,99.0
115,99.875
116,100.75
117,101.625
118,102.5
119,103.375
120,104.25
121,105.041664
122,105.916664
123,106.791664
124,107.583336
125,108.166664
126,109.041664
127,109.916664
128,110.791664
129,111.583336
130,112.458336
131,113.333336
132,114.125
133,115.083336
134,115.875
135,116.458336
136,117.25
137,118.125
138,118.916664
139,119.5
140,120.291664
141,121.25
142,122.125
143,122.916664
144,123.875
145,124.75
146,125.541664
147,126.125
148,126.916664
149,127.875
150,128.66667
151,129.25
152,130.04167
153,131.0
154,131.875
155,132.66667
156,133.25
157,134.04167
158,135.0
159,135.875
160,136.66667
161,137.625
162,138.5
163,139.29167
164,140.25
165,141.125
166,141.91667
167,142.5
168,143.20833
169,143.79167
170,144.54167
171,145.16667
172,145.95833
173,146.91667
174,147.79167
175,148.58333
176,149.41667
177,149.91667
178,150.41667
179,150.95833
180,151.54167
181,152.29167
182,152.83333
183,153.41667
184,154.16667
185,154.70833
186,155.20833
187,155.79167
188,156.54167
189,157.04167
190,157.54167
191,158.16667
192,158.91667
193,159.54167
194,160.33333
195,160.83333
196,161.33333
197,162.0
198,162.58333
199,163.20833
200,163.95833
201,164.58333
202,165.45833
203,166.20833
204,166.83333
205,167.625
206,168.125
207,168.625
208,169.20833
209,169.79167
210,170.5
211,171.25
212,171.75
213,172.25
214,172.75
215,173.25
216,173.75
217,174.25
218,174.875
219,175.625
220,176.25
221,177.125
222,177.875
223,178.5
224,179.25
225,179.75
226,180.25
227,180.75
228,181.25
229,181.75
230,182.25
231,182.75
232,183.25
233,183.75
234,184.375
235,185.125
236,185.75
237,186.5
238,187.0
239,187.5
240,188.0
241,188.5
242,189.0
243,189.5
244,190.0
245,190.5
246,191.125
247,191.875
248,192.5
249,193.25
250,193.75
251,194.25
252,194.75
253,195.25
254,195.75
255,196.25
256,196.75
257,197.25
258,197.75
259,198.375
260,199.125
261,199.70833
262,200.33333
263,201.08333
264,201.66667
265,202.29167
266,203.04167
267,203.625
268,204.16667
269,204.66667
270,205.25
271,205.83333
272,206.41667
273,207.08333
274,207.58333
275,208.08333
276,208.58333
277,209.08333
278,209.58333
279,210.08333
280,210.58333
281,211.08333
282,211.58333
283,212.08333
284,212.58333
285,213.16667
286,213.70833
287,214.20833
288,214.79167
289,215.375
290,216.04167
291,216.70833
292,217.20833
293,217.70833
294,218.20833
295,218.70833
296,219.20833
297,219.70833
298,220.29167
299,220.91667
300,221.5
301,222.08333
302,222.58333
303,223.08333
304,223.58333
305,224.08333
306,224.58333
307,225.08333
308,225.58333
309,226.08333
310,226.58333
311,227.08333
312,227.66667
313,228.29167
314,228.875
315,229.45833
316,229.95833
317,230.45833
318,230.95833
319,231.45833
320,231.95833
321,232.45833
322,232.95833
323,233.45833
324,233.95833
325,234.45833
326,235.04167
327,235.66667
328,236.25
329,236.83333
330,237.33333
331,237.83333
332,238.33333
333,238.83333
334,239.33333
335,239.83333
336,240.33333
337,240.83333
338,241.33333
339,241.83333
340,242.33333
341,242.91667
342,243.41667
343,243.91667
344,244.41667
345,244.91667
346,245.41667
347,245.91667
348,246.41667
349,246.91667
350,247.41667
351,247.91667
352,248.41667
353,248.91667
354,249.41667
355,249.91667
356,250.5
357,251.0
358,251.5
359,252.0
360,252.5
361,253.0
362,253.5
363,254.0
364,254.5
365,255.0
366,255.5
367,256.0
368,256.5
369,257.0
370,257.5
371,258.08334
372,258.58334
373,259.08334
374,259.58334
375,260.08334
376,260.58334
377,261.08334
378,261.58334
379,262.08334
380,262.58334
381,263.08334
382,263.58334
383,264.08334
384,264.58334
385,265.08334
386,265.66666
387,266.16666
388,266.66666
389,267.16666
390,267.66666
391,268.16666
392,268.66666
393,269.16666
394,269.66666
395,270.16666
396,270.66666
397,271.16666
398,271.66666
399,272.16666
400,272.66666
401,273.25
402,273.75
403,274.25
404,274.75
405,275.25
406,275.75
407,276.25
408,276.75
409,277.25
410,277.75
411,278.25
412,278.75
413,279.25
414,279.75
415,280.375
416,280.95834
417,281.54166
418,282.04166
419,282.54166
420,283.04166
421,283.54166
422,284.04166
423,284.54166
424,285.04166
425,285.54166
426,286.04166
427,286.54166
428,287.04166
429,287.54166
430,288.125
431,288.625
432,289.125
433,289.625
434,290.125
435,290.625
436,291.125
437,291.625
438,292.125
439,292.625
440,293.125
441,293.625
442,294.125
443,294.625
444,295.125
445,295.70834
446,296.20834
447,296.70834
448,297.20834
449,297.70834
450,298.20834
451,298.70834
452,299.20834
453,299.70834
454,300.20834
455,300.70834
456,301.20834
457,301.70834
458,302.20834
459,302.83334
460,303.41666
461,304.0
462,304.5
463,305.0
464,305.5
465,306.0
466,306.5
467,307.0
468,307.5
469,308.0
470,308.5
471,309.0
472,309.5
473,310.0
474,310.58334
475,311.08334
476,311.58334
477,312.08334
478,312.58334
479,313.08334
480,313.58334
481,314.08334
482,314.58334
483,315.08334
484,315.58334
485,316.08334
486,316.58334
487,317.08334
488,317.58334
489,318.16666
490,318.66666
491,319.16666
492,319.66666
493,320.16666
494,320.66666
495,321.16666
496,321.66666
497,322.16666
498,322.66666
499,323.16666
