0,1.0
1,2.0
2,3.0625
3,4.0625
4,5.1875
5,6.1875
6,7.125
7,8.25
8,9.25
9,10.25
10,11.125
11,11.75
12,12.375
13,13.25
14,14.125
15,14.75
16,15.375
17,16.0
18,16.625
19,17.25
20,17.875
21,18.75
22,19.625
23,20.25
24,20.875
25,21.5
26,22.125
27,22.75
28,23.625
29,24.5
30,25.125
31,25.75
32,26.375
33,27.0
34,27.625
35,28.25
36,29.125
37,30.0
38,30.625
39,31.25
40,31.875
41,32.75
42,33.625
43,34.25
44,34.875
45,35.625
46,36.625
47,37.5
48,38.125
49,38.75
50,39.5
51,40.5
52,41.375
53,42.0
54,42.625
55,43.375
56,44.375
57,45.125
58,46.0
59,46.625
60,47.25
61,48.0
62,49.0
63,49.75
64,50.625
65,51.25
66,51.875
67,52.5
68,53.25
69,54.25
70,55.125
71,55.75
72,56.5
73,57.375
74,58.375
75,59.125
76,60.0
77,60.625
78,61.25
79,61.875
80,62.625
81,63.5
82,64.5
83,65.25
84,66.125
85,66.75
86,67.375
87,68.0
88,68.75
89,69.75
90,70.625
91,71.25
92,72.0
93,72.875
94,73.875
95,74.625
96,75.375
97,76.25
98,77.125
99,78.125
100,79.0
101,79.625
102,80.375
103,81.25
104,82.25
105,83.0
106,83.75
107,84.625
108,85.5
109,86.5
110,87.375
111,88.0
112,88.625
113,89.375
114,90.25
115,91.125
116,92.125
117,92.875
118,93.625
119,94.5
120,95.375
121,96.25
122,97.25
123,98.0
124,98.75
125,99.625
126,100.5
127,101.5
128,102.375
129,103.0
130,103.625
131,104.375
132,105.25
133,106.125
134,107.0
135,107.75
136,108.5
137,109.25
138,109.875
139,110.5
140,111.125
141,111.875
142,112.5
143,113.25
144,113.875
145,114.625
146,115.375
147,116.0
148,116.875
149,117.75
150,118.75
151,119.625
152,120.25
153,120.875
154,121.625
155,122.5
156,123.5
157,124.375
158,125.0
159,125.625
160,126.25
161,127.0
162,127.625
163,128.375
164,129.0
165,129.75
166,130.5
167,131.125
168,132.0
169,132.875
170,133.875
171,134.75
172,135.375
173,136.0
174,136.625
175,137.375
176,138.0
177,138.875
178,139.75
179,140.75
180,141.625
181,142.25
182,142.875
183,143.625
184,144.5
185,145.5
186,146.375
187,147.0
188,147.625
189,148.25
190,149.0
191,149.625
192,150.375
193,151.0
194,151.75
195,152.5
196,153.125
197,154.0
198,154.875
199,155.875
200,156.75
201,157.375
202,158.0
203,158.625
204,159.375
205,160.0
206,160.875
207,161.75
208,162.75
209,163.625
210,164.25
211,164.875
212,165.625
213,166.5
214,167.5
215,168.375
216,169.0
217,169.625
218,170.25
219,171.0
220,171.625
221,172.375
222,173.0
223,173.75
224,174.5
225,175.125
226,176.0
227,176.875
228,177.875
229,178.75
230,179.375
231,180.0
232,180.625
233,181.375
234,182.0
235,182.875
236,183.75
237,184.75
238,185.625
239,186.25
240,186.875
241,187.625
242,188.5
243,189.5
244,190.375
245,191.0
246,191.625
247,192.25
248,193.0
249,193.625
250,194.375
251,195.0
252,195.75
253,196.5
254,197.125
255,198.0
256,198.875
257,199.875
258,200.75
259,201.375
260,202.0
261,202.625
262,203.375
263,204.0
264,204.875
265,205.75
266,206.75
267,207.625
268,208.25
269,208.875
270,209.625
271,210.5
272,211.5
273,212.375
274,213.0
275,213.625
276,214.25
277,215.0
278,215.625
279,216.375
280,217.0
281,217.75
282,218.5
283,219.125
284,220.0
285,220.875
286,221.875
287,222.75
288,223.375
289,224.0
290,224.625
291,225.375
292,226.0
293,226.875
294,227.75
295,228.75
296,229.625
297,230.25
298,230.875
299,231.625
300,232.5
301,233.5
302,234.375
303,235.0
304,235.625
305,236.25
306,237.0
307,237.625
308,238.375
309,239.0
310,239.75
311,240.5
312,241.125
313,242.0
314,242.875
315,243.875
316,244.75
317,245.375
318,246.0
319,246.625
320,247.375
321,248.0
322,248.875
323,249.75
324,250.75
325,251.625
326,252.25
327,252.875
328,253.625
329,254.5
330,255.5
331,256.375
332,257.0
333,257.625
334,258.25
335,259.0
336,259.625
337,260.375
338,261.0
339,261.75
340,262.5
341,263.125
342,264.0
343,264.875
344,265.875
345,266.75
346,267.375
347,268.0
348,268.625
349,269.375
350,270.0
351,270.875
352,271.75
353,272.75
354,273.625
355,274.25
356,274.875
357,275.625
358,276.5
359,277.5
360,278.375
361,279.0
362,279.625
363,280.25
364,281.0
365,281.625
366,282.375
367,283.0
368,283.75
369,284.5
370,285.125
371,286.0
372,286.875
373,287.875
374,288.75
375,289.375
376,290.0
377,290.625
378,291.375
379,292.0
380,292.875
381,293.75
382,294.75
383,295.625
384,296.25
385,296.875
386,297.625
387,298.5
388,299.5
389,300.375
390,301.0
391,301.625
392,302.25
393,303.0
394,303.625
395,304.375
396,305.0
397,305.75
398,306.5
399,307.125
400,308.0
401,308.875
402,309.875
403,310.75
404,311.375
405,312.0
406,312.625
407,313.375
408,314.0
409,314.875
410,315.75
411,316.75
412,317.625
413,318.25
414,318.875
415,319.625
416,320.5
417,321.5
418,322.375
419,323.0
420,323.625
421,324.25
422,325.0
423,325.625
424,326.375
425,327.0
426,327.75
427,328.5
428,329.125
429,330.0
430,330.875
431,331.875
432,332.75
433,333.375
434,334.0
435,334.625
436,335.375
437,336.0
438,336.875
439,337.75
440,338.75
441,339.625
442,340.25
443,340.875
444,341.625
445,342.5
446,343.5
447,344.375
448,345.0
449,345.625
450,346.25
451,347.0
452,347.625
453,348.375
454,349.0
455,349.75
456,350.5
457,351.125
458,352.0
459,352.875
460,353.875
461,354.75
462,355.375
463,356.0
464,356.625
465,357.375
466,358.0
467,358.875
468,359.75
469,360.75
470,361.625
471,362.25
472,362.875
473,363.625
474,364.5
475,365.5
476,366.375
477,367.0
478,367.625
479,368.25
480,369.0
481,369.625
482,370.375
483,371.0
484,371.75
485,372.5
486,373.125
487,374.0
488,374.875
489,375.875
490,376.75
491,377.375
492,378.0
493,378.625
494,379.375
495,380.0
496,380.875
497,381.75
498,382.75
499,383.625
0,0.625
1,1.25
2,1.875
3,2.5
4,3.125
5,3.75
6,4.8125
7,5.5625
8,6.5625
9,7.375
10,8.0
11,8.625
12,9.6875
13,10.3125
14,10.8125
15,11.4375
16,12.0625
17,12.6875
18,13.3125
19,13.9375
20,14.5625
21,15.5625
22,16.375
23,17.0
24,17.625
25,18.25
26,19.1875
27,19.8125
28,20.3125
29,20.9375
30,21.5625
31,22.1875
32,22.8125
33,23.75
34,24.375
35,24.875
36,25.5
37,26.125
38,26.75
39,27.375
40,28.3125
41,28.9375
42,29.4375
43,30.0625
44,30.6875
45,31.3125
46,31.9375
47,32.5625
48,33.5
49,34.125
50,34.625
51,35.25
52,35.875
53,36.5
54,37.125
55,38.0
56,38.8125
57,39.4375
58,40.0625
59,40.6875
60,41.5625
61,42.375
62,43.0
63,43.625
64,44.25
65,45.125
66,45.9375
67,46.5625
68,47.1875
69,47.8125
70,48.4375
71,49.3125
72,50.125
73,50.75
74,51.375
75,52.0
76,52.875
77,53.6875
78,54.3125
79,54.9375
80,55.5625
81,56.4375
82,57.375
83,58.0
84,58.625
85,59.25
86,59.875
87,60.75
88,61.6875
89,62.3125
90,62.9375
91,63.5625
92,64.1875
93,65.0625
94,66.0
95,66.625
96,67.25
97,67.875
98,68.75
99,69.6875
100,70.3125
101,70.9375
102,71.5625
103,72.1875
104,73.0625
105,74.0
106,74.625
107,75.25
108,75.875
109,76.5
110,77.375
111,78.3125
112,78.9375
113,79.5625
114,80.1875
115,80.8125
116,81.6875
117,82.625
118,83.25
119,83.875
120,84.5
121,85.375
122,86.3125
123,86.8125
124,87.3125
125,87.9375
126,88.5625
127,89.1875
128,89.8125
129,90.4375
130,91.0625
131,91.6875
132,92.3125
133,92.9375
134,93.8125
135,94.75
136,95.25
137,95.75
138,96.375
139,97.0
140,97.625
141,98.25
142,98.875
143,99.5
144,100.125
145,100.75
146,101.375
147,102.0
148,102.875
149,103.8125
150,104.4375
151,105.0625
152,105.6875
153,106.5625
154,107.5
155,108.0
156,108.5
157,109.125
158,109.75
159,110.375
160,111.0
161,111.625
162,112.25
163,112.875
164,113.5
165,114.125
166,115.0
167,115.8125
168,116.5625
169,117.0625
170,117.6875
171,118.3125
172,118.9375
173,119.5625
174,120.1875
175,120.8125
176,121.4375
177,122.0625
178,122.6875
179,123.5625
180,124.375
181,125.125
182,125.625
183,126.25
184,126.875
185,127.5
186,128.125
187,128.75
188,129.375
189,130.0
190,130.625
191,131.5
192,132.3125
193,132.9375
194,133.5625
195,134.1875
196,134.8125
197,135.4375
198,136.0625
199,136.6875
200,137.3125
201,138.1875
202,139.0
203,139.625
204,140.25
205,140.875
206,141.5
207,142.125
208,142.75
209,143.375
210,144.0
211,144.5
212,145.125
213,145.75
214,146.375
215,147.0
216,147.625
217,148.25
218,148.875
219,149.5
220,150.125
221,150.75
222,151.25
223,151.875
224,152.5
225,153.125
226,153.75
227,154.375
228,155.0
229,155.625
230,156.25
231,156.875
232,157.5
233,158.125
234,158.75
235,159.25
236,159.875
237,160.5
238,161.125
239,161.75
240,162.375
241,163.0
242,163.625
243,164.25
244,164.875
245,165.5
246,166.125
247,166.625
248,167.25
249,167.875
250,168.5
251,169.125
252,169.75
253,170.375
254,171.0
255,171.625
256,172.25
257,172.875
258,173.5
259,174.0
260,174.625
261,175.25
262,175.875
263,176.5
264,177.125
265,177.75
266,178.375
267,179.0
268,179.625
269,180.25
270,180.75
271,181.375
272,182.0
273,182.625
274,183.25
275,183.875
276,184.5
277,185.125
278,185.75
279,186.375
280,187.0
281,187.625
282,188.25
283,188.75
284,189.375
285,190.0
286,190.625
287,191.25
288,191.875
289,192.5
290,193.125
291,193.75
292,194.375
293,195.0
294,195.625
295,196.125
296,196.75
297,197.375
298,198.0
299,198.625
300,199.25
301,199.875
302,200.5
303,201.125
304,201.75
305,202.375
306,202.875
307,203.5
308,204.125
309,204.75
310,205.375
311,206.0
312,206.625
313,207.25
314,207.875
315,208.5
316,209.125
317,209.75
318,210.375
319,210.875
320,211.5
321,212.125
322,212.75
323,213.375
324,214.0
325,214.625
326,215.25
327,215.875
328,216.5
329,217.125
330,217.75
331,218.25
332,218.875
333,219.5
334,220.125
335,220.75
336,221.375
337,222.0
338,222.625
339,223.25
340,223.875
341,224.5
342,225.0
343,225.625
344,226.25
345,226.875
346,227.5
347,228.125
348,228.75
349,229.375
350,230.0
351,230.625
352,231.25
353,231.875
354,232.375
355,233.0
356,233.625
357,234.25
358,234.875
359,235.5
360,236.125
361,236.75
362,237.375
363,238.0
364,238.625
365,239.25
366,239.75
367,240.375
368,241.0
369,241.625
370,242.25
371,242.875
372,243.5
373,244.125
374,244.75
375,245.375
376,246.0
377,246.625
378,247.125
379,247.75
380,248.375
381,249.0
382,249.625
383,250.25
384,250.875
385,251.5
386,252.125
387,252.75
388,253.375
389,254.0
390,254.5
391,255.125
392,255.75
393,256.375
394,257.0
395,257.625
396,258.25
397,258.875
398,259.5
399,260.125
400,260.75
401,261.5
402,262.125
403,262.75
404,263.375
405,264.0
406,264.5
407,265.125
408,265.75
409,266.375
410,267.0
411,267.625
412,268.25
413,268.875
414,269.5
415,270.125
416,270.75
417,271.375
418,271.875
419,272.5
420,273.125
421,273.75
422,274.375
423,275.0
424,275.625
425,276.25
426,276.875
427,277.5
428,278.125
429,278.875
430,279.5
431,280.125
432,280.75
433,281.375
434,281.875
435,282.5
436,283.125
437,283.75
438,284.375
439,285.0
440,285.625
441,286.25
442,286.875
443,287.5
444,288.125
445,288.875
446,289.5
447,290.125
448,290.75
449,291.375
450,291.875
451,292.5
452,293.125
453,293.75
454,294.375
455,295.0
456,295.625
457,296.25
458,296.875
459,297.5
460,298.125
461,298.75
462,299.25
463,299.875
464,300.5
465,301.125
466,301.75
467,302.375
468,303.0
469,303.625
470,304.25
471,304.875
472,305.5
473,306.25
474,306.875
475,307.5
476,308.125
477,308.75
478,309.25
479,309.875
480,310.5
481,311.125
482,311.75
483,312.375
484,313.0
485,313.625
486,314.25
487,314.875
488,315.5
489,316.25
490,316.875
491,317.5
492,318.125
493,318.75
494,319.5
495,320.125
496,320.75
497,321.375
498,322.125
499,322.75
0,0.875
1,1.625
2,2.375
3,3.0625
4,3.8125
5,4.6875
6,5.375
7,6.125
8,6.8125
9,7.5625
10,8.5
11,9.4375
12,10.125
13,10.875
14,11.5625
15,12.3125
16,13.1875
17,13.875
18,14.625
19,15.3125
20,16.0625
21,17.0
22,17.9375
23,18.625
24,19.375
25,20.3125
26,21.25
27,21.9375
28,22.6875
29,23.625
30,24.5625
31,25.25
32,26.0
33,26.9375
34,27.875
35,28.5625
36,29.3125
37,30.0
38,30.625
39,31.5625
40,32.5
41,33.1875
42,33.9375
43,34.625
44,35.25
45,36.1875
46,37.125
47,37.8125
48,38.5625
49,39.5
50,40.375
51,41.25
52,42.0
53,42.8125
54,43.6875
55,44.4375
56,45.1875
57,45.875
58,46.625
59,47.5625
60,48.4375
61,49.25
62,49.9375
63,50.5625
64,51.25
65,52.0
66,52.9375
67,53.8125
68,54.6875
69,55.5625
70,56.3125
71,57.0
72,57.8125
73,58.5
74,59.125
75,59.8125
76,60.5625
77,61.5
78,62.375
79,63.25
80,64.125
81,64.875
82,65.5625
83,66.375
84,67.3125
85,68.1875
86,69.0625
87,69.9375
88,70.6875
89,71.375
90,72.25
91,73.125
92,73.875
93,74.5625
94,75.375
95,76.0625
96,76.6875
97,77.625
98,78.5
99,79.375
100,80.25
101,81.0
102,81.6875
103,82.5625
104,83.4375
105,84.1875
106,84.875
107,85.75
108,86.625
109,87.375
110,88.0625
111,88.875
112,89.8125
113,90.6875
114,91.5625
115,92.4375
116,93.1875
117,93.875
118,94.75
119,95.625
120,96.375
121,97.0625
122,97.9375
123,98.8125
124,99.6875
125,100.5625
126,101.4375
127,102.3125
128,103.0625
129,103.75
130,104.625
131,105.5
132,106.25
133,106.9375
134,107.8125
135,108.6875
136,109.4375
137,110.125
138,111.0
139,111.875
140,112.625
141,113.3125
142,114.1875
143,115.0625
144,115.8125
145,116.5
146,117.375
147,118.25
148,119.125
149,120.0
150,120.875
151,121.75
152,122.625
153,123.375
154,124.0625
155,124.9375
156,125.8125
157,126.5625
158,127.25
159,128.125
160,129.0
161,129.75
162,130.4375
163,131.3125
164,132.1875
165,133.0625
166,133.9375
167,134.8125
168,135.6875
169,136.5625
170,137.3125
171,138.0
172,138.875
173,139.75
174,140.5
175,141.1875
176,142.0625
177,142.9375
178,143.6875
179,144.375
180,145.25
181,146.125
182,147.0
183,147.875
184,148.75
185,149.625
186,150.375
187,151.0625
188,151.9375
189,152.8125
190,153.5625
191,154.25
192,155.125
193,156.0
194,156.75
195,157.4375
196,158.3125
197,159.1875
198,159.9375
199,160.625
200,161.5
201,162.375
202,163.25
203,164.125
204,165.0
205,165.875
206,166.75
207,167.5
208,168.1875
209,169.0625
210,169.9375
211,170.6875
212,171.375
213,172.25
214,173.125
215,174.0
216,174.75
217,175.4375
218,176.3125
219,177.0625
220,177.875
221,178.75
222,179.625
223,180.5
224,181.375
225,182.25
226,183.0
227,183.6875
228,184.5625
229,185.3125
230,186.0625
231,186.75
232,187.625
233,188.5
234,189.25
235,190.0
236,190.6875
237,191.5625
238,192.4375
239,193.1875
240,194.0625
241,194.8125
242,195.625
243,196.5
244,197.375
245,198.25
246,199.125
247,200.0
248,200.75
249,201.4375
250,202.3125
251,203.0625
252,203.8125
253,204.5
254,205.375
255,206.25
256,207.0
257,207.75
258,208.4375
259,209.3125
260,210.1875
261,210.9375
262,211.8125
263,212.75
264,213.625
265,214.375
266,215.25
267,216.0
268,216.6875
269,217.5625
270,218.3125
271,219.125
272,219.875
273,220.75
274,221.625
275,222.5
276,223.375
277,224.25
278,225.0
279,225.875
280,226.8125
281,227.5625
282,228.4375
283,229.375
284,230.25
285,231.0
286,231.875
287,232.625
288,233.4375
289,234.1875
290,235.0625
291,235.9375
292,236.8125
293,237.6875
294,238.4375
295,239.1875
296,239.9375
297,240.625
298,241.5
299,242.375
300,243.25
301,244.0
302,244.875
303,245.8125
304,246.5625
305,247.4375
306,248.375
307,249.25
308,250.0
309,250.875
310,251.625
311,252.4375
312,253.1875
313,254.0625
314,254.9375
315,255.8125
316,256.6875
317,257.4375
318,258.1875
319,258.9375
320,259.625
321,260.5
322,261.375
323,262.25
324,263.0
325,263.625
326,264.375
327,265.0625
328,265.9375
329,266.8125
330,267.6875
331,268.4375
332,269.0625
333,269.8125
334,270.5
335,271.375
336,272.25
337,273.125
338,273.875
339,274.5
340,275.4375
341,276.3125
342,277.0625
343,277.6875
344,278.3125
345,279.25
346,280.125
347,281.0
348,281.75
349,282.625
350,283.375
351,284.1875
352,284.9375
353,285.8125
354,286.6875
355,287.5625
356,288.4375
357,289.1875
358,289.8125
359,290.75
360,291.625
361,292.375
362,293.25
363,294.0
364,294.6875
365,295.3125
366,295.9375
367,296.875
368,297.75
369,298.625
370,299.375
371,300.25
372,301.0
373,301.8125
374,302.5625
375,303.4375
376,304.3125
377,305.1875
378,306.0625
379,306.9375
380,307.6875
381,308.3125
382,308.9375
383,309.875
384,310.75
385,311.625
386,312.375
387,313.25
388,314.0
389,314.6875
390,315.3125
391,315.9375
392,316.875
393,317.75
394,318.625
395,319.375
396,320.25
397,321.125
398,322.0
399,322.875
400,323.75
401,324.5
402,325.125
403,325.75
404,326.6875
405,327.5625
406,328.4375
407,329.1875
408,329.8125
409,330.4375
410,331.375
411,332.25
412,333.125
413,333.875
414,334.5
415,335.125
416,335.9375
417,336.6875
418,337.5625
419,338.4375
420,339.3125
421,340.0625
422,340.9375
423,341.8125
424,342.6875
425,343.5625
426,344.4375
427,345.1875
428,345.8125
429,346.4375
430,347.375
431,348.25
432,349.125
433,349.875
434,350.5
435,351.125
436,352.0625
437,352.9375
438,353.8125
439,354.5625
440,355.1875
441,355.8125
442,356.625
443,357.375
444,358.25
445,359.125
446,360.0
447,360.75
448,361.375
449,362.0
450,362.8125
451,363.5625
452,364.4375
453,365.3125
454,366.1875
455,366.9375
456,367.5625
457,368.1875
458,369.0
459,369.75
460,370.625
461,371.5
462,372.375
463,373.125
464,374.0
465,374.875
466,375.75
467,376.625
468,377.5
469,378.25
470,378.875
471,379.5
472,380.4375
473,381.3125
474,382.1875
475,382.9375
476,383.5625
477,384.1875
478,385.125
479,386.0
480,386.875
481,387.625
482,388.25
483,388.875
484,389.6875
485,390.4375
486,391.3125
487,392.1875
488,393.0625
489,393.8125
490,394.4375
491,395.0625
492,395.875
493,396.625
494,397.5
495,398.375
496,399.25
497,400.0
498,400.625
499,401.25
0,0.75
1,1.5
2,2.375
3,2.875
4,3.5
5,4.25
6,5.0
7,5.875
8,6.375
9,7.0
10,7.75
11,8.5
12,9.375
13,9.875
14,10.5
15,11.25
16,12.0
17,12.875
18,13.625
19,14.5
20,15.25
21,16.0
22,16.875
23,17.625
24,18.5
25,19.25
26,19.75
27,20.5
28,21.375
29,22.125
30,23.0
31,23.75
32,24.625
33,25.375
34,26.125
35,26.875
36,27.625
37,28.375
38,29.125
39,30.0
40,30.75
41,31.5
42,32.25
43,33.0
44,33.75
45,34.5
46,35.25
47,36.125
48,36.875
49,37.625
50,38.375
51,39.125
52,39.875
53,40.625
54,41.375
55,42.125
56,43.0
57,43.75
58,44.5
59,45.25
60,46.0
61,46.75
62,47.5
63,48.25
64,49.0
65,49.875
66,50.625
67,51.375
68,52.125
69,52.875
70,53.625
71,54.375
72,55.125
73,55.875
74,56.75
75,57.5
76,58.25
77,59.0
78,59.75
79,60.5
80,61.25
81,62.125
82,63.0
83,63.75
84,64.5
85,65.25
86,66.0
87,66.75
88,67.5
89,68.25
90,69.0
91,69.75
92,70.5
93,71.25
94,72.0
95,72.75
96,73.5
97,74.25
98,75.0
99,75.75
100,76.5
101,77.25
102,78.0
103,78.75
104,79.5
105,80.25
106,81.0
107,81.75
108,82.5
109,83.25
110,84.0
111,84.75
112,85.5
113,86.25
114,87.0
115,87.75
116,88.5
117,89.25
118,90.0
119,90.75
120,91.5
121,92.25
122,93.0
123,93.75
124,94.5
125,95.25
126,96.0
127,96.75
128,97.5
129,98.25
130,99.0
131,99.75
132,100.5
133,101.25
134,102.0
135,102.75
136,103.5
137,104.25
138,105.0
139,105.75
140,106.5
141,107.25
142,108.0
143,108.75
144,109.5
145,110.25
146,111.0
147,111.75
148,112.5
149,113.25
150,114.0
151,114.75
152,115.5
153,116.25
154,117.0
155,117.75
156,118.5
157,119.25
158,120.0
159,120.75
160,121.5
161,122.25
162,123.0
163,123.75
164,124.5
165,125.25
166,126.0
167,126.75
168,127.5
169,128.25
170,129.0
171,129.75
172,130.5
173,131.25
174,132.0
175,132.75
176,133.5
177,134.25
178,135.0
179,135.75
180,136.5
181,137.25
182,138.0
183,138.75
184,139.5
185,140.25
186,141.0
187,141.75
188,142.5
189,143.25
190,144.0
191,144.75
192,145.5
193,146.25
194,147.0
195,147.75
196,148.5
197,149.25
198,150.0
199,150.75
200,151.5
201,152.25
202,153.0
203,153.75
204,154.5
205,155.25
206,156.0
207,156.75
208,157.5
209,158.25
210,159.0
211,159.75
212,160.5
213,161.25
214,162.0
215,162.75
216,163.5
217,164.25
218,165.0
219,165.75
220,166.5
221,167.25
222,168.0
223,168.75
224,169.5
225,170.25
226,171.0
227,171.75
228,172.5
229,173.25
230,174.0
231,174.75
232,175.5
233,176.25
234,177.0
235,177.75
236,178.5
237,179.25
238,180.0
239,180.75
240,181.5
241,182.25
242,183.0
243,183.75
244,184.5
245,185.25
246,186.0
247,186.75
248,187.5
249,188.25
250,189.0
251,189.75
252,190.5
253,191.25
254,192.0
255,192.75
256,193.5
257,194.25
258,195.0
259,195.75
260,196.5
261,197.25
262,198.0
263,198.75
264,199.5
265,200.25
266,201.0
267,201.75
268,202.5
269,203.25
270,204.0
271,204.75
272,205.5
273,206.25
274,207.0
275,207.75
276,208.5
277,209.25
278,210.0
279,210.75
280,211.5
281,212.25
282,213.0
283,213.75
284,214.5
285,215.25
286,216.0
287,216.75
288,217.5
289,218.25
290,219.0
291,219.75
292,220.5
293,221.25
294,222.0
295,222.75
296,223.5
297,224.25
298,225.0
299,225.75
300,226.5
301,227.25
302,228.0
303,228.75
304,229.5
305,230.25
306,231.0
307,231.75
308,232.5
309,233.25
310,234.0
311,234.75
312,235.5
313,236.25
314,237.0
315,237.75
316,238.5
317,239.25
318,240.0
319,240.75
320,241.5
321,242.25
322,243.0
323,243.75
324,244.5
325,245.25
326,246.0
327,246.75
328,247.5
329,248.25
330,249.0
331,249.75
332,250.5
333,251.25
334,252.0
335,252.75
336,253.5
337,254.25
338,255.0
339,255.75
340,256.5
341,257.25
342,258.0
343,258.75
344,259.5
345,260.25
346,261.0
347,261.75
348,262.5
349,263.25
350,264.0
351,264.75
352,265.5
353,266.25
354,267.0
355,267.75
356,268.5
357,269.25
358,270.0
359,270.75
360,271.5
361,272.25
362,273.0
363,273.75
364,274.5
365,275.25
366,276.0
367,276.75
368,277.5
369,278.25
370,279.0
371,279.75
372,280.5
373,281.25
374,282.0
375,282.75
376,283.5
377,284.25
378,285.0
379,285.75
380,286.5
381,287.25
382,288.0
383,288.75
384,289.5
385,290.25
386,291.0
387,291.75
388,292.5
389,293.25
390,294.0
391,294.75
392,295.5
393,296.25
394,297.0
395,297.75
396,298.5
397,299.25
398,300.0
399,300.75
400,301.5
401,302.25
402,303.0
403,303.75
404,304.5
405,305.25
406,306.0
407,306.75
408,307.5
409,308.25
410,309.0
411,309.75
412,310.5
413,311.25
414,312.0
415,312.75
416,313.5
417,314.25
418,315.0
419,315.75
420,316.5
421,317.25
422,318.0
423,318.75
424,319.5
425,320.25
426,321.0
427,321.75
428,322.5
429,323.25
430,324.0
431,324.75
432,325.5
433,326.25
434,327.0
435,327.75
436,328.5
437,329.25
438,330.0
439,330.75
440,331.5
441,332.25
442,333.0
443,333.75
444,334.5
445,335.25
446,336.0
447,336.75
448,337.5
449,338.25
450,339.0
451,339.75
452,340.5
453,341.25
454,342.0
455,342.75
456,343.5
457,344.25
458,345.0
459,345.75
460,346.5
461,347.25
462,348.0
463,348.75
464,349.5
465,350.25
466,351.0
467,351.75
468,352.5
469,353.25
470,354.0
471,354.75
472,355.5
473,356.25
474,357.0
475,357.75
476,358.5
477,359.25
478,360.0
479,360.75
480,361.5
481,362.25
482,363.0
483,363.75
484,364.5
485,365.25
486,366.0
487,366.75
488,367.5
489,368.25
490,369.0
491,369.75
492,370.5
493,371.25
494,372.0
495,372.75
496,373.5
497,374.25
498,375.0
499,375.75
0,0.75
1,1.5
2,2.25
3,3.0
4,3.8125
5,4.5
6,5.25
7,6.0
8,6.75
9,7.5
10,8.375
11,9.125
12,9.875
13,10.625
14,11.375
15,12.125
16,12.75
17,13.4375
18,14.1875
19,14.9375
20,15.6875
21,16.4375
22,17.0625
23,17.75
24,18.5
25,19.25
26,20.0
27,20.75
28,21.5625
29,22.3125
30,23.0625
31,23.8125
32,24.5
33,25.0
34,25.5625
35,26.1875
36,26.875
37,27.625
38,28.375
39,29.125
40,29.875
41,30.6875
42,31.4375
43,32.1875
44,32.9375
45,33.625
46,34.125
47,34.6875
48,35.3125
49,36.0
50,36.75
51,37.5
52,38.25
53,38.9375
54,39.4375
55,40.125
56,40.75
57,41.4375
58,42.1875
59,43.0
60,43.75
61,44.5
62,45.25
63,45.9375
64,46.4375
65,47.0
66,47.625
67,48.25
68,48.9375
69,49.6875
70,50.5
71,51.25
72,52.0
73,52.75
74,53.4375
75,53.9375
76,54.5
77,55.125
78,55.75
79,56.4375
80,57.1875
81,57.9375
82,58.5
83,59.125
84,59.8125
85,60.5625
86,61.3125
87,62.0
88,62.75
89,63.5625
90,64.3125
91,65.0625
92,65.75
93,66.5
94,67.25
95,67.9375
96,68.6875
97,69.4375
98,70.0
99,70.625
100,71.3125
101,72.0625
102,72.8125
103,73.375
104,74.0
105,74.6875
106,75.4375
107,76.1875
108,76.875
109,77.625
110,78.4375
111,79.0625
112,79.9375
113,80.5
114,81.125
115,81.6875
116,82.3125
117,83.0
118,83.5
119,84.4375
120,85.0625
121,85.9375
122,86.5
123,87.125
124,87.8125
125,88.3125
126,89.125
127,89.875
128,90.375
129,91.3125
130,91.9375
131,92.8125
132,93.375
133,94.0
134,94.6875
135,95.4375
136,96.1875
137,96.8125
138,97.5
139,98.25
140,99.0
141,99.5
142,100.125
143,100.8125
144,101.5625
145,102.3125
146,102.8125
147,103.4375
148,104.125
149,104.875
150,105.6875
151,106.1875
152,107.0
153,107.75
154,108.5
155,109.0
156,109.625
157,110.3125
158,111.0625
159,111.8125
160,112.3125
161,112.8125
162,113.4375
163,114.0
164,114.5
165,115.125
166,115.8125
167,116.5625
168,117.3125
169,117.8125
170,118.4375
171,119.125
172,119.875
173,120.6875
174,121.1875
175,122.0
176,122.75
177,123.5
178,124.0
179,124.625
180,125.3125
181,126.0625
182,126.8125
183,127.3125
184,127.8125
185,128.4375
186,129.0
187,129.5
188,130.125
189,130.6875
190,131.1875
191,131.8125
192,132.375
193,132.875
194,133.5
195,134.0625
196,134.5625
197,135.1875
198,135.75
199,136.25
200,136.875
201,137.5625
202,138.3125
203,139.0625
204,139.5625
205,140.0625
206,140.6875
207,141.25
208,141.75
209,142.375
210,142.9375
211,143.4375
212,144.0625
213,144.625
214,145.125
215,145.75
216,146.3125
217,146.8125
218,147.4375
219,148.0
220,148.5
221,149.125
222,149.8125
223,150.5625
224,151.3125
225,151.8125
226,152.4375
227,153.125
228,153.875
229,154.625
230,155.125
231,155.625
232,156.25
233,156.8125
234,157.3125
235,157.9375
236,158.5
237,159.0
238,159.625
239,160.1875
240,160.6875
241,161.3125
242,161.875
243,162.375
244,163.0
245,163.5625
246,164.0625
247,164.6875
248,165.25
249,165.75
250,166.375
251,167.0625
252,167.8125
253,168.5625
254,169.0625
255,169.5625
256,170.1875
257,170.75
258,171.25
259,171.875
260,172.4375
261,172.9375
262,173.5625
263,174.125
264,174.625
265,175.25
266,175.8125
267,176.3125
268,176.9375
269,177.5
270,178.375
271,179.25
272,180.125
273,180.75
274,181.5625
275,182.1875
276,183.0
277,183.625
278,184.4375
279,185.0625
280,185.875
281,186.75
282,187.375
283,188.1875
284,188.8125
285,189.75
286,190.5
287,191.125
288,191.6875
289,192.3125
290,192.875
291,193.5
292,194.0625
293,194.9375
294,195.8125
295,196.4375
296,197.0625
297,197.5625
298,198.0625
299,198.5625
300,199.0625
301,199.5625
302,200.1875
303,200.75
304,201.25
305,201.875
306,202.4375
307,203.0625
308,203.6875
309,204.1875
310,204.6875
311,205.1875
312,205.6875
313,206.1875
314,206.8125
315,207.375
316,207.875
317,208.5
318,209.0625
319,209.5625
320,210.1875
321,210.75
322,211.375
323,212.0
324,212.625
325,213.1875
326,213.8125
327,214.5625
328,215.125
329,215.75
330,216.5625
331,217.1875
332,217.875
333,218.625
334,219.375
335,219.875
336,220.5
337,221.0625
338,221.6875
339,222.3125
340,222.9375
341,223.5
342,224.125
343,224.75
344,225.375
345,225.9375
346,226.5625
347,227.1875
348,227.8125
349,228.375
350,229.0
351,229.625
352,230.25
353,230.8125
354,231.4375
355,232.0625
356,232.6875
357,233.25
358,233.875
359,234.5
360,235.125
361,235.8125
362,236.4375
363,237.3125
364,238.0
365,238.625
366,239.4375
367,240.0625
368,240.9375
369,241.625
370,242.25
371,243.0625
372,243.6875
373,244.5
374,245.125
375,245.9375
376,246.5625
377,247.375
378,248.0
379,248.8125
380,249.4375
381,250.25
382,250.875
383,251.75
384,252.4375
385,253.0625
386,253.875
387,254.5
388,255.3125
389,255.9375
390,256.75
391,257.375
392,258.1875
393,258.8125
394,259.625
395,260.25
396,261.125
397,261.8125
398,262.4375
399,262.6875
400,263.4375
401,264.125
402,264.75
403,265.0
404,265.75
405,266.4375
406,267.0625
407,267.9375
408,268.625
409,269.25
410,269.5
411,270.25
412,270.9375
413,271.5625
414,272.4375
415,273.125
416,273.75
417,274.0
418,274.75
419,275.4375
420,276.0625
421,276.3125
422,277.0625
423,277.75
424,278.375
425,279.25
426,279.9375
427,280.5625
428,280.8125
429,281.5625
430,282.25
431,282.875
432,283.375
433,284.25
434,284.9375
435,285.5625
436,286.4375
437,287.125
438,287.75
439,288.0
440,288.75
441,289.4375
442,290.0625
443,290.5625
444,291.4375
445,292.125
446,292.75
447,293.25
448,294.125
449,294.8125
450,295.4375
451,296.3125
452,297.0
453,297.625
454,298.125
455,299.0
456,299.6875
457,300.3125
458,300.8125
459,301.6875
460,302.375
461,303.0
462,303.875
463,304.5625
464,305.1875
465,305.6875
466,306.5625
467,307.25
468,307.875
469,308.375
470,309.25
471,309.9375
472,310.5625
473,311.0625
474,311.9375
475,312.625
476,313.25
477,314.125
478,314.8125
479,315.4375
480,315.9375
481,316.8125
482,317.5
483,318.125
484,318.625
485,319.5
486,320.1875
487,320.8125
488,321.3125
489,322.1875
490,322.875
491,323.5
492,324.375
493,325.0625
494,325.6875
495,326.1875
496,327.0625
497,327.75
498,328.375
499,328.875
