0,1.0625
1,2.125
2,3.1875
3,4.1458335
4,5.1875
5,6.1666665
6,7.125
7,8.083333
8,9.083333
9,10.125
10,10.895833
11,11.895833
12,12.916667
13,13.8125
14,14.791667
15,15.604167
16,16.479166
17,17.395834
18,18.354166
19,19.1875
20,20.041666
21,20.729166
22,21.729166
23,22.729166
24,23.729166
25,24.6875
26,25.6875
27,26.6875
28,27.6875
29,28.645834
30,29.645834
31,30.604166
32,31.333334
33,32.083332
34,32.895832
35,33.625
36,34.4375
37,35.208332
38,35.979168
39,36.8125
40,37.625
41,38.354168
42,39.166668
43,39.9375
44,40.770832
45,41.583332
46,42.395832
47,43.125
48,43.854168
49,44.541668
50,45.270832
51,46.020832
52,46.791668
53,47.479168
54,48.291668
55,48.895832
56,49.666668
57,50.270832
58,51.0
59,51.854168
60,52.708332
61,53.5625
62,54.416668
63,55.270832
64,56.125
65,56.979168
66,57.875
67,58.6875
68,59.541668
69,60.395832
70,61.25
71,62.104168
72,62.958332
73,63.8125
74,64.666664
75,65.520836
76,66.375
77,67.229164
78,68.041664
79,68.895836
80,69.75
81,70.604164
82,71.5
83,72.354164
84,73.25
85,74.104164
86,75.0
87,75.854164
88,76.75
89,77.604164
90,78.5
91,79.354164
92,80.25
93,81.104164
94,82.0
95,82.854164
96,83.666664
97,84.333336
98,84.979164
99,85.833336
100,86.645836
101,87.229164
102,88.125
103,88.9375
104,89.479164
105,90.125
106,91.0
107,91.8125
108,92.354164
109,93.0
110,93.875
111,94.6875
112,95.229164
113,95.854164
114,96.666664
115,97.208336
116,97.833336
117,98.6875
118,99.229164
119,100.041664
120,100.583336
121,101.229164
122,102.020836
123,102.5625
124,103.416664
125,104.270836
126,104.9375
127,105.625
128,106.416664
129,107.125
130,107.979164
131,108.625
132,109.416664
133,109.958336
134,110.770836
135,111.375
136,112.25
137,112.875
138,113.5
139,114.1875
140,114.979164
141,115.645836
142,116.333336
143,117.125
144,117.791664
145,118.479164
146,119.270836
147,119.9375
148,120.625
149,121.416664
150,122.166664
151,122.916664
152,123.708336
153,124.458336
154,125.291664
155,125.979164
156,126.770836
157,127.520836
158,128.27083
159,129.0625
160,129.8125
161,130.60417
162,131.22917
163,131.91667
164,132.70833
165,133.33333
166,134.02083
167,134.8125
168,135.5625
169,136.3125
170,137.10417
171,137.85417
172,138.64583
173,139.27083
174,139.95833
175,140.75
176,141.375
177,142.0625
178,142.85417
179,143.60417
180,144.35417
181,145.14583
182,145.89583
183,146.6875
184,147.3125
185,148.0
186,148.79167
187,149.41667
188,150.0
189,150.60417
190,151.4375
191,152.0625
192,152.79167
193,153.625
194,154.25
195,154.97917
196,155.77083
197,156.52083
198,157.3125
199,158.0625
200,158.85417
201,159.47917
202,160.10417
203,160.91667
204,161.54167
205,162.125
206,162.9375
207,163.6875
208,164.4375
209,165.1875
210,165.9375
211,166.72917
212,167.35417
213,168.08333
214,168.875
215,169.625
216,170.375
217,171.16667
218,171.70833
219,172.5
220,173.25
221,174.0
222,174.75
223,175.5
224,176.25
225,177.0
226,177.625
227,178.20833
228,179.0625
229,179.6875
230,180.41667
231,181.20833
232,181.95833
233,182.70833
234,183.45833
235,184.20833
236,184.91667
237,185.66667
238,186.45833
239,187.20833
240,187.95833
241,188.66667
242,189.41667
243,190.20833
244,190.95833
245,191.70833
246,192.45833
247,193.20833
248,194.0
249,194.54167
250,195.33333
251,196.08333
252,196.83333
253,197.58333
254,198.29167
255,199.04167
256,199.83333
257,200.58333
258,201.33333
259,202.04167
260,202.79167
261,203.58333
262,204.33333
263,205.08333
264,205.83333
265,206.58333
266,207.375
267,207.91667
268,208.70833
269,209.45833
270,210.20833
271,210.95833
272,211.66667
273,212.41667
274,213.20833
275,213.95833
276,214.70833
277,215.41667
278,216.16667
279,216.95833
280,217.70833
281,218.45833
282,219.20833
283,219.95833
284,220.75
285,221.29167
286,222.08333
287,222.83333
288,223.58333
289,224.33333
290,225.04167
291,225.79167
292,226.58333
293,227.33333
294,228.08333
295,228.79167
296,229.54167
297,230.33333
298,231.08333
299,231.83333
300,232.58333
301,233.33333
302,234.125
303,234.66667
304,235.45833
305,236.20833
306,236.95833
307,237.70833
308,238.41667
309,239.16667
310,239.95833
311,240.70833
312,241.45833
313,242.16667
314,242.91667
315,243.70833
316,244.45833
317,245.20833
318,245.95833
319,246.70833
320,247.5
321,248.04167
322,248.83333
323,249.58333
324,250.33333
325,251.08333
326,251.79167
327,252.54167
328,253.33333
329,254.08333
330,254.83333
331,255.54167
332,256.29166
333,257.08334
334,257.83334
335,258.58334
336,259.33334
337,260.08334
338,260.875
339,261.41666
340,262.20834
341,262.95834
342,263.70834
343,264.45834
344,265.16666
345,265.91666
346,266.70834
347,267.45834
348,268.20834
349,268.91666
350,269.66666
351,270.45834
352,271.20834
353,271.95834
354,272.70834
355,273.45834
356,274.25
357,274.79166
358,275.58334
359,276.33334
360,277.08334
361,277.83334
362,278.54166
363,279.29166
364,280.08334
365,280.83334
366,281.58334
367,282.29166
368,283.04166
369,283.83334
370,284.58334
371,285.33334
372,286.08334
373,286.83334
374,287.625
375,288.16666
376,288.95834
377,289.70834
378,290.45834
379,291.20834
380,291.91666
381,292.66666
382,293.45834
383,294.20834
384,294.95834
385,295.66666
386,296.41666
387,297.20834
388,297.95834
389,298.70834
390,299.45834
391,300.20834
392,301.0
393,301.54166
394,302.33334
395,303.08334
396,303.83334
397,304.58334
398,305.29166
399,306.04166
400,306.83334
401,307.58334
402,308.33334
403,309.04166
404,309.79166
405,310.58334
406,311.33334
407,312.08334
408,312.83334
409,313.58334
410,314.375
411,314.91666
412,315.70834
413,316.45834
414,317.20834
415,317.95834
416,318.66666
417,319.41666
418,320.20834
419,320.95834
420,321.70834
421,322.41666
422,323.16666
423,323.95834
424,324.70834
425,325.45834
426,326.20834
427,326.95834
428,327.75
429,328.29166
430,329.08334
431,329.83334
432,330.58334
433,331.33334
434,332.04166
435,332.79166
436,333.58334
437,334.33334
438,335.08334
439,335.79166
440,336.54166
441,337.33334
442,338.08334
443,338.83334
444,339.58334
445,340.33334
446,341.125
447,341.66666
448,342.45834
449,343.20834
450,343.95834
451,344.70834
452,345.41666
453,346.16666
454,346.95834
455,347.70834
456,348.45834
457,349.16666
458,349.91666
459,350.70834
460,351.45834
461,352.20834
462,352.95834
463,353.70834
464,354.5
465,355.04166
466,355.83334
467,356.58334
468,357.33334
469,358.08334
470,358.79166
471,359.54166
472,360.33334
473,361.08334
474,361.83334
475,362.54166
476,363.29166
477,364.08334
478,364.83334
479,365.58334
480,366.33334
481,367.08334
482,367.875
483,368.41666
484,369.20834
485,369.95834
486,370.70834
487,371.45834
488,372.16666
489,372.91666
490,373.70834
491,374.45834
492,375.20834
493,375.91666
494,376.66666
495,377.45834
496,378.20834
497,378.95834
498,379.70834
499,380.45834
0,1.0416666
1,2.1041667
2,3.1041667
3,4.1458335
4,5.2083335
5,6.0833335
6,7.0416665
7,7.9583335
8,8.916667
9,9.875
10,10.75
11,11.708333
12,12.666667
13,13.6875
14,14.583333
15,15.541667
16,16.458334
17,17.416666
18,18.4375
19,19.333334
20,20.25
21,21.166666
22,22.083334
23,23.0
24,23.916666
25,24.791666
26,25.625
27,26.541666
28,27.416666
29,28.208334
30,29.041666
31,29.875
32,30.666666
33,31.5
34,32.291668
35,33.020832
36,33.708332
37,34.395832
38,35.083332
39,35.770832
40,36.5
41,37.229168
42,38.020832
43,38.729168
44,39.458332
45,40.208332
46,40.958332
47,41.708332
48,42.4375
49,43.229168
50,43.895832
51,44.625
52,45.416668
53,46.083332
54,46.8125
55,47.604168
56,48.25
57,48.979168
58,49.666668
59,50.395832
60,51.083332
61,51.8125
62,52.5
63,53.229168
64,53.916668
65,54.604168
66,55.333332
67,56.020832
68,56.75
69,57.4375
70,58.166668
71,58.854168
72,59.583332
73,60.270832
74,60.958332
75,61.6875
76,62.375
77,63.104168
78,63.791668
79,64.520836
80,65.208336
81,65.9375
82,66.625
83,67.3125
84,68.041664
85,68.729164
86,69.458336
87,70.145836
88,70.875
89,71.5625
90,72.25
91,72.854164
92,73.458336
93,74.1875
94,74.875
95,75.5625
96,76.166664
97,76.770836
98,77.458336
99,78.0625
100,78.666664
101,79.354164
102,80.041664
103,80.625
104,81.333336
105,82.020836
106,82.645836
107,83.3125
108,83.9375
109,84.604164
110,85.208336
111,85.854164
112,86.458336
113,87.104164
114,87.75
115,88.395836
116,89.020836
117,89.666664
118,90.25
119,90.9375
120,91.708336
121,92.333336
122,93.020836
123,93.625
124,94.291664
125,94.875
126,95.5625
127,96.333336
128,96.979164
129,97.6875
130,98.291664
131,99.0
132,99.604164
133,100.354164
134,100.958336
135,101.708336
136,102.3125
137,103.020836
138,103.625
139,104.375
140,104.979164
141,105.729164
142,106.333336
143,107.041664
144,107.645836
145,108.354164
146,109.0
147,109.708336
148,110.354164
149,111.104164
150,111.708336
151,112.416664
152,113.020836
153,113.729164
154,114.375
155,115.083336
156,115.729164
157,116.4375
158,117.083336
159,117.791664
160,118.395836
161,119.104164
162,119.708336
163,120.416664
164,120.895836
165,121.604164
166,122.208336
167,122.916664
168,123.395836
169,124.104164
170,124.708336
171,125.416664
172,125.916664
173,126.645836
174,127.166664
175,127.875
176,128.47917
177,129.1875
178,129.6875
179,130.41667
180,130.91667
181,131.6875
182,132.25
183,133.0
184,133.45833
185,134.22917
186,134.77083
187,135.5
188,136.10417
189,136.8125
190,137.375
191,138.08333
192,138.64583
193,139.35417
194,139.85417
195,140.625
196,141.125
197,141.89583
198,142.41667
199,143.08333
200,143.83333
201,144.4375
202,145.14583
203,145.70833
204,146.41667
205,146.91667
206,147.6875
207,148.1875
208,148.91667
209,149.47917
210,150.22917
211,150.8125
212,151.45833
213,152.20833
214,152.79167
215,153.5625
216,154.10417
217,154.875
218,155.41667
219,156.1875
220,156.72917
221,157.5
222,158.0
223,158.58333
224,159.35417
225,159.89583
226,160.66667
227,161.16667
228,161.75
229,162.52083
230,163.0625
231,163.83333
232,164.33333
233,164.91667
234,165.6875
235,166.22917
236,166.8125
237,167.5
238,168.25
239,168.83333
240,169.52083
241,170.27083
242,170.8125
243,171.5
244,172.16667
245,172.70833
246,173.39583
247,174.0625
248,174.64583
249,175.25
250,176.0
251,176.58333
252,177.27083
253,178.02083
254,178.60417
255,179.20833
256,179.91667
257,180.45833
258,181.14583
259,181.89583
260,182.4375
261,183.16667
262,183.79167
263,184.375
264,184.85417
265,185.35417
266,185.85417
267,186.35417
268,186.85417
269,187.35417
270,187.85417
271,188.35417
272,188.85417
273,189.35417
274,189.9375
275,190.4375
276,190.9375
277,191.4375
278,191.9375
279,192.4375
280,192.9375
281,193.52083
282,194.02083
283,194.52083
284,195.02083
285,195.52083
286,196.02083
287,196.52083
288,197.14583
289,197.6875
290,198.22917
291,198.8125
292,199.35417
293,199.89583
294,200.4375
295,200.9375
296,201.4375
297,201.9375
298,202.4375
299,202.9375
300,203.4375
301,203.9375
302,204.5625
303,205.10417
304,205.64583
305,206.22917
306,206.77083
307,207.3125
308,207.89583
309,208.4375
310,208.97917
311,209.52083
312,210.02083
313,210.52083
314,211.02083
315,211.52083
316,212.02083
317,212.52083
318,213.02083
319,213.52083
320,214.14583
321,214.6875
322,215.22917
323,215.8125
324,216.35417
325,216.89583
326,217.47917
327,218.02083
328,218.5625
329,219.10417
330,219.60417
331,220.10417
332,220.60417
333,221.10417
334,221.60417
335,222.10417
336,222.60417
337,223.10417
338,223.72917
339,224.27083
340,224.8125
341,225.39583
342,225.9375
343,226.47917
344,227.0625
345,227.60417
346,228.14583
347,228.6875
348,229.1875
349,229.6875
350,230.1875
351,230.6875
352,231.1875
353,231.6875
354,232.1875
355,232.6875
356,233.3125
357,233.85417
358,234.39583
359,234.97917
360,235.52083
361,236.0625
362,236.64583
363,237.1875
364,237.72917
365,238.27083
366,238.77083
367,239.27083
368,239.77083
369,240.27083
370,240.77083
371,241.27083
372,241.77083
373,242.27083
374,242.89583
375,243.4375
376,243.97917
377,244.5625
378,245.10417
379,245.64583
380,246.22917
381,246.77083
382,247.3125
383,247.85417
384,248.35417
385,248.85417
386,249.35417
387,249.85417
388,250.35417
389,250.85417
390,251.35417
391,251.85417
392,252.47917
393,253.02083
394,253.5625
395,254.14583
396,254.6875
397,255.22917
398,255.8125
399,256.35416
400,256.89584
401,257.4375
402,257.9375
403,258.4375
404,258.9375
405,259.4375
406,259.9375
407,260.4375
408,260.9375
409,261.4375
410,262.0625
411,262.60416
412,263.14584
413,263.72916
414,264.27084
415,264.8125
416,265.39584
417,265.9375
418,266.47916
419,267.02084
420,267.52084
421,268.02084
422,268.52084
423,269.02084
424,269.52084
425,270.02084
426,270.52084
427,271.02084
428,271.64584
429,272.1875
430,272.72916
431,273.3125
432,273.85416
433,274.39584
434,274.97916
435,275.52084
436,276.0625
437,276.60416
438,277.10416
439,277.60416
440,278.10416
441,278.60416
442,279.10416
443,279.60416
444,280.10416
445,280.60416
446,281.22916
447,281.77084
448,282.3125
449,282.89584
450,283.4375
451,283.97916
452,284.5625
453,285.10416
454,285.64584
455,286.1875
456,286.6875
457,287.1875
458,287.6875
459,288.1875
460,288.6875
461,289.1875
462,289.6875
463,290.1875
464,290.8125
465,291.35416
466,291.89584
467,292.47916
468,293.02084
469,293.5625
470,294.14584
471,294.6875
472,295.22916
473,295.77084
474,296.27084
475,296.77084
476,297.27084
477,297.77084
478,298.27084
479,298.77084
480,299.27084
481,299.77084
482,300.39584
483,300.9375
484,301.47916
485,302.0625
486,302.60416
487,303.14584
488,303.72916
489,304.27084
490,304.8125
491,305.35416
492,305.85416
493,306.35416
494,306.85416
495,307.35416
496,307.85416
497,308.35416
498,308.85416
499,309.35416
0,1.1041666
1,2.1458333
2,3.1875
3,4.2291665
4,5.2291665
5,6.2291665
6,7.3125
7,8.395833
8,9.479167
9,10.520833
10,11.333333
11,12.145833
12,12.958333
13,13.958333
14,14.770833
15,15.583333
16,16.395834
17,17.354166
18,18.208334
19,19.020834
20,19.833334
21,20.75
22,21.604166
23,22.520834
24,23.375
25,24.145834
26,25.104166
27,25.875
28,26.833334
29,27.5625
30,28.375
31,29.1875
32,29.916666
33,30.875
34,31.6875
35,32.625
36,33.354168
37,34.083332
38,34.958332
39,35.895832
40,36.625
41,37.3125
42,38.041668
43,38.729168
44,39.666668
45,40.333332
46,41.208332
47,42.0625
48,43.0
49,43.604168
50,44.520832
51,45.354168
52,46.0
53,46.916668
54,47.625
55,48.520832
56,49.375
57,50.1875
58,51.0
59,51.6875
60,52.583332
61,53.395832
62,54.25
63,55.0625
64,55.916668
65,56.5625
66,57.333332
67,58.1875
68,59.0
69,59.770832
70,60.541668
71,61.3125
72,62.083332
73,62.895832
74,63.666668
75,64.395836
76,65.208336
77,65.979164
78,66.75
79,67.479164
80,68.25
81,69.020836
82,69.75
83,70.520836
84,71.25
85,72.020836
86,72.791664
87,73.520836
88,74.291664
89,75.020836
90,75.791664
91,76.5625
92,77.291664
93,78.0625
94,78.791664
95,79.5625
96,80.333336
97,81.0625
98,81.833336
99,82.5625
100,83.333336
101,84.145836
102,85.0
103,85.6875
104,86.458336
105,87.229164
106,88.041664
107,88.895836
108,89.666664
109,90.4375
110,91.25
111,92.0625
112,92.916664
113,93.6875
114,94.458336
115,95.270836
116,96.083336
117,96.9375
118,97.708336
119,98.479164
120,99.291664
121,100.145836
122,100.916664
123,101.6875
124,102.458336
125,103.354164
126,103.9375
127,104.666664
128,105.416664
129,106.3125
130,106.9375
131,107.666664
132,108.416664
133,109.1875
134,110.083336
135,110.708336
136,111.479164
137,112.229164
138,113.0
139,113.75
140,114.520836
141,115.270836
142,116.166664
143,116.75
144,117.520836
145,118.270836
146,119.166664
147,119.833336
148,120.604164
149,121.375
150,122.083336
151,122.958336
152,123.541664
153,124.3125
154,125.020836
155,125.770836
156,126.583336
157,127.333336
158,128.08333
159,128.79167
160,129.58333
161,130.33333
162,131.08333
163,131.79167
164,132.66667
165,133.29167
166,133.875
167,134.64583
168,135.35417
169,136.10417
170,136.8125
171,137.60417
172,138.35417
173,139.10417
174,139.8125
175,140.60417
176,141.35417
177,142.10417
178,142.8125
179,143.6875
180,144.3125
181,144.89583
182,145.66667
183,146.375
184,147.16667
185,147.91667
186,148.66667
187,149.375
188,150.16667
189,150.91667
190,151.66667
191,152.375
192,153.16667
193,153.91667
194,154.66667
195,155.375
196,156.16667
197,156.91667
198,157.66667
199,158.375
200,159.25
201,159.83333
202,160.60417
203,161.35417
204,162.0625
205,162.8125
206,163.52083
207,164.3125
208,165.0625
209,165.8125
210,166.52083
211,167.3125
212,168.0625
213,168.8125
214,169.52083
215,170.39583
216,170.97917
217,171.70833
218,172.41667
219,173.16667
220,173.875
221,174.75
222,175.33333
223,176.0625
224,176.77083
225,177.52083
226,178.22917
227,179.0625
228,179.72917
229,180.45833
230,181.25
231,181.95833
232,182.66667
233,183.375
234,184.08333
235,184.83333
236,185.54167
237,186.25
238,186.95833
239,187.70833
240,188.41667
241,189.125
242,189.83333
243,190.58333
244,191.29167
245,192.04167
246,192.75
247,193.41667
248,194.125
249,194.875
250,195.58333
251,196.33333
252,197.04167
253,197.70833
254,198.41667
255,199.16667
256,199.875
257,200.625
258,201.33333
259,202.04167
260,202.79167
261,203.66667
262,204.33333
263,205.08333
264,205.85417
265,206.5625
266,207.27083
267,207.97917
268,208.72917
269,209.4375
270,210.14583
271,210.85417
272,211.60417
273,212.3125
274,213.0625
275,213.77083
276,214.4375
277,215.14583
278,215.89583
279,216.60417
280,217.39583
281,218.1875
282,218.97917
283,219.6875
284,220.4375
285,221.0625
286,221.8125
287,222.4375
288,223.1875
289,223.89583
290,224.60417
291,225.35417
292,225.97917
293,226.72917
294,227.4375
295,228.22917
296,229.02083
297,229.72917
298,230.47917
299,231.10417
300,231.85417
301,232.5625
302,233.35417
303,234.0625
304,234.8125
305,235.4375
306,236.1875
307,236.89583
308,237.6875
309,238.39583
310,239.14583
311,239.77083
312,240.52083
313,241.22917
314,242.02083
315,242.72917
316,243.47917
317,244.10417
318,244.85417
319,245.5625
320,246.35417
321,247.0625
322,247.8125
323,248.4375
324,249.1875
325,249.89583
326,250.6875
327,251.39583
328,252.14583
329,252.77083
330,253.52083
331,254.22917
332,255.02083
333,255.72917
334,256.47916
335,257.10416
336,257.85416
337,258.5625
338,259.35416
339,260.0625
340,260.8125
341,261.4375
342,262.1875
343,262.89584
344,263.6875
345,264.39584
346,265.14584
347,265.77084
348,266.52084
349,267.22916
350,268.02084
351,268.72916
352,269.47916
353,270.10416
354,270.85416
355,271.5625
356,272.35416
357,273.0625
358,273.8125
359,274.4375
360,275.1875
361,275.89584
362,276.6875
363,277.39584
364,278.14584
365,278.77084
366,279.52084
367,280.22916
368,281.02084
369,281.72916
370,282.47916
371,283.10416
372,283.85416
373,284.5625
374,285.35416
375,286.0625
376,286.8125
377,287.4375
378,288.1875
379,288.89584
380,289.6875
381,290.39584
382,291.14584
383,291.77084
384,292.52084
385,293.22916
386,294.02084
387,294.72916
388,295.47916
389,296.10416
390,296.85416
391,297.5625
392,298.35416
393,299.0625
394,299.8125
395,300.4375
396,301.1875
397,301.89584
398,302.6875
399,303.39584
400,304.14584
401,304.77084
402,305.52084
403,306.22916
404,307.02084
405,307.72916
406,308.47916
407,309.10416
408,309.85416
409,310.5625
410,311.35416
411,312.0625
412,312.8125
413,313.4375
414,314.1875
415,314.89584
416,315.6875
417,316.39584
418,317.14584
419,317.77084
420,318.52084
421,319.22916
422,320.02084
423,320.72916
424,321.47916
425,322.10416
426,322.85416
427,323.5625
428,324.35416
429,325.0625
430,325.8125
431,326.4375
432,327.1875
433,327.89584
434,328.6875
435,329.39584
436,330.14584
437,330.77084
438,331.52084
439,332.22916
440,333.02084
441,333.72916
442,334.47916
443,335.10416
444,335.85416
445,336.5625
446,337.35416
447,338.0625
448,338.8125
449,339.4375
450,340.1875
451,340.89584
452,341.6875
453,342.39584
454,343.14584
455,343.77084
456,344.52084
457,345.22916
458,346.02084
459,346.72916
460,347.47916
461,348.10416
462,348.85416
463,349.5625
464,350.35416
465,351.0625
466,351.8125
467,352.4375
468,353.1875
469,353.89584
470,354.6875
471,355.39584
472,356.14584
473,356.77084
474,357.52084
475,358.22916
476,359.02084
477,359.72916
478,360.47916
479,361.10416
480,361.85416
481,362.5625
482,363.35416
483,364.0625
484,364.8125
485,365.4375
486,366.1875
487,366.89584
488,367.6875
489,368.39584
490,369.14584
491,369.77084
492,370.52084
493,371.22916
494,372.02084
495,372.72916
496,373.47916
497,374.10416
498,374.85416
499,375.5625
0,0.9375
1,1.8958334
2,2.875
3,3.7916667
4,4.8125
5,5.7708335
6,6.75
7,7.5
8,8.458333
9,9.4375
10,10.1875
11,11.145833
12,11.979167
13,12.8125
14,13.6875
15,14.5625
16,15.395833
17,16.229166
18,17.0625
19,17.8125
20,18.645834
21,19.395834
22,20.270834
23,21.0625
24,21.8125
25,22.375
26,23.208334
27,24.041666
28,24.833334
29,25.645834
30,26.416666
31,26.979166
32,27.8125
33,28.583334
34,29.145834
35,29.979166
36,30.541666
37,31.375
38,32.145832
39,32.708332
40,33.583332
41,34.270832
42,34.791668
43,35.354168
44,35.958332
45,36.520832
46,37.166668
47,37.729168
48,38.375
49,38.9375
50,39.583332
51,40.104168
52,40.666668
53,41.229168
54,41.875
55,42.4375
56,43.083332
57,43.645832
58,44.229168
59,44.875
60,45.583332
61,46.1875
62,46.916668
63,47.5625
64,48.166668
65,48.791668
66,49.395832
67,50.0
68,50.604168
69,51.270832
70,51.958332
71,52.6875
72,53.291668
73,53.979168
74,54.583332
75,55.229168
76,55.875
77,56.5625
78,57.291668
79,57.895832
80,58.541668
81,59.166668
82,59.770832
83,60.4375
84,61.083332
85,61.729168
86,62.375
87,63.104168
88,63.75
89,64.375
90,64.979164
91,65.583336
92,66.1875
93,66.854164
94,67.458336
95,68.104164
96,68.708336
97,69.270836
98,69.875
99,70.479164
100,71.0625
101,71.645836
102,72.354164
103,72.895836
104,73.541664
105,74.145836
106,74.729164
107,75.270836
108,75.854164
109,76.4375
110,77.104164
111,77.708336
112,78.375
113,78.979164
114,79.645836
115,80.25
116,80.791664
117,81.375
118,81.958336
119,82.583336
120,83.166664
121,83.75
122,84.416664
123,85.020836
124,85.645836
125,86.229164
126,86.8125
127,87.479164
128,88.083336
129,88.75
130,89.354164
131,89.9375
132,90.5625
133,91.145836
134,91.729164
135,92.354164
136,92.9375
137,93.520836
138,94.145836
139,94.729164
140,95.3125
141,95.979164
142,96.583336
143,97.25
144,97.854164
145,98.479164
146,99.0625
147,99.645836
148,100.3125
149,100.916664
150,101.5
151,102.125
152,102.708336
153,103.291664
154,103.916664
155,104.5
156,105.083336
157,105.75
158,106.354164
159,106.979164
160,107.5625
161,108.145836
162,108.8125
163,109.416664
164,110.083336
165,110.6875
166,111.4375
167,111.9375
168,112.541664
169,113.125
170,113.708336
171,114.333336
172,114.916664
173,115.5
174,116.125
175,116.708336
176,117.291664
177,118.041664
178,118.541664
179,119.145836
180,119.729164
181,120.479164
182,120.979164
183,121.583336
184,122.166664
185,122.75
186,123.375
187,123.958336
188,124.541664
189,125.166664
190,125.75
191,126.333336
192,127.083336
193,127.583336
194,128.1875
195,128.77083
196,129.52083
197,130.02083
198,130.625
199,131.20833
200,131.95833
201,132.45833
202,133.0625
203,133.64583
204,134.22917
205,134.85417
206,135.4375
207,136.02083
208,136.6875
209,137.3125
210,138.0625
211,138.5625
212,139.16667
213,139.75
214,140.33333
215,140.95833
216,141.54167
217,142.125
218,142.79167
219,143.41667
220,144.16667
221,144.66667
222,145.27083
223,145.85417
224,146.4375
225,147.10417
226,147.72917
227,148.3125
228,148.9375
229,149.52083
230,150.27083
231,150.77083
232,151.375
233,151.95833
234,152.66667
235,153.125
236,153.75
237,154.33333
238,155.08333
239,155.58333
240,156.1875
241,156.77083
242,157.35417
243,158.02083
244,158.77083
245,159.3125
246,159.875
247,160.5
248,161.08333
249,161.66667
250,162.29167
251,162.875
252,163.58333
253,164.04167
254,164.66667
255,165.25
256,165.83333
257,166.45833
258,167.04167
259,167.79167
260,168.29167
261,168.9375
262,169.5625
263,170.14583
264,170.77083
265,171.35417
266,171.9375
267,172.5625
268,173.14583
269,173.72917
270,174.35417
271,174.9375
272,175.6875
273,176.1875
274,176.83333
275,177.45833
276,178.04167
277,178.66667
278,179.25
279,179.83333
280,180.45833
281,181.04167
282,181.625
283,182.29167
284,182.91667
285,183.625
286,184.25
287,184.89583
288,185.5625
289,186.3125
290,186.85417
291,187.41667
292,188.08333
293,188.70833
294,189.375
295,190.125
296,190.58333
297,191.20833
298,191.79167
299,192.5
300,192.95833
301,193.54167
302,194.16667
303,194.75
304,195.45833
305,195.91667
306,196.5
307,197.125
308,197.70833
309,198.41667
310,198.875
311,199.45833
312,200.08333
313,200.66667
314,201.33333
315,201.95833
316,202.625
317,203.33333
318,203.79167
319,204.375
320,205.0
321,205.58333
322,206.29167
323,206.75
324,207.33333
325,207.95833
326,208.54167
327,209.25
328,209.70833
329,210.29167
330,210.91667
331,211.5
332,212.16667
333,212.79167
334,213.45833
335,214.16667
336,214.625
337,215.20833
338,215.83333
339,216.41667
340,217.125
341,217.58333
342,218.16667
343,218.79167
344,219.375
345,220.04167
346,220.66667
347,221.33333
348,222.04167
349,222.5
350,223.08333
351,223.70833
352,224.29167
353,225.0
354,225.45833
355,226.04167
356,226.66667
357,227.25
358,227.95833
359,228.41667
360,229.0
361,229.625
362,230.20833
363,230.875
364,231.5
365,232.16667
366,232.875
367,233.33333
368,233.91667
369,234.54167
370,235.125
371,235.83333
372,236.29167
373,236.875
374,237.5
375,238.08333
376,238.75
377,239.375
378,240.04167
379,240.75
380,241.20833
381,241.79167
382,242.41667
383,243.0
384,243.70833
385,244.16667
386,244.75
387,245.375
388,245.95833
389,246.66667
390,247.125
391,247.70833
392,248.33333
393,248.91667
394,249.58333
395,250.20833
396,250.875
397,251.58333
398,252.04167
399,252.625
400,253.25
401,253.83333
402,254.54167
403,255.0
404,255.58333
405,256.20834
406,256.79166
407,257.45834
408,258.08334
409,258.75
410,259.45834
411,259.91666
412,260.5
413,261.125
414,261.70834
415,262.41666
416,262.875
417,263.45834
418,264.08334
419,264.66666
420,265.375
421,265.83334
422,266.41666
423,267.04166
424,267.625
425,268.29166
426,268.91666
427,269.58334
428,270.29166
429,270.75
430,271.33334
431,271.95834
432,272.54166
433,273.25
434,273.70834
435,274.29166
436,274.91666
437,275.5
438,276.16666
439,276.79166
440,277.45834
441,278.16666
442,278.625
443,279.20834
444,279.83334
445,280.41666
446,281.125
447,281.58334
448,282.16666
449,282.79166
450,283.375
451,284.08334
452,284.54166
453,285.125
454,285.75
455,286.33334
456,287.0
457,287.625
458,288.29166
459,289.0
460,289.45834
461,290.04166
462,290.66666
463,291.25
464,291.95834
465,292.41666
466,293.0
467,293.625
468,294.20834
469,294.875
470,295.5
471,296.16666
472,296.875
473,297.33334
474,297.91666
475,298.54166
476,299.125
477,299.83334
478,300.29166
479,300.875
480,301.5
481,302.08334
482,302.79166
483,303.25
484,303.83334
485,304.45834
486,305.04166
487,305.70834
488,306.33334
489,307.0
490,307.70834
491,308.16666
492,308.75
493,309.375
494,309.95834
495,310.66666
496,311.125
497,311.70834
498,312.33334
499,312.91666
0,0.9375
1,1.9791666
2,3.0416667
3,3.875
4,4.7916665
5,5.7083335
6,6.7083335
7,7.625
8,8.5
9,9.5
10,10.375
11,11.333333
12,12.291667
13,13.25
14,14.208333
15,15.166667
16,16.125
17,17.083334
18,18.041666
19,18.958334
20,19.770834
21,20.729166
22,21.541666
23,22.270834
24,23.229166
25,24.145834
26,25.0
27,25.958334
28,26.8125
29,27.770834
30,28.625
31,29.583334
32,30.4375
33,31.166666
34,32.083332
35,32.8125
36,33.583332
37,34.4375
38,35.3125
39,36.041668
40,36.770832
41,37.645832
42,38.416668
43,39.1875
44,40.0
45,40.8125
46,41.5
47,42.354168
48,43.041668
49,43.916668
50,44.6875
51,45.458332
52,46.270832
53,47.0625
54,47.8125
55,48.4375
56,49.1875
57,49.833332
58,50.604168
59,51.375
60,52.1875
61,52.916668
62,53.729168
63,54.458332
64,55.270832
65,56.0
66,56.875
67,57.5
68,58.354168
69,59.041668
70,59.729168
71,60.5
72,61.1875
73,61.916668
74,62.645832
75,63.416668
76,64.104164
77,64.833336
78,65.5625
79,66.291664
80,67.0625
81,67.75
82,68.479164
83,69.208336
84,69.979164
85,70.75
86,71.4375
87,72.208336
88,72.979164
89,73.666664
90,74.4375
91,75.166664
92,75.895836
93,76.625
94,77.354164
95,78.0625
96,78.708336
97,79.395836
98,80.125
99,80.854164
100,81.583336
101,82.354164
102,83.083336
103,83.8125
104,84.5625
105,85.166664
106,85.9375
107,86.625
108,87.354164
109,88.041664
110,88.791664
111,89.395836
112,90.083336
113,90.8125
114,91.541664
115,92.25
116,92.8125
117,93.541664
118,94.270836
119,94.958336
120,95.5
121,96.229164
122,96.958336
123,97.6875
124,98.416664
125,99.145836
126,99.833336
127,100.583336
128,101.270836
129,102.0
130,102.6875
131,103.395836
132,104.083336
133,104.8125
134,105.5
135,106.25
136,106.9375
137,107.666664
138,108.395836
139,109.125
140,109.916664
141,110.479164
142,111.208336
143,111.9375
144,112.729164
145,113.291664
146,114.020836
147,114.75
148,115.520836
149,116.270836
150,116.916664
151,117.6875
152,118.4375
153,119.125
154,119.895836
155,120.5625
156,121.1875
157,121.916664
158,122.583336
159,123.229164
160,123.8125
161,124.458336
162,125.041664
163,125.708336
164,126.208336
165,126.895836
166,127.520836
167,128.20833
168,128.875
169,129.45833
170,130.14583
171,130.77083
172,131.45833
173,132.22917
174,132.85417
175,133.54167
176,134.16667
177,134.75
178,135.4375
179,136.0625
180,136.64583
181,137.29167
182,137.95833
183,138.6875
184,139.45833
185,140.08333
186,140.66667
187,141.3125
188,141.97917
189,142.60417
190,143.1875
191,143.77083
192,144.35417
193,144.9375
194,145.52083
195,146.10417
196,146.6875
197,147.27083
198,147.85417
199,148.4375
200,149.02083
201,149.60417
202,150.1875
203,150.83333
204,151.5
205,152.125
206,152.70833
207,153.29167
208,153.875
209,154.45833
210,155.04167
211,155.625
212,156.20833
213,156.79167
214,157.375
215,157.95833
216,158.54167
217,159.125
218,159.70833
219,160.39583
220,161.02083
221,161.60417
222,162.1875
223,162.77083
224,163.35417
225,163.9375
226,164.52083
227,165.10417
228,165.6875
229,166.22917
230,166.8125
231,167.35417
232,167.89583
233,168.47917
234,169.02083
235,169.60417
236,170.14583
237,170.72917
238,171.27083
239,171.85417
240,172.39583
241,172.97917
242,173.52083
243,174.10417
244,174.64583
245,175.22917
246,175.77083
247,176.35417
248,176.89583
249,177.47917
250,178.02083
251,178.60417
252,179.14583
253,179.72917
254,180.27083
255,180.85417
256,181.39583
257,181.97917
258,182.52083
259,183.10417
260,183.64583
261,184.22917
262,184.77083
263,185.35417
264,185.89583
265,186.47917
266,187.02083
267,187.60417
268,188.14583
269,188.72917
270,189.27083
271,189.85417
272,190.39583
273,190.97917
274,191.52083
275,192.10417
276,192.64583
277,193.22917
278,193.77083
279,194.35417
280,194.89583
281,195.47917
282,196.02083
283,196.60417
284,197.14583
285,197.72917
286,198.27083
287,198.85417
288,199.39583
289,199.97917
290,200.52083
291,201.10417
292,201.64583
293,202.22917
294,202.77083
295,203.35417
296,203.89583
297,204.47917
298,205.02083
299,205.60417
300,206.14583
301,206.72917
302,207.27083
303,207.85417
304,208.39583
305,208.97917
306,209.52083
307,210.10417
308,210.64583
309,211.22917
310,211.77083
311,212.35417
312,212.89583
313,213.47917
314,214.02083
315,214.60417
316,215.14583
317,215.72917
318,216.27083
319,216.85417
320,217.39583
321,217.97917
322,218.52083
323,219.10417
324,219.64583
325,220.22917
326,220.77083
327,221.35417
328,221.89583
329,222.47917
330,223.02083
331,223.60417
332,224.14583
333,224.72917
334,225.27083
335,225.85417
336,226.39583
337,226.97917
338,227.52083
339,228.10417
340,228.64583
341,229.22917
342,229.77083
343,230.35417
344,230.89583
345,231.47917
346,232.02083
347,232.60417
348,233.14583
349,233.72917
350,234.27083
351,234.85417
352,235.39583
353,235.97917
354,236.52083
355,237.10417
356,237.64583
357,238.22917
358,238.77083
359,239.35417
360,239.89583
361,240.47917
362,241.02083
363,241.60417
364,242.14583
365,242.72917
366,243.27083
367,243.85417
368,244.39583
369,244.97917
370,245.52083
371,246.10417
372,246.64583
373,247.22917
374,247.77083
375,248.35417
376,248.89583
377,249.47917
378,250.02083
379,250.60417
380,251.14583
381,251.72917
382,252.27083
383,252.85417
384,253.39583
385,253.97917
386,254.52083
387,255.10417
388,255.64583
389,256.22916
390,256.77084
391,257.35416
392,257.89584
393,258.47916
394,259.02084
395,259.60416
396,260.14584
397,260.72916
398,261.27084
399,261.85416
400,262.39584
401,262.97916
402,263.52084
403,264.10416
404,264.64584
405,265.22916
406,265.77084
407,266.35416
408,266.89584
409,267.47916
410,268.02084
411,268.60416
412,269.14584
413,269.72916
414,270.27084
415,270.85416
416,271.39584
417,271.97916
418,272.52084
419,273.10416
420,273.64584
421,274.22916
422,274.77084
423,275.35416
424,275.89584
425,276.47916
426,277.02084
427,277.60416
428,278.14584
429,278.72916
430,279.27084
431,279.85416
432,280.39584
433,280.97916
434,281.52084
435,282.10416
436,282.64584
437,283.22916
438,283.77084
439,284.35416
440,284.89584
441,285.47916
442,286.02084
443,286.60416
444,287.14584
445,287.72916
446,288.27084
447,288.85416
448,289.39584
449,289.97916
450,290.52084
451,291.10416
452,291.64584
453,292.22916
454,292.77084
455,293.35416
456,293.89584
457,294.47916
458,295.02084
459,295.60416
460,296.14584
461,296.72916
462,297.27084
463,297.85416
464,298.39584
465,298.97916
466,299.52084
467,300.10416
468,300.64584
469,301.22916
470,301.77084
471,302.35416
472,302.89584
473,303.47916
474,304.02084
475,304.60416
476,305.14584
477,305.72916
478,306.27084
479,306.85416
480,307.39584
481,307.97916
482,308.52084
483,309.10416
484,309.64584
485,310.22916
486,310.77084
487,311.35416
488,311.89584
489,312.47916
490,313.02084
491,313.60416
492,314.14584
493,314.72916
494,315.27084
495,315.85416
496,316.39584
497,316.97916
498,317.52084
499,318.10416
