0,41.0
1,26.0
2,21.0
3,20.0
4,20.0
5,22.0
6,20.0
7,20.0
8,22.0
9,20.0
10,20.0
11,20.0
12,11.0
13,20.0
14,11.0
15,20.0
16,11.0
17,20.0
18,11.0
19,18.0
20,13.0
21,11.0
22,11.0
23,9.0
24,11.0
25,11.0
26,9.0
27,11.0
28,11.0
29,9.0
30,9.0
31,13.0
32,9.0
33,9.0
34,11.0
35,4.0
36,9.0
37,4.0
38,9.0
39,4.0
40,9.0
41,9.0
42,11.0
43,4.0
44,9.0
45,4.0
46,9.0
47,4.0
48,9.0
49,4.0
50,11.0
51,4.0
52,11.0
53,4.0
54,11.0
55,4.0
56,11.0
57,4.0
58,11.0
59,4.0
60,9.0
61,11.0
62,11.0
63,4.0
64,9.0
65,4.0
66,9.0
67,4.0
68,9.0
69,11.0
70,6.0
71,11.0
72,6.0
73,11.0
74,6.0
75,11.0
76,6.0
77,11.0
78,6.0
79,11.0
80,6.0
81,11.0
82,6.0
83,4.0
84,9.0
85,6.0
86,4.0
87,9.0
88,4.0
89,11.0
90,6.0
91,11.0
92,6.0
93,11.0
94,6.0
95,11.0
96,6.0
97,11.0
98,6.0
99,11.0
100,6.0
101,11.0
102,6.0
103,4.0
104,9.0
105,6.0
106,11.0
107,6.0
108,11.0
109,6.0
110,11.0
111,6.0
112,11.0
113,6.0
114,11.0
115,6.0
116,11.0
117,6.0
118,11.0
119,6.0
120,11.0
121,6.0
122,11.0
123,6.0
124,4.0
125,9.0
126,6.0
127,11.0
128,6.0
129,11.0
130,6.0
131,11.0
132,6.0
133,11.0
134,6.0
135,11.0
136,6.0
137,11.0
138,6.0
139,11.0
140,6.0
141,11.0
142,6.0
143,11.0
144,6.0
145,4.0
146,7.0
147,6.0
148,4.0
149,4.0
150,7.0
151,6.0
152,4.0
153,7.0
154,6.0
155,6.0
156,9.0
157,6.0
158,4.0
159,7.0
160,6.0
161,6.0
162,9.0
163,6.0
164,4.0
165,7.0
166,6.0
167,6.0
168,9.0
169,6.0
170,4.0
171,7.0
172,6.0
173,6.0
174,7.0
175,6.0
176,4.0
177,7.0
178,6.0
179,4.0
180,7.0
181,6.0
182,4.0
183,7.0
184,6.0
185,4.0
186,7.0
187,6.0
188,6.0
189,4.0
190,5.0
191,6.0
192,4.0
193,7.0
194,4.0
195,6.0
196,4.0
197,5.0
198,6.0
199,4.0
200,7.0
201,6.0
202,6.0
203,4.0
204,5.0
205,6.0
206,11.0
207,6.0
208,6.0
209,4.0
210,5.0
211,6.0
212,11.0
213,6.0
214,6.0
215,7.0
216,4.0
217,4.0
218,6.0
219,4.0
220,6.0
221,6.0
222,4.0
223,6.0
224,4.0
225,6.0
226,7.0
227,4.0
228,4.0
229,6.0
230,4.0
231,6.0
232,4.0
233,6.0
234,6.0
235,4.0
236,6.0
237,6.0
238,4.0
239,6.0
240,6.0
241,4.0
242,6.0
243,4.0
244,6.0
245,7.0
246,4.0
247,4.0
248,6.0
249,4.0
250,6.0
251,4.0
252,6.0
253,6.0
254,4.0
255,6.0
256,6.0
257,4.0
258,6.0
259,6.0
260,4.0
261,6.0
262,4.0
263,6.0
264,7.0
265,4.0
266,4.0
267,4.0
268,6.0
269,6.0
270,4.0
271,6.0
272,6.0
273,4.0
274,6.0
275,6.0
276,4.0
277,6.0
278,4.0
279,6.0
280,7.0
281,4.0
282,4.0
283,6.0
284,4.0
285,6.0
286,4.0
287,6.0
288,6.0
289,4.0
290,6.0
291,6.0
292,4.0
293,6.0
294,7.0
295,4.0
296,4.0
297,4.0
298,6.0
299,6.0
300,4.0
301,6.0
302,6.0
303,4.0
304,6.0
305,4.0
306,6.0
307,6.0
308,4.0
309,6.0
310,7.0
311,4.0
312,4.0
313,4.0
314,6.0
315,6.0
316,4.0
317,6.0
318,6.0
319,4.0
320,6.0
321,4.0
322,6.0
323,7.0
324,4.0
325,4.0
326,6.0
327,4.0
328,6.0
329,4.0
330,6.0
331,6.0
332,4.0
333,6.0
334,6.0
335,4.0
336,6.0
337,6.0
338,4.0
339,6.0
340,4.0
341,6.0
342,7.0
343,4.0
344,4.0
345,6.0
346,4.0
347,6.0
348,4.0
349,6.0
350,6.0
351,4.0
352,6.0
353,6.0
354,4.0
355,6.0
356,4.0
357,6.0
358,7.0
359,4.0
360,4.0
361,6.0
362,4.0
363,6.0
364,4.0
365,6.0
366,6.0
367,4.0
368,6.0
369,6.0
370,4.0
371,6.0
372,6.0
373,4.0
374,6.0
375,4.0
376,6.0
377,7.0
378,4.0
379,4.0
380,6.0
381,4.0
382,6.0
383,4.0
384,6.0
385,6.0
386,4.0
387,6.0
388,6.0
389,4.0
390,6.0
391,7.0
392,4.0
393,4.0
394,4.0
395,6.0
396,6.0
397,4.0
398,6.0
399,4.0
400,6.0
401,6.0
402,4.0
403,6.0
404,6.0
405,4.0
406,6.0
407,7.0
408,4.0
409,4.0
410,4.0
411,6.0
412,6.0
413,4.0
414,6.0
415,6.0
416,4.0
417,6.0
418,4.0
419,8.0
420,5.0
421,4.0
422,4.0
423,4.0
424,4.0
425,4.0
426,6.0
427,6.0
428,4.0
429,6.0
430,4.0
431,6.0
432,6.0
433,4.0
434,6.0
435,6.0
436,4.0
437,6.0
438,6.0
439,4.0
440,6.0
441,4.0
442,8.0
443,5.0
444,4.0
445,4.0
446,4.0
447,4.0
448,4.0
449,6.0
450,4.0
451,6.0
452,6.0
453,4.0
454,6.0
455,6.0
456,4.0
457,6.0
458,6.0
459,4.0
460,6.0
461,4.0
462,8.0
463,5.0
464,4.0
465,4.0
466,4.0
467,4.0
468,4.0
469,6.0
470,6.0
471,4.0
472,6.0
473,4.0
474,6.0
475,6.0
476,4.0
477,6.0
478,6.0
479,4.0
480,6.0
481,6.0
482,4.0
483,6.0
484,4.0
485,8.0
486,5.0
487,4.0
488,4.0
489,4.0
490,4.0
491,4.0
492,6.0
493,6.0
494,4.0
495,6.0
496,4.0
497,6.0
498,6.0
499,4.0
0,29.0
1,20.0
2,21.0
3,20.0
4,20.0
5,18.0
6,20.0
7,18.0
8,18.0
9,20.0
10,16.0
11,18.0
12,20.0
13,16.0
14,20.0
15,16.0
16,20.0
17,16.0
18,13.0
19,9.0
20,16.0
21,18.0
22,13.0
23,9.0
24,13.0
25,9.0
26,9.0
27,6.0
28,9.0
29,11.0
30,6.0
31,9.0
32,9.0
33,6.0
34,9.0
35,11.0
36,6.0
37,9.0
38,9.0
39,6.0
40,9.0
41,13.0
42,13.0
43,4.0
44,9.0
45,6.0
46,9.0
47,4.0
48,7.0
49,6.0
50,7.0
51,6.0
52,7.0
53,6.0
54,7.0
55,6.0
56,7.0
57,6.0
58,7.0
59,6.0
60,7.0
61,6.0
62,7.0
63,6.0
64,7.0
65,6.0
66,7.0
67,6.0
68,7.0
69,6.0
70,7.0
71,4.0
72,11.0
73,4.0
74,9.0
75,6.0
76,7.0
77,6.0
78,7.0
79,4.0
80,11.0
81,4.0
82,9.0
83,6.0
84,7.0
85,6.0
86,7.0
87,6.0
88,7.0
89,6.0
90,7.0
91,6.0
92,7.0
93,4.0
94,11.0
95,4.0
96,9.0
97,6.0
98,7.0
99,6.0
100,2.0
101,7.0
102,4.0
103,2.0
104,7.0
105,4.0
106,4.0
107,7.0
108,4.0
109,2.0
110,7.0
111,4.0
112,11.0
113,4.0
114,2.0
115,7.0
116,4.0
117,11.0
118,4.0
119,2.0
120,7.0
121,4.0
122,11.0
123,4.0
124,2.0
125,7.0
126,4.0
127,11.0
128,4.0
129,2.0
130,7.0
131,4.0
132,2.0
133,9.0
134,4.0
135,2.0
136,7.0
137,4.0
138,2.0
139,9.0
140,4.0
141,2.0
142,7.0
143,4.0
144,2.0
145,9.0
146,4.0
147,2.0
148,7.0
149,4.0
150,2.0
151,9.0
152,4.0
153,2.0
154,2.0
155,5.0
156,4.0
157,2.0
158,9.0
159,4.0
160,2.0
161,2.0
162,5.0
163,4.0
164,2.0
165,2.0
166,7.0
167,4.0
168,2.0
169,2.0
170,5.0
171,4.0
172,2.0
173,2.0
174,7.0
175,4.0
176,2.0
177,7.0
178,6.0
179,9.0
180,4.0
181,2.0
182,2.0
183,5.0
184,4.0
185,2.0
186,2.0
187,7.0
188,4.0
189,2.0
190,2.0
191,5.0
192,4.0
193,2.0
194,2.0
195,2.0
196,5.0
197,4.0
198,2.0
199,7.0
200,6.0
201,7.0
202,6.0
203,2.0
204,7.0
205,4.0
206,2.0
207,2.0
208,5.0
209,4.0
210,2.0
211,2.0
212,2.0
213,5.0
214,4.0
215,2.0
216,7.0
217,6.0
218,2.0
219,7.0
220,4.0
221,2.0
222,2.0
223,5.0
224,4.0
225,2.0
226,2.0
227,2.0
228,5.0
229,4.0
230,2.0
231,7.0
232,4.0
233,2.0
234,7.0
235,4.0
236,2.0
237,2.0
238,7.0
239,4.0
240,2.0
241,2.0
242,5.0
243,4.0
244,2.0
245,2.0
246,2.0
247,5.0
248,4.0
249,2.0
250,2.0
251,2.0
252,5.0
253,4.0
254,2.0
255,2.0
256,2.0
257,5.0
258,4.0
259,2.0
260,2.0
261,2.0
262,5.0
263,4.0
264,2.0
265,2.0
266,2.0
267,5.0
268,4.0
269,2.0
270,2.0
271,2.0
272,2.0
273,5.0
274,4.0
275,2.0
276,2.0
277,2.0
278,5.0
279,4.0
280,2.0
281,2.0
282,2.0
283,2.0
284,2.0
285,5.0
286,4.0
287,2.0
288,2.0
289,2.0
290,2.0
291,5.0
292,4.0
293,2.0
294,2.0
295,2.0
296,2.0
297,2.0
298,5.0
299,4.0
300,2.0
301,2.0
302,2.0
303,2.0
304,2.0
305,5.0
306,4.0
307,2.0
308,2.0
309,2.0
310,2.0
311,2.0
312,5.0
313,4.0
314,2.0
315,2.0
316,2.0
317,2.0
318,2.0
319,2.0
320,5.0
321,4.0
322,2.0
323,2.0
324,2.0
325,2.0
326,2.0
327,5.0
328,4.0
329,2.0
330,2.0
331,2.0
332,2.0
333,2.0
334,2.0
335,5.0
336,4.0
337,2.0
338,2.0
339,2.0
340,2.0
341,2.0
342,5.0
343,4.0
344,2.0
345,2.0
346,2.0
347,2.0
348,2.0
349,2.0
350,5.0
351,4.0
352,2.0
353,2.0
354,2.0
355,2.0
356,2.0
357,2.0
358,5.0
359,4.0
360,2.0
361,2.0
362,2.0
363,2.0
364,2.0
365,5.0
366,4.0
367,2.0
368,2.0
369,2.0
370,2.0
371,2.0
372,2.0
373,5.0
374,4.0
375,2.0
376,2.0
377,2.0
378,2.0
379,2.0
380,2.0
381,5.0
382,4.0
383,2.0
384,2.0
385,2.0
386,2.0
387,2.0
388,2.0
389,2.0
390,5.0
391,4.0
392,2.0
393,2.0
394,2.0
395,2.0
396,2.0
397,2.0
398,2.0
399,2.0
400,2.0
401,2.0
402,5.0
403,4.0
404,2.0
405,2.0
406,2.0
407,2.0
408,2.0
409,2.0
410,2.0
411,5.0
412,4.0
413,2.0
414,2.0
415,2.0
416,2.0
417,2.0
418,2.0
419,2.0
420,2.0
421,2.0
422,2.0
423,5.0
424,2.0
425,2.0
426,2.0
427,2.0
428,2.0
429,2.0
430,2.0
431,2.0
432,2.0
433,2.0
434,2.0
435,2.0
436,5.0
437,2.0
438,2.0
439,2.0
440,2.0
441,2.0
442,2.0
443,2.0
444,2.0
445,2.0
446,2.0
447,2.0
448,2.0
449,5.0
450,2.0
451,2.0
452,2.0
453,2.0
454,2.0
455,2.0
456,2.0
457,2.0
458,2.0
459,2.0
460,2.0
461,2.0
462,5.0
463,2.0
464,2.0
465,2.0
466,2.0
467,2.0
468,2.0
469,2.0
470,2.0
471,2.0
472,2.0
473,2.0
474,2.0
475,5.0
476,2.0
477,2.0
478,2.0
479,2.0
480,2.0
481,2.0
482,2.0
483,2.0
484,2.0
485,2.0
486,2.0
487,5.0
488,4.0
489,2.0
490,2.0
491,2.0
492,2.0
493,2.0
494,2.0
495,2.0
496,2.0
497,2.0
498,2.0
499,2.0
0,38.0
1,29.0
2,24.0
3,20.0
4,21.0
5,12.0
6,14.0
7,14.0
8,14.0
9,5.0
10,5.0
11,5.0
12,5.0
13,5.0
14,5.0
15,5.0
16,5.0
17,5.0
18,7.0
19,11.0
20,9.0
21,7.0
22,11.0
23,9.0
24,9.0
25,9.0
26,11.0
27,9.0
28,9.0
29,9.0
30,9.0
31,9.0
32,9.0
33,11.0
34,9.0
35,9.0
36,9.0
37,9.0
38,9.0
39,9.0
40,9.0
41,9.0
42,9.0
43,9.0
44,9.0
45,9.0
46,9.0
47,9.0
48,9.0
49,9.0
50,9.0
51,9.0
52,9.0
53,9.0
54,9.0
55,9.0
56,9.0
57,9.0
58,2.0
59,0.0
60,0.0
61,0.0
62,0.0
63,0.0
64,0.0
65,0.0
66,0.0
67,0.0
68,0.0
69,0.0
70,0.0
71,0.0
72,0.0
73,0.0
74,0.0
75,0.0
76,0.0
77,0.0
78,0.0
79,0.0
80,0.0
81,0.0
82,0.0
83,0.0
84,0.0
85,0.0
86,0.0
87,0.0
88,0.0
89,0.0
90,0.0
91,0.0
92,0.0
93,0.0
94,0.0
95,0.0
96,0.0
97,0.0
98,0.0
99,0.0
100,0.0
101,0.0
102,0.0
103,0.0
104,0.0
105,0.0
106,0.0
107,0.0
108,0.0
109,0.0
110,0.0
111,0.0
112,0.0
113,0.0
114,0.0
115,0.0
116,0.0
117,0.0
118,0.0
119,0.0
120,0.0
121,0.0
122,0.0
123,0.0
124,0.0
125,0.0
126,0.0
127,0.0
128,0.0
129,0.0
130,0.0
131,0.0
132,0.0
133,0.0
134,0.0
135,0.0
136,0.0
137,0.0
138,0.0
139,0.0
140,0.0
141,0.0
142,0.0
143,0.0
144,0.0
145,0.0
146,0.0
147,0.0
148,0.0
149,0.0
150,0.0
151,0.0
152,0.0
153,0.0
154,0.0
155,0.0
156,0.0
157,0.0
158,0.0
159,0.0
160,0.0
161,0.0
162,0.0
163,0.0
164,0.0
165,0.0
166,0.0
167,0.0
168,0.0
169,0.0
170,0.0
171,0.0
172,0.0
173,0.0
174,0.0
175,0.0
176,0.0
177,0.0
178,0.0
179,0.0
180,0.0
181,0.0
182,0.0
183,0.0
184,0.0
185,0.0
186,0.0
187,0.0
188,0.0
189,0.0
190,0.0
191,0.0
192,0.0
193,0.0
194,0.0
195,0.0
196,0.0
197,0.0
198,0.0
199,0.0
200,0.0
201,0.0
202,0.0
203,0.0
204,0.0
205,0.0
206,0.0
207,0.0
208,0.0
209,0.0
210,0.0
211,0.0
212,0.0
213,0.0
214,0.0
215,0.0
216,0.0
217,0.0
218,0.0
219,0.0
220,0.0
221,0.0
222,0.0
223,0.0
224,0.0
225,0.0
226,0.0
227,0.0
228,0.0
229,0.0
230,0.0
231,0.0
232,0.0
233,0.0
234,0.0
235,0.0
236,0.0
237,0.0
238,0.0
239,0.0
240,0.0
241,0.0
242,0.0
243,0.0
244,0.0
245,0.0
246,0.0
247,0.0
248,0.0
249,0.0
250,0.0
251,0.0
252,0.0
253,0.0
254,0.0
255,0.0
256,0.0
257,0.0
258,0.0
259,0.0
260,0.0
261,0.0
262,0.0
263,0.0
264,0.0
265,0.0
266,0.0
267,0.0
268,0.0
269,0.0
270,0.0
271,0.0
272,0.0
273,0.0
274,0.0
275,0.0
276,0.0
277,0.0
278,0.0
279,0.0
280,0.0
281,0.0
282,0.0
283,0.0
284,0.0
285,0.0
286,0.0
287,0.0
288,0.0
289,0.0
290,0.0
291,0.0
292,0.0
293,0.0
294,0.0
295,0.0
296,0.0
297,0.0
298,0.0
299,0.0
300,0.0
301,0.0
302,0.0
303,0.0
304,0.0
305,0.0
306,0.0
307,0.0
308,0.0
309,0.0
310,0.0
311,0.0
312,0.0
313,0.0
314,0.0
315,0.0
316,0.0
317,0.0
318,0.0
319,0.0
320,0.0
321,0.0
322,0.0
323,0.0
324,0.0
325,0.0
326,0.0
327,0.0
328,0.0
329,0.0
330,0.0
331,0.0
332,0.0
333,0.0
334,0.0
335,0.0
336,0.0
337,0.0
338,0.0
339,0.0
340,0.0
341,0.0
342,0.0
343,0.0
344,0.0
345,0.0
346,0.0
347,0.0
348,0.0
349,0.0
350,0.0
351,0.0
352,0.0
353,0.0
354,0.0
355,0.0
356,0.0
357,0.0
358,0.0
359,0.0
360,0.0
361,0.0
362,0.0
363,0.0
364,0.0
365,0.0
366,0.0
367,0.0
368,0.0
369,0.0
370,0.0
371,0.0
372,0.0
373,0.0
374,0.0
375,0.0
376,0.0
377,0.0
378,0.0
379,0.0
380,0.0
381,0.0
382,0.0
383,0.0
384,0.0
385,0.0
386,0.0
387,0.0
388,0.0
389,0.0
390,0.0
391,0.0
392,0.0
393,0.0
394,0.0
395,0.0
396,0.0
397,0.0
398,0.0
399,0.0
400,0.0
401,0.0
402,0.0
403,0.0
404,0.0
405,0.0
406,0.0
407,0.0
408,0.0
409,0.0
410,0.0
411,0.0
412,0.0
413,0.0
414,0.0
415,0.0
416,0.0
417,0.0
418,0.0
419,0.0
420,0.0
421,0.0
422,0.0
423,0.0
424,0.0
425,0.0
426,0.0
427,0.0
428,0.0
429,0.0
430,0.0
431,0.0
432,0.0
433,0.0
434,0.0
435,0.0
436,0.0
437,0.0
438,0.0
439,0.0
440,0.0
441,0.0
442,0.0
443,0.0
444,0.0
445,0.0
446,0.0
447,0.0
448,0.0
449,0.0
450,0.0
451,0.0
452,0.0
453,0.0
454,0.0
455,0.0
456,0.0
457,0.0
458,0.0
459,0.0
460,0.0
461,0.0
462,0.0
463,0.0
464,0.0
465,0.0
466,0.0
467,0.0
468,0.0
469,0.0
470,0.0
471,0.0
472,0.0
473,0.0
474,0.0
475,0.0
476,0.0
477,0.0
478,0.0
479,0.0
480,0.0
481,0.0
482,0.0
483,0.0
484,0.0
485,0.0
486,0.0
487,0.0
488,0.0
489,0.0
490,0.0
491,0.0
492,0.0
493,0.0
494,0.0
495,0.0
496,0.0
497,0.0
498,0.0
499,0.0
0,38.0
1,28.0
2,26.0
3,22.0
4,21.0
5,21.0
6,21.0
7,17.0
8,14.0
9,18.0
10,15.0
11,18.0
12,18.0
13,18.0
14,18.0
15,18.0
16,18.0
17,18.0
18,11.0
19,9.0
20,9.0
21,11.0
22,11.0
23,11.0
24,11.0
25,11.0
26,11.0
27,11.0
28,11.0
29,9.0
30,11.0
31,11.0
32,9.0
33,11.0
34,9.0
35,11.0
36,9.0
37,11.0
38,9.0
39,11.0
40,9.0
41,11.0
42,9.0
43,11.0
44,9.0
45,4.0
46,11.0
47,11.0
48,7.0
49,13.0
50,11.0
51,11.0
52,11.0
53,11.0
54,11.0
55,11.0
56,11.0
57,11.0
58,6.0
59,7.0
60,8.0
61,7.0
62,8.0
63,7.0
64,8.0
65,7.0
66,8.0
67,7.0
68,8.0
69,7.0
70,8.0
71,7.0
72,8.0
73,7.0
74,8.0
75,6.0
76,7.0
77,6.0
78,5.0
79,8.0
80,7.0
81,8.0
82,7.0
83,8.0
84,7.0
85,8.0
86,7.0
87,8.0
88,5.0
89,8.0
90,6.0
91,7.0
92,8.0
93,7.0
94,8.0
95,7.0
96,8.0
97,7.0
98,8.0
99,7.0
100,8.0
101,5.0
102,8.0
103,6.0
104,7.0
105,8.0
106,7.0
107,11.0
108,8.0
109,6.0
110,7.0
111,8.0
112,7.0
113,8.0
114,7.0
115,8.0
116,7.0
117,8.0
118,5.0
119,8.0
120,6.0
121,7.0
122,6.0
123,6.0
124,6.0
125,5.0
126,11.0
127,8.0
128,6.0
129,6.0
130,5.0
131,8.0
132,7.0
133,8.0
134,5.0
135,8.0
136,6.0
137,7.0
138,8.0
139,5.0
140,6.0
141,6.0
142,6.0
143,5.0
144,8.0
145,7.0
146,11.0
147,6.0
148,6.0
149,7.0
150,6.0
151,6.0
152,6.0
153,5.0
154,8.0
155,6.0
156,5.0
157,11.0
158,6.0
159,6.0
160,7.0
161,6.0
162,6.0
163,6.0
164,5.0
165,6.0
166,6.0
167,5.0
168,8.0
169,6.0
170,5.0
171,8.0
172,6.0
173,7.0
174,6.0
175,6.0
176,5.0
177,4.0
178,8.0
179,7.0
180,6.0
181,6.0
182,7.0
183,6.0
184,6.0
185,7.0
186,6.0
187,6.0
188,6.0
189,5.0
190,6.0
191,6.0
192,5.0
193,4.0
194,6.0
195,6.0
196,6.0
197,5.0
198,4.0
199,6.0
200,6.0
201,6.0
202,6.0
203,7.0
204,6.0
205,6.0
206,7.0
207,6.0
208,6.0
209,6.0
210,3.0
211,4.0
212,6.0
213,6.0
214,6.0
215,6.0
216,5.0
217,4.0
218,6.0
219,6.0
220,6.0
221,5.0
222,4.0
223,6.0
224,6.0
225,6.0
226,6.0
227,3.0
228,4.0
229,6.0
230,6.0
231,6.0
232,6.0
233,7.0
234,6.0
235,6.0
236,6.0
237,3.0
238,4.0
239,6.0
240,6.0
241,6.0
242,6.0
243,6.0
244,3.0
245,4.0
246,6.0
247,6.0
248,6.0
249,6.0
250,5.0
251,8.0
252,6.0
253,3.0
254,4.0
255,6.0
256,6.0
257,6.0
258,6.0
259,5.0
260,8.0
261,6.0
262,3.0
263,4.0
264,6.0
265,6.0
266,6.0
267,6.0
268,3.0
269,4.0
270,6.0
271,6.0
272,6.0
273,6.0
274,6.0
275,3.0
276,4.0
277,6.0
278,6.0
279,6.0
280,6.0
281,6.0
282,3.0
283,4.0
284,6.0
285,6.0
286,6.0
287,6.0
288,5.0
289,6.0
290,6.0
291,6.0
292,3.0
293,4.0
294,6.0
295,6.0
296,6.0
297,6.0
298,6.0
299,3.0
300,4.0
301,6.0
302,6.0
303,6.0
304,6.0
305,3.0
306,4.0
307,6.0
308,6.0
309,6.0
310,6.0
311,6.0
312,3.0
313,4.0
314,6.0
315,6.0
316,6.0
317,6.0
318,6.0
319,3.0
320,4.0
321,6.0
322,6.0
323,6.0
324,6.0
325,6.0
326,3.0
327,4.0
328,6.0
329,6.0
330,6.0
331,6.0
332,5.0
333,4.0
334,6.0
335,6.0
336,6.0
337,6.0
338,6.0
339,6.0
340,3.0
341,4.0
342,6.0
343,6.0
344,6.0
345,3.0
346,4.0
347,6.0
348,6.0
349,6.0
350,6.0
351,3.0
352,4.0
353,6.0
354,6.0
355,6.0
356,6.0
357,3.0
358,4.0
359,6.0
360,6.0
361,6.0
362,3.0
363,4.0
364,6.0
365,6.0
366,6.0
367,6.0
368,3.0
369,4.0
370,6.0
371,6.0
372,6.0
373,4.0
374,4.0
375,3.0
376,4.0
377,6.0
378,6.0
379,6.0
380,4.0
381,4.0
382,2.0
383,3.0
384,4.0
385,4.0
386,6.0
387,6.0
388,6.0
389,6.0
390,6.0
391,6.0
392,4.0
393,4.0
394,2.0
395,2.0
396,3.0
397,4.0
398,6.0
399,6.0
400,6.0
401,4.0
402,4.0
403,2.0
404,2.0
405,3.0
406,4.0
407,6.0
408,6.0
409,6.0
410,6.0
411,2.0
412,2.0
413,2.0
414,2.0
415,3.0
416,4.0
417,6.0
418,6.0
419,6.0
420,8.0
421,5.0
422,4.0
423,6.0
424,6.0
425,6.0
426,8.0
427,5.0
428,4.0
429,6.0
430,6.0
431,6.0
432,6.0
433,8.0
434,4.0
435,3.0
436,4.0
437,6.0
438,6.0
439,6.0
440,8.0
441,5.0
442,4.0
443,6.0
444,6.0
445,6.0
446,6.0
447,8.0
448,4.0
449,2.0
450,2.0
451,4.0
452,2.0
453,2.0
454,2.0
455,2.0
456,2.0
457,2.0
458,2.0
459,2.0
460,2.0
461,2.0
462,4.0
463,2.0
464,2.0
465,2.0
466,2.0
467,2.0
468,2.0
469,2.0
470,2.0
471,2.0
472,2.0
473,4.0
474,2.0
475,2.0
476,2.0
477,2.0
478,2.0
479,2.0
480,2.0
481,2.0
482,2.0
483,3.0
484,4.0
485,4.0
486,4.0
487,6.0
488,6.0
489,6.0
490,6.0
491,6.0
492,6.0
493,8.0
494,4.0
495,2.0
496,2.0
497,2.0
498,2.0
499,2.0
0,34.0
1,24.0
2,24.0
3,21.0
4,23.0
5,23.0
6,21.0
7,23.0
8,14.0
9,21.0
10,16.0
11,16.0
12,16.0
13,14.0
14,11.0
15,16.0
16,14.0
17,11.0
18,14.0
19,11.0
20,14.0
21,9.0
22,7.0
23,7.0
24,9.0
25,7.0
26,7.0
27,7.0
28,9.0
29,9.0
30,9.0
31,9.0
32,9.0
33,11.0
34,9.0
35,11.0
36,9.0
37,11.0
38,9.0
39,11.0
40,9.0
41,11.0
42,7.0
43,9.0
44,11.0
45,7.0
46,9.0
47,4.0
48,6.0
49,5.0
50,6.0
51,7.0
52,6.0
53,7.0
54,6.0
55,7.0
56,4.0
57,6.0
58,7.0
59,6.0
60,7.0
61,8.0
62,7.0
63,6.0
64,7.0
65,6.0
66,7.0
67,6.0
68,7.0
69,8.0
70,7.0
71,6.0
72,7.0
73,4.0
74,6.0
75,7.0
76,6.0
77,7.0
78,8.0
79,7.0
80,4.0
81,4.0
82,7.0
83,6.0
84,7.0
85,4.0
86,6.0
87,7.0
88,4.0
89,4.0
90,7.0
91,6.0
92,7.0
93,4.0
94,6.0
95,7.0
96,6.0
97,7.0
98,6.0
99,6.0
100,7.0
101,6.0
102,7.0
103,8.0
104,7.0
105,4.0
106,6.0
107,7.0
108,6.0
109,7.0
110,4.0
111,6.0
112,7.0
113,6.0
114,7.0
115,6.0
116,4.0
117,7.0
118,6.0
119,7.0
120,6.0
121,6.0
122,7.0
123,6.0
124,7.0
125,6.0
126,4.0
127,7.0
128,6.0
129,7.0
130,6.0
131,4.0
132,7.0
133,4.0
134,4.0
135,7.0
136,6.0
137,7.0
138,6.0
139,4.0
140,7.0
141,4.0
142,4.0
143,7.0
144,6.0
145,7.0
146,6.0
147,4.0
148,7.0
149,8.0
150,7.0
151,8.0
152,7.0
153,6.0
154,4.0
155,7.0
156,8.0
157,7.0
158,8.0
159,7.0
160,6.0
161,4.0
162,7.0
163,8.0
164,7.0
165,8.0
166,5.0
167,6.0
168,8.0
169,7.0
170,8.0
171,7.0
172,6.0
173,3.0
174,8.0
175,6.0
176,3.0
177,4.0
178,8.0
179,6.0
180,6.0
181,8.0
182,7.0
183,8.0
184,7.0
185,6.0
186,3.0
187,4.0
188,8.0
189,6.0
190,6.0
191,6.0
192,6.0
193,6.0
194,8.0
195,7.0
196,8.0
197,3.0
198,8.0
199,6.0
200,6.0
201,6.0
202,6.0
203,7.0
204,4.0
205,8.0
206,8.0
207,7.0
208,8.0
209,3.0
210,8.0
211,6.0
212,6.0
213,6.0
214,7.0
215,4.0
216,8.0
217,8.0
218,3.0
219,6.0
220,6.0
221,6.0
222,7.0
223,4.0
224,8.0
225,8.0
226,3.0
227,6.0
228,6.0
229,6.0
230,7.0
231,4.0
232,8.0
233,6.0
234,6.0
235,6.0
236,6.0
237,6.0
238,6.0
239,6.0
240,6.0
241,6.0
242,6.0
243,6.0
244,6.0
245,6.0
246,6.0
247,6.0
248,6.0
249,6.0
250,7.0
251,4.0
252,8.0
253,7.0
254,4.0
255,8.0
256,7.0
257,4.0
258,4.0
259,6.0
260,6.0
261,6.0
262,6.0
263,6.0
264,7.0
265,4.0
266,8.0
267,7.0
268,4.0
269,4.0
270,6.0
271,6.0
272,6.0
273,6.0
274,6.0
275,6.0
276,6.0
277,7.0
278,4.0
279,8.0
280,6.0
281,6.0
282,6.0
283,6.0
284,6.0
285,6.0
286,6.0
287,6.0
288,6.0
289,6.0
290,6.0
291,6.0
292,6.0
293,6.0
294,6.0
295,6.0
296,6.0
297,4.0
298,3.0
299,4.0
300,6.0
301,6.0
302,6.0
303,7.0
304,4.0
305,8.0
306,7.0
307,4.0
308,8.0
309,6.0
310,6.0
311,6.0
312,6.0
313,6.0
314,6.0
315,6.0
316,6.0
317,6.0
318,6.0
319,6.0
320,6.0
321,6.0
322,6.0
323,6.0
324,4.0
325,3.0
326,4.0
327,6.0
328,6.0
329,4.0
330,3.0
331,4.0
332,6.0
333,6.0
334,6.0
335,4.0
336,3.0
337,4.0
338,6.0
339,6.0
340,6.0
341,4.0
342,3.0
343,4.0
344,6.0
345,6.0
346,4.0
347,3.0
348,4.0
349,6.0
350,6.0
351,6.0
352,4.0
353,3.0
354,4.0
355,6.0
356,6.0
357,7.0
358,4.0
359,4.0
360,6.0
361,6.0
362,6.0
363,6.0
364,6.0
365,6.0
366,6.0
367,6.0
368,6.0
369,6.0
370,6.0
371,6.0
372,6.0
373,6.0
374,4.0
375,3.0
376,4.0
377,6.0
378,6.0
379,6.0
380,4.0
381,3.0
382,4.0
383,6.0
384,6.0
385,4.0
386,3.0
387,4.0
388,6.0
389,6.0
390,6.0
391,4.0
392,3.0
393,4.0
394,6.0
395,6.0
396,6.0
397,6.0
398,6.0
399,6.0
400,6.0
401,6.0
402,6.0
403,6.0
404,6.0
405,6.0
406,6.0
407,6.0
408,6.0
409,6.0
410,6.0
411,6.0
412,6.0
413,6.0
414,6.0
415,4.0
416,3.0
417,4.0
418,6.0
419,6.0
420,6.0
421,6.0
422,6.0
423,6.0
424,6.0
425,6.0
426,4.0
427,3.0
428,4.0
429,6.0
430,6.0
431,6.0
432,6.0
433,6.0
434,6.0
435,6.0
436,6.0
437,4.0
438,3.0
439,4.0
440,6.0
441,6.0
442,6.0
443,6.0
444,6.0
445,6.0
446,6.0
447,6.0
448,4.0
449,3.0
450,4.0
451,6.0
452,6.0
453,6.0
454,6.0
455,6.0
456,6.0
457,6.0
458,6.0
459,4.0
460,3.0
461,4.0
462,6.0
463,6.0
464,6.0
465,6.0
466,6.0
467,6.0
468,6.0
469,6.0
470,6.0
471,4.0
472,3.0
473,4.0
474,6.0
475,6.0
476,6.0
477,6.0
478,6.0
479,6.0
480,4.0
481,6.0
482,6.0
483,6.0
484,4.0
485,3.0
486,4.0
487,6.0
488,6.0
489,6.0
490,6.0
491,6.0
492,6.0
493,6.0
494,6.0
495,4.0
496,3.0
497,4.0
498,6.0
499,6.0
