0,43.0
1,43.0
2,42.0
3,42.0
4,42.0
5,42.0
6,35.0
7,42.0
8,37.0
9,42.0
10,42.0
11,35.0
12,42.0
13,35.0
14,42.0
15,37.0
16,42.0
17,39.0
18,35.0
19,42.0
20,33.0
21,42.0
22,35.0
23,33.0
24,42.0
25,35.0
26,27.0
27,35.0
28,27.0
29,35.0
30,27.0
31,35.0
32,27.0
33,35.0
34,27.0
35,35.0
36,29.0
37,31.0
38,31.0
39,25.0
40,24.0
41,25.0
42,26.0
43,27.0
44,22.0
45,27.0
46,20.0
47,28.0
48,31.0
49,25.0
50,22.0
51,27.0
52,20.0
53,28.0
54,25.0
55,20.0
56,28.0
57,25.0
58,20.0
59,28.0
60,25.0
61,20.0
62,26.0
63,34.0
64,23.0
65,20.0
66,24.0
67,22.0
68,20.0
69,24.0
70,22.0
71,20.0
72,24.0
73,22.0
74,20.0
75,24.0
76,22.0
77,20.0
78,24.0
79,22.0
80,20.0
81,24.0
82,22.0
83,20.0
84,24.0
85,25.0
86,20.0
87,22.0
88,20.0
89,24.0
90,22.0
91,20.0
92,24.0
93,22.0
94,20.0
95,24.0
96,22.0
97,20.0
98,24.0
99,22.0
100,20.0
101,24.0
102,22.0
103,20.0
104,24.0
105,22.0
106,20.0
107,24.0
108,25.0
109,20.0
110,22.0
111,20.0
112,24.0
113,22.0
114,20.0
115,24.0
116,22.0
117,20.0
118,24.0
119,22.0
120,20.0
121,24.0
122,22.0
123,20.0
124,24.0
125,22.0
126,20.0
127,24.0
128,25.0
129,20.0
130,22.0
131,20.0
132,24.0
133,22.0
134,20.0
135,24.0
136,22.0
137,20.0
138,24.0
139,22.0
140,20.0
141,24.0
142,22.0
143,20.0
144,24.0
145,22.0
146,20.0
147,24.0
148,24.0
149,30.0
150,25.0
151,20.0
152,22.0
153,20.0
154,24.0
155,22.0
156,20.0
157,24.0
158,30.0
159,25.0
160,20.0
161,24.0
162,30.0
163,25.0
164,20.0
165,22.0
166,20.0
167,24.0
168,22.0
169,20.0
170,24.0
171,22.0
172,20.0
173,24.0
174,22.0
175,20.0
176,24.0
177,24.0
178,24.0
179,30.0
180,25.0
181,20.0
182,24.0
183,27.0
184,22.0
185,20.0
186,24.0
187,30.0
188,25.0
189,20.0
190,22.0
191,20.0
192,24.0
193,24.0
194,30.0
195,25.0
196,20.0
197,22.0
198,20.0
199,24.0
200,22.0
201,20.0
202,24.0
203,30.0
204,25.0
205,20.0
206,24.0
207,30.0
208,25.0
209,20.0
210,22.0
211,20.0
212,24.0
213,22.0
214,20.0
215,24.0
216,22.0
217,20.0
218,24.0
219,22.0
220,20.0
221,24.0
222,24.0
223,24.0
224,30.0
225,25.0
226,20.0
227,24.0
228,30.0
229,25.0
230,20.0
231,24.0
232,24.0
233,28.0
234,31.0
235,24.0
236,20.0
237,22.0
238,20.0
239,22.0
240,20.0
241,24.0
242,24.0
243,28.0
244,24.0
245,24.0
246,24.0
247,24.0
248,24.0
249,20.0
250,22.0
251,20.0
252,22.0
253,20.0
254,24.0
255,24.0
256,28.0
257,24.0
258,24.0
259,24.0
260,24.0
261,24.0
262,24.0
263,24.0
264,20.0
265,22.0
266,20.0
267,22.0
268,20.0
269,24.0
270,24.0
271,28.0
272,24.0
273,24.0
274,24.0
275,24.0
276,24.0
277,24.0
278,24.0
279,20.0
280,22.0
281,20.0
282,22.0
283,20.0
284,24.0
285,24.0
286,28.0
287,24.0
288,24.0
289,24.0
290,24.0
291,24.0
292,24.0
293,24.0
294,20.0
295,22.0
296,20.0
297,22.0
298,20.0
299,24.0
300,24.0
301,28.0
302,24.0
303,24.0
304,24.0
305,24.0
306,24.0
307,24.0
308,24.0
309,20.0
310,22.0
311,20.0
312,22.0
313,20.0
314,24.0
315,24.0
316,28.0
317,24.0
318,24.0
319,24.0
320,24.0
321,24.0
322,24.0
323,24.0
324,20.0
325,22.0
326,20.0
327,22.0
328,20.0
329,24.0
330,24.0
331,28.0
332,24.0
333,24.0
334,24.0
335,24.0
336,24.0
337,24.0
338,24.0
339,20.0
340,22.0
341,20.0
342,22.0
343,20.0
344,24.0
345,24.0
346,28.0
347,24.0
348,24.0
349,24.0
350,24.0
351,24.0
352,24.0
353,24.0
354,20.0
355,22.0
356,20.0
357,22.0
358,20.0
359,24.0
360,24.0
361,28.0
362,24.0
363,24.0
364,24.0
365,24.0
366,24.0
367,24.0
368,24.0
369,20.0
370,22.0
371,20.0
372,22.0
373,20.0
374,24.0
375,24.0
376,28.0
377,24.0
378,24.0
379,24.0
380,24.0
381,24.0
382,24.0
383,24.0
384,20.0
385,22.0
386,20.0
387,22.0
388,20.0
389,24.0
390,24.0
391,28.0
392,24.0
393,24.0
394,24.0
395,24.0
396,24.0
397,24.0
398,24.0
399,20.0
400,22.0
401,20.0
402,22.0
403,20.0
404,24.0
405,24.0
406,28.0
407,24.0
408,24.0
409,24.0
410,24.0
411,24.0
412,24.0
413,24.0
414,20.0
415,22.0
416,20.0
417,22.0
418,20.0
419,24.0
420,24.0
421,28.0
422,24.0
423,24.0
424,24.0
425,24.0
426,24.0
427,24.0
428,24.0
429,20.0
430,22.0
431,20.0
432,22.0
433,20.0
434,24.0
435,24.0
436,28.0
437,24.0
438,24.0
439,24.0
440,24.0
441,24.0
442,24.0
443,24.0
444,20.0
445,22.0
446,20.0
447,22.0
448,20.0
449,24.0
450,24.0
451,28.0
452,24.0
453,24.0
454,24.0
455,24.0
456,24.0
457,24.0
458,24.0
459,20.0
460,22.0
461,20.0
462,22.0
463,20.0
464,24.0
465,24.0
466,28.0
467,24.0
468,24.0
469,24.0
470,24.0
471,24.0
472,24.0
473,24.0
474,20.0
475,22.0
476,20.0
477,22.0
478,20.0
479,24.0
480,24.0
481,28.0
482,24.0
483,24.0
484,24.0
485,24.0
486,24.0
487,24.0
488,24.0
489,20.0
490,22.0
491,20.0
492,22.0
493,20.0
494,24.0
495,24.0
496,28.0
497,24.0
498,24.0
499,24.0
0,45.0
1,34.0
2,45.0
3,39.0
4,36.0
5,36.0
6,41.0
7,39.0
8,29.0
9,36.0
10,41.0
11,34.0
12,34.0
13,30.0
14,30.0
15,30.0
16,30.0
17,32.0
18,38.0
19,34.0
20,25.0
21,27.0
22,32.0
23,23.0
24,25.0
25,25.0
26,25.0
27,25.0
28,27.0
29,27.0
30,22.0
31,21.0
32,19.0
33,19.0
34,27.0
35,27.0
36,27.0
37,22.0
38,21.0
39,25.0
40,17.0
41,27.0
42,25.0
43,27.0
44,23.0
45,25.0
46,27.0
47,13.0
48,21.0
49,25.0
50,17.0
51,25.0
52,17.0
53,25.0
54,17.0
55,25.0
56,17.0
57,25.0
58,17.0
59,25.0
60,17.0
61,25.0
62,17.0
63,19.0
64,21.0
65,21.0
66,25.0
67,20.0
68,23.0
69,17.0
70,19.0
71,19.0
72,19.0
73,19.0
74,23.0
75,23.0
76,23.0
77,23.0
78,23.0
79,23.0
80,23.0
81,23.0
82,22.0
83,24.0
84,23.0
85,22.0
86,24.0
87,23.0
88,22.0
89,24.0
90,23.0
91,10.0
92,22.0
93,13.0
94,22.0
95,21.0
96,19.0
97,21.0
98,24.0
99,13.0
100,22.0
101,21.0
102,19.0
103,21.0
104,24.0
105,13.0
106,22.0
107,21.0
108,19.0
109,21.0
110,24.0
111,13.0
112,22.0
113,21.0
114,17.0
115,22.0
116,25.0
117,13.0
118,20.0
119,15.0
120,22.0
121,25.0
122,13.0
123,20.0
124,15.0
125,22.0
126,25.0
127,21.0
128,19.0
129,21.0
130,22.0
131,13.0
132,12.0
133,21.0
134,22.0
135,15.0
136,21.0
137,22.0
138,15.0
139,21.0
140,22.0
141,19.0
142,19.0
143,22.0
144,23.0
145,15.0
146,22.0
147,25.0
148,19.0
149,19.0
150,22.0
151,15.0
152,23.0
153,27.0
154,26.0
155,23.0
156,15.0
157,23.0
158,26.0
159,19.0
160,19.0
161,20.0
162,21.0
163,19.0
164,20.0
165,25.0
166,17.0
167,18.0
168,25.0
169,25.0
170,15.0
171,20.0
172,25.0
173,21.0
174,19.0
175,22.0
176,19.0
177,22.0
178,19.0
179,22.0
180,19.0
181,22.0
182,19.0
183,14.0
184,10.0
185,16.0
186,19.0
187,22.0
188,19.0
189,14.0
190,10.0
191,16.0
192,19.0
193,14.0
194,10.0
195,20.0
196,19.0
197,20.0
198,17.0
199,10.0
200,20.0
201,25.0
202,19.0
203,22.0
204,19.0
205,22.0
206,19.0
207,14.0
208,10.0
209,16.0
210,19.0
211,14.0
212,10.0
213,20.0
214,25.0
215,19.0
216,22.0
217,19.0
218,22.0
219,19.0
220,14.0
221,10.0
222,16.0
223,19.0
224,14.0
225,10.0
226,16.0
227,19.0
228,14.0
229,10.0
230,20.0
231,25.0
232,19.0
233,14.0
234,10.0
235,20.0
236,25.0
237,19.0
238,22.0
239,19.0
240,14.0
241,10.0
242,20.0
243,25.0
244,19.0
245,22.0
246,19.0
247,14.0
248,10.0
249,20.0
250,25.0
251,19.0
252,22.0
253,19.0
254,14.0
255,10.0
256,16.0
257,19.0
258,14.0
259,10.0
260,16.0
261,19.0
262,14.0
263,10.0
264,16.0
265,19.0
266,22.0
267,19.0
268,14.0
269,10.0
270,16.0
271,19.0
272,14.0
273,10.0
274,16.0
275,19.0
276,22.0
277,19.0
278,22.0
279,19.0
280,22.0
281,19.0
282,22.0
283,19.0
284,20.0
285,21.0
286,16.0
287,10.0
288,16.0
289,19.0
290,14.0
291,10.0
292,16.0
293,19.0
294,14.0
295,10.0
296,16.0
297,17.0
298,16.0
299,10.0
300,16.0
301,19.0
302,14.0
303,10.0
304,16.0
305,17.0
306,16.0
307,10.0
308,18.0
309,19.0
310,14.0
311,10.0
312,16.0
313,17.0
314,24.0
315,19.0
316,14.0
317,10.0
318,14.0
319,16.0
320,17.0
321,16.0
322,16.0
323,17.0
324,24.0
325,17.0
326,22.0
327,21.0
328,16.0
329,10.0
330,16.0
331,17.0
332,14.0
333,10.0
334,10.0
335,16.0
336,17.0
337,16.0
338,14.0
339,15.0
340,18.0
341,10.0
342,16.0
343,17.0
344,16.0
345,10.0
346,14.0
347,16.0
348,17.0
349,14.0
350,10.0
351,16.0
352,17.0
353,22.0
354,21.0
355,16.0
356,22.0
357,17.0
358,22.0
359,19.0
360,16.0
361,10.0
362,14.0
363,19.0
364,16.0
365,10.0
366,14.0
367,19.0
368,16.0
369,10.0
370,14.0
371,19.0
372,16.0
373,10.0
374,14.0
375,19.0
376,16.0
377,18.0
378,19.0
379,16.0
380,10.0
381,14.0
382,19.0
383,16.0
384,18.0
385,19.0
386,16.0
387,18.0
388,19.0
389,16.0
390,10.0
391,14.0
392,16.0
393,17.0
394,14.0
395,10.0
396,14.0
397,16.0
398,17.0
399,14.0
400,10.0
401,14.0
402,16.0
403,17.0
404,14.0
405,10.0
406,14.0
407,15.0
408,18.0
409,14.0
410,18.0
411,16.0
412,17.0
413,14.0
414,10.0
415,14.0
416,15.0
417,18.0
418,14.0
419,18.0
420,16.0
421,17.0
422,14.0
423,10.0
424,14.0
425,15.0
426,18.0
427,16.0
428,20.0
429,15.0
430,18.0
431,14.0
432,18.0
433,16.0
434,17.0
435,14.0
436,10.0
437,14.0
438,15.0
439,18.0
440,16.0
441,20.0
442,15.0
443,18.0
444,14.0
445,18.0
446,16.0
447,17.0
448,14.0
449,10.0
450,14.0
451,15.0
452,18.0
453,16.0
454,20.0
455,15.0
456,18.0
457,14.0
458,18.0
459,16.0
460,17.0
461,14.0
462,10.0
463,14.0
464,15.0
465,18.0
466,16.0
467,20.0
468,15.0
469,18.0
470,14.0
471,14.0
472,14.0
473,19.0
474,18.0
475,20.0
476,15.0
477,18.0
478,14.0
479,14.0
480,14.0
481,19.0
482,16.0
483,14.0
484,14.0
485,19.0
486,18.0
487,20.0
488,15.0
489,18.0
490,14.0
491,14.0
492,14.0
493,19.0
494,18.0
495,20.0
496,15.0
497,18.0
498,14.0
499,14.0
0,48.0
1,43.0
2,42.0
3,40.0
4,42.0
5,42.0
6,42.0
7,42.0
8,35.0
9,40.0
10,42.0
11,36.0
12,42.0
13,34.0
14,29.0
15,31.0
16,33.0
17,34.0
18,29.0
19,29.0
20,29.0
21,29.0
22,29.0
23,33.0
24,33.0
25,25.0
26,27.0
27,29.0
28,29.0
29,31.0
30,27.0
31,32.0
32,36.0
33,25.0
34,27.0
35,29.0
36,29.0
37,32.0
38,28.0
39,29.0
40,20.0
41,27.0
42,32.0
43,21.0
44,27.0
45,29.0
46,20.0
47,27.0
48,32.0
49,21.0
50,27.0
51,32.0
52,22.0
53,28.0
54,32.0
55,22.0
56,28.0
57,32.0
58,25.0
59,27.0
60,32.0
61,25.0
62,27.0
63,32.0
64,25.0
65,20.0
66,18.0
67,33.0
68,20.0
69,20.0
70,18.0
71,33.0
72,20.0
73,20.0
74,18.0
75,33.0
76,20.0
77,20.0
78,18.0
79,33.0
80,20.0
81,20.0
82,18.0
83,33.0
84,22.0
85,22.0
86,20.0
87,18.0
88,18.0
89,27.0
90,18.0
91,18.0
92,33.0
93,20.0
94,18.0
95,18.0
96,18.0
97,27.0
98,18.0
99,18.0
100,24.0
101,27.0
102,22.0
103,22.0
104,27.0
105,27.0
106,24.0
107,27.0
108,32.0
109,30.0
110,22.0
111,27.0
112,22.0
113,18.0
114,26.0
115,29.0
116,22.0
117,27.0
118,22.0
119,18.0
120,22.0
121,27.0
122,22.0
123,18.0
124,26.0
125,27.0
126,22.0
127,26.0
128,27.0
129,22.0
130,24.0
131,32.0
132,35.0
133,21.0
134,20.0
135,22.0
136,33.0
137,22.0
138,24.0
139,32.0
140,27.0
141,20.0
142,24.0
143,33.0
144,22.0
145,24.0
146,32.0
147,27.0
148,20.0
149,24.0
150,33.0
151,22.0
152,20.0
153,24.0
154,33.0
155,22.0
156,22.0
157,22.0
158,20.0
159,26.0
160,31.0
161,22.0
162,22.0
163,20.0
164,26.0
165,31.0
166,24.0
167,32.0
168,27.0
169,20.0
170,24.0
171,30.0
172,23.0
173,20.0
174,22.0
175,32.0
176,27.0
177,22.0
178,22.0
179,20.0
180,26.0
181,30.0
182,23.0
183,20.0
184,24.0
185,30.0
186,23.0
187,20.0
188,26.0
189,30.0
190,23.0
191,22.0
192,22.0
193,20.0
194,26.0
195,30.0
196,23.0
197,22.0
198,22.0
199,20.0
200,26.0
201,30.0
202,23.0
203,20.0
204,26.0
205,30.0
206,23.0
207,26.0
208,30.0
209,26.0
210,29.0
211,30.0
212,29.0
213,30.0
214,29.0
215,25.0
216,29.0
217,30.0
218,23.0
219,22.0
220,22.0
221,20.0
222,26.0
223,30.0
224,29.0
225,25.0
226,25.0
227,26.0
228,30.0
229,29.0
230,25.0
231,29.0
232,30.0
233,28.0
234,23.0
235,26.0
236,30.0
237,28.0
238,23.0
239,24.0
240,26.0
241,30.0
242,28.0
243,23.0
244,24.0
245,26.0
246,30.0
247,28.0
248,23.0
249,24.0
250,22.0
251,26.0
252,25.0
253,29.0
254,30.0
255,28.0
256,23.0
257,24.0
258,22.0
259,26.0
260,25.0
261,29.0
262,30.0
263,28.0
264,23.0
265,24.0
266,22.0
267,26.0
268,25.0
269,29.0
270,30.0
271,28.0
272,23.0
273,23.0
274,25.0
275,23.0
276,26.0
277,29.0
278,30.0
279,28.0
280,23.0
281,23.0
282,25.0
283,22.0
284,23.0
285,25.0
286,23.0
287,25.0
288,23.0
289,25.0
290,23.0
291,26.0
292,29.0
293,30.0
294,28.0
295,23.0
296,23.0
297,25.0
298,22.0
299,23.0
300,25.0
301,22.0
302,23.0
303,25.0
304,23.0
305,25.0
306,23.0
307,25.0
308,23.0
309,26.0
310,29.0
311,30.0
312,28.0
313,23.0
314,23.0
315,25.0
316,22.0
317,23.0
318,25.0
319,23.0
320,25.0
321,23.0
322,25.0
323,23.0
324,26.0
325,29.0
326,30.0
327,28.0
328,23.0
329,23.0
330,25.0
331,22.0
332,23.0
333,25.0
334,22.0
335,23.0
336,25.0
337,23.0
338,25.0
339,23.0
340,25.0
341,23.0
342,26.0
343,29.0
344,30.0
345,28.0
346,23.0
347,23.0
348,25.0
349,22.0
350,23.0
351,25.0
352,23.0
353,25.0
354,23.0
355,25.0
356,23.0
357,26.0
358,25.0
359,24.0
360,24.0
361,24.0
362,22.0
363,23.0
364,25.0
365,23.0
366,25.0
367,23.0
368,25.0
369,23.0
370,25.0
371,23.0
372,25.0
373,23.0
374,26.0
375,25.0
376,24.0
377,24.0
378,24.0
379,22.0
380,23.0
381,25.0
382,23.0
383,25.0
384,23.0
385,25.0
386,23.0
387,25.0
388,23.0
389,25.0
390,23.0
391,26.0
392,25.0
393,24.0
394,24.0
395,24.0
396,22.0
397,23.0
398,25.0
399,23.0
400,25.0
401,23.0
402,25.0
403,23.0
404,25.0
405,23.0
406,25.0
407,23.0
408,26.0
409,25.0
410,24.0
411,24.0
412,24.0
413,22.0
414,23.0
415,25.0
416,23.0
417,25.0
418,23.0
419,25.0
420,23.0
421,25.0
422,23.0
423,25.0
424,23.0
425,26.0
426,25.0
427,24.0
428,24.0
429,24.0
430,22.0
431,23.0
432,25.0
433,23.0
434,25.0
435,23.0
436,25.0
437,23.0
438,25.0
439,23.0
440,25.0
441,23.0
442,26.0
443,25.0
444,24.0
445,24.0
446,24.0
447,22.0
448,23.0
449,25.0
450,23.0
451,25.0
452,23.0
453,25.0
454,23.0
455,25.0
456,23.0
457,25.0
458,23.0
459,26.0
460,25.0
461,24.0
462,24.0
463,24.0
464,22.0
465,23.0
466,25.0
467,23.0
468,25.0
469,23.0
470,25.0
471,23.0
472,25.0
473,23.0
474,25.0
475,23.0
476,26.0
477,25.0
478,24.0
479,24.0
480,24.0
481,22.0
482,23.0
483,25.0
484,23.0
485,25.0
486,23.0
487,25.0
488,23.0
489,25.0
490,23.0
491,25.0
492,23.0
493,26.0
494,25.0
495,24.0
496,24.0
497,24.0
498,22.0
499,23.0
0,46.0
1,40.0
2,38.0
3,38.0
4,40.0
5,36.0
6,38.0
7,40.0
8,36.0
9,37.0
10,40.0
11,34.0
12,35.0
13,37.0
14,38.0
15,38.0
16,27.0
17,37.0
18,30.0
19,37.0
20,30.0
21,37.0
22,28.0
23,27.0
24,31.0
25,27.0
26,27.0
27,27.0
28,33.0
29,29.0
30,29.0
31,29.0
32,29.0
33,33.0
34,31.0
35,20.0
36,33.0
37,22.0
38,27.0
39,29.0
40,29.0
41,27.0
42,33.0
43,23.0
44,29.0
45,30.0
46,23.0
47,30.0
48,23.0
49,28.0
50,31.0
51,23.0
52,34.0
53,20.0
54,20.0
55,20.0
56,20.0
57,20.0
58,20.0
59,32.0
60,26.0
61,20.0
62,20.0
63,32.0
64,32.0
65,23.0
66,37.0
67,31.0
68,31.0
69,21.0
70,20.0
71,20.0
72,20.0
73,30.0
74,21.0
75,20.0
76,20.0
77,30.0
78,21.0
79,20.0
80,20.0
81,30.0
82,21.0
83,30.0
84,21.0
85,20.0
86,30.0
87,21.0
88,20.0
89,20.0
90,20.0
91,20.0
92,30.0
93,21.0
94,30.0
95,21.0
96,20.0
97,30.0
98,21.0
99,20.0
100,30.0
101,21.0
102,22.0
103,28.0
104,31.0
105,31.0
106,21.0
107,22.0
108,27.0
109,27.0
110,31.0
111,22.0
112,23.0
113,27.0
114,25.0
115,31.0
116,21.0
117,22.0
118,27.0
119,25.0
120,31.0
121,24.0
122,23.0
123,30.0
124,31.0
125,22.0
126,22.0
127,29.0
128,27.0
129,25.0
130,22.0
131,29.0
132,27.0
133,25.0
134,22.0
135,22.0
136,29.0
137,27.0
138,25.0
139,22.0
140,29.0
141,27.0
142,25.0
143,22.0
144,29.0
145,27.0
146,25.0
147,22.0
148,21.0
149,26.0
150,22.0
151,25.0
152,22.0
153,21.0
154,28.0
155,27.0
156,22.0
157,22.0
158,25.0
159,21.0
160,28.0
161,27.0
162,22.0
163,25.0
164,22.0
165,21.0
166,26.0
167,22.0
168,25.0
169,21.0
170,28.0
171,27.0
172,22.0
173,22.0
174,25.0
175,23.0
176,22.0
177,22.0
178,22.0
179,22.0
180,25.0
181,21.0
182,28.0
183,27.0
184,22.0
185,22.0
186,25.0
187,23.0
188,22.0
189,22.0
190,22.0
191,22.0
192,22.0
193,25.0
194,23.0
195,22.0
196,22.0
197,22.0
198,22.0
199,25.0
200,21.0
201,28.0
202,27.0
203,22.0
204,22.0
205,25.0
206,23.0
207,22.0
208,22.0
209,22.0
210,22.0
211,22.0
212,25.0
213,23.0
214,22.0
215,22.0
216,22.0
217,22.0
218,22.0
219,25.0
220,23.0
221,22.0
222,22.0
223,22.0
224,22.0
225,25.0
226,26.0
227,28.0
228,28.0
229,28.0
230,25.0
231,22.0
232,22.0
233,22.0
234,22.0
235,24.0
236,26.0
237,22.0
238,22.0
239,25.0
240,21.0
241,20.0
242,28.0
243,27.0
244,22.0
245,22.0
246,22.0
247,25.0
248,26.0
249,23.0
250,22.0
251,22.0
252,22.0
253,22.0
254,25.0
255,23.0
256,22.0
257,22.0
258,22.0
259,22.0
260,24.0
261,26.0
262,22.0
263,22.0
264,25.0
265,26.0
266,28.0
267,28.0
268,25.0
269,22.0
270,22.0
271,22.0
272,22.0
273,24.0
274,26.0
275,22.0
276,22.0
277,24.0
278,26.0
279,22.0
280,24.0
281,26.0
282,22.0
283,22.0
284,24.0
285,26.0
286,22.0
287,22.0
288,25.0
289,26.0
290,28.0
291,25.0
292,22.0
293,22.0
294,22.0
295,22.0
296,24.0
297,26.0
298,22.0
299,22.0
300,24.0
301,26.0
302,22.0
303,24.0
304,26.0
305,22.0
306,22.0
307,24.0
308,26.0
309,22.0
310,22.0
311,25.0
312,26.0
313,28.0
314,25.0
315,22.0
316,22.0
317,22.0
318,22.0
319,24.0
320,26.0
321,22.0
322,22.0
323,24.0
324,26.0
325,22.0
326,24.0
327,26.0
328,22.0
329,22.0
330,24.0
331,26.0
332,22.0
333,22.0
334,25.0
335,26.0
336,28.0
337,25.0
338,22.0
339,22.0
340,22.0
341,22.0
342,24.0
343,26.0
344,22.0
345,22.0
346,24.0
347,26.0
348,22.0
349,24.0
350,26.0
351,22.0
352,22.0
353,24.0
354,26.0
355,22.0
356,22.0
357,25.0
358,26.0
359,28.0
360,25.0
361,22.0
362,22.0
363,22.0
364,22.0
365,24.0
366,26.0
367,22.0
368,22.0
369,24.0
370,26.0
371,22.0
372,24.0
373,26.0
374,22.0
375,22.0
376,24.0
377,26.0
378,22.0
379,22.0
380,25.0
381,26.0
382,28.0
383,25.0
384,22.0
385,22.0
386,22.0
387,22.0
388,24.0
389,26.0
390,22.0
391,22.0
392,24.0
393,26.0
394,22.0
395,24.0
396,26.0
397,22.0
398,22.0
399,24.0
400,26.0
401,22.0
402,22.0
403,25.0
404,26.0
405,28.0
406,25.0
407,22.0
408,22.0
409,22.0
410,22.0
411,24.0
412,26.0
413,22.0
414,22.0
415,24.0
416,26.0
417,22.0
418,24.0
419,26.0
420,22.0
421,22.0
422,24.0
423,26.0
424,22.0
425,22.0
426,25.0
427,26.0
428,28.0
429,25.0
430,22.0
431,22.0
432,22.0
433,22.0
434,24.0
435,26.0
436,22.0
437,22.0
438,24.0
439,26.0
440,22.0
441,24.0
442,26.0
443,22.0
444,22.0
445,24.0
446,26.0
447,22.0
448,22.0
449,25.0
450,26.0
451,28.0
452,25.0
453,22.0
454,22.0
455,22.0
456,22.0
457,24.0
458,26.0
459,22.0
460,22.0
461,24.0
462,26.0
463,22.0
464,24.0
465,26.0
466,22.0
467,22.0
468,24.0
469,26.0
470,22.0
471,22.0
472,25.0
473,26.0
474,28.0
475,25.0
476,22.0
477,22.0
478,22.0
479,22.0
480,24.0
481,26.0
482,22.0
483,22.0
484,24.0
485,26.0
486,22.0
487,24.0
488,26.0
489,22.0
490,22.0
491,24.0
492,26.0
493,22.0
494,22.0
495,25.0
496,26.0
497,28.0
498,25.0
499,22.0
0,42.0
1,39.0
2,36.0
3,38.0
4,36.0
5,36.0
6,36.0
7,29.0
8,38.0
9,36.0
10,36.0
11,29.0
12,38.0
13,36.0
14,34.0
15,26.0
16,34.0
17,33.0
18,35.0
19,34.0
20,33.0
21,34.0
22,33.0
23,29.0
24,31.0
25,31.0
26,31.0
27,29.0
28,29.0
29,29.0
30,33.0
31,31.0
32,31.0
33,22.0
34,31.0
35,20.0
36,29.0
37,20.0
38,22.0
39,25.0
40,20.0
41,22.0
42,29.0
43,29.0
44,29.0
45,29.0
46,25.0
47,20.0
48,18.0
49,29.0
50,29.0
51,29.0
52,20.0
53,27.0
54,29.0
55,22.0
56,18.0
57,29.0
58,20.0
59,27.0
60,29.0
61,22.0
62,18.0
63,29.0
64,20.0
65,29.0
66,22.0
67,18.0
68,29.0
69,20.0
70,27.0
71,29.0
72,22.0
73,18.0
74,29.0
75,20.0
76,29.0
77,22.0
78,18.0
79,29.0
80,20.0
81,29.0
82,22.0
83,22.0
84,29.0
85,22.0
86,18.0
87,27.0
88,29.0
89,22.0
90,27.0
91,29.0
92,22.0
93,18.0
94,27.0
95,29.0
96,22.0
97,27.0
98,29.0
99,20.0
100,29.0
101,22.0
102,22.0
103,29.0
104,22.0
105,18.0
106,29.0
107,20.0
108,29.0
109,22.0
110,22.0
111,29.0
112,22.0
113,18.0
114,27.0
115,31.0
116,31.0
117,22.0
118,27.0
119,31.0
120,24.0
121,22.0
122,31.0
123,22.0
124,31.0
125,24.0
126,22.0
127,24.0
128,22.0
129,22.0
130,31.0
131,22.0
132,31.0
133,22.0
134,24.0
135,22.0
136,22.0
137,22.0
138,22.0
139,24.0
140,22.0
141,22.0
142,22.0
143,31.0
144,22.0
145,31.0
146,22.0
147,22.0
148,20.0
149,22.0
150,22.0
151,22.0
152,20.0
153,22.0
154,22.0
155,31.0
156,22.0
157,22.0
158,20.0
159,22.0
160,22.0
161,31.0
162,22.0
163,22.0
164,20.0
165,22.0
166,22.0
167,31.0
168,22.0
169,22.0
170,20.0
171,22.0
172,22.0
173,31.0
174,22.0
175,22.0
176,22.0
177,22.0
178,22.0
179,20.0
180,22.0
181,22.0
182,22.0
183,22.0
184,22.0
185,20.0
186,20.0
187,22.0
188,22.0
189,22.0
190,31.0
191,22.0
192,22.0
193,22.0
194,22.0
195,22.0
196,22.0
197,20.0
198,20.0
199,22.0
200,22.0
201,22.0
202,31.0
203,22.0
204,22.0
205,22.0
206,20.0
207,20.0
208,22.0
209,22.0
210,22.0
211,22.0
212,22.0
213,20.0
214,20.0
215,22.0
216,22.0
217,22.0
218,22.0
219,22.0
220,20.0
221,20.0
222,22.0
223,22.0
224,22.0
225,22.0
226,22.0
227,20.0
228,22.0
229,20.0
230,22.0
231,20.0
232,20.0
233,22.0
234,22.0
235,22.0
236,22.0
237,22.0
238,20.0
239,20.0
240,22.0
241,22.0
242,22.0
243,22.0
244,22.0
245,20.0
246,22.0
247,20.0
248,22.0
249,20.0
250,20.0
251,22.0
252,22.0
253,22.0
254,22.0
255,22.0
256,20.0
257,20.0
258,22.0
259,22.0
260,22.0
261,22.0
262,22.0
263,20.0
264,22.0
265,20.0
266,22.0
267,20.0
268,20.0
269,22.0
270,22.0
271,22.0
272,22.0
273,22.0
274,20.0
275,20.0
276,22.0
277,22.0
278,22.0
279,22.0
280,22.0
281,20.0
282,22.0
283,20.0
284,22.0
285,20.0
286,20.0
287,22.0
288,22.0
289,22.0
290,22.0
291,22.0
292,20.0
293,20.0
294,22.0
295,22.0
296,22.0
297,22.0
298,22.0
299,20.0
300,22.0
301,20.0
302,22.0
303,20.0
304,20.0
305,22.0
306,22.0
307,22.0
308,22.0
309,22.0
310,20.0
311,20.0
312,22.0
313,22.0
314,22.0
315,22.0
316,22.0
317,20.0
318,22.0
319,20.0
320,22.0
321,20.0
322,20.0
323,22.0
324,22.0
325,22.0
326,22.0
327,22.0
328,20.0
329,20.0
330,22.0
331,22.0
332,22.0
333,22.0
334,22.0
335,20.0
336,22.0
337,20.0
338,22.0
339,20.0
340,20.0
341,22.0
342,22.0
343,22.0
344,22.0
345,22.0
346,20.0
347,20.0
348,22.0
349,22.0
350,22.0
351,22.0
352,22.0
353,20.0
354,22.0
355,20.0
356,22.0
357,20.0
358,20.0
359,22.0
360,22.0
361,22.0
362,22.0
363,22.0
364,20.0
365,20.0
366,22.0
367,22.0
368,22.0
369,22.0
370,22.0
371,20.0
372,22.0
373,20.0
374,22.0
375,20.0
376,20.0
377,22.0
378,22.0
379,22.0
380,22.0
381,22.0
382,20.0
383,20.0
384,22.0
385,22.0
386,22.0
387,22.0
388,22.0
389,20.0
390,22.0
391,20.0
392,22.0
393,20.0
394,20.0
395,22.0
396,22.0
397,22.0
398,22.0
399,22.0
400,20.0
401,20.0
402,22.0
403,22.0
404,22.0
405,22.0
406,22.0
407,20.0
408,22.0
409,20.0
410,22.0
411,20.0
412,20.0
413,22.0
414,22.0
415,22.0
416,22.0
417,22.0
418,20.0
419,20.0
420,22.0
421,22.0
422,22.0
423,22.0
424,22.0
425,20.0
426,22.0
427,20.0
428,22.0
429,20.0
430,20.0
431,22.0
432,22.0
433,22.0
434,22.0
435,22.0
436,20.0
437,20.0
438,22.0
439,22.0
440,22.0
441,22.0
442,22.0
443,20.0
444,22.0
445,20.0
446,22.0
447,20.0
448,20.0
449,22.0
450,22.0
451,22.0
452,22.0
453,22.0
454,20.0
455,20.0
456,22.0
457,22.0
458,22.0
459,22.0
460,22.0
461,20.0
462,22.0
463,20.0
464,22.0
465,20.0
466,20.0
467,22.0
468,22.0
469,22.0
470,22.0
471,22.0
472,20.0
473,20.0
474,22.0
475,22.0
476,22.0
477,22.0
478,22.0
479,20.0
480,22.0
481,20.0
482,22.0
483,20.0
484,20.0
485,22.0
486,22.0
487,22.0
488,22.0
489,22.0
490,20.0
491,20.0
492,22.0
493,22.0
494,22.0
495,22.0
496,22.0
497,20.0
498,22.0
499,20.0
