0,26.0
1,25.0
2,25.0
3,25.0
4,25.0
5,25.0
6,25.0
7,25.0
8,25.0
9,25.0
10,25.0
11,21.0
12,23.0
13,23.0
14,23.0
15,23.0
16,23.0
17,23.0
18,20.0
19,21.0
20,23.0
21,23.0
22,23.0
23,23.0
24,23.0
25,16.0
26,21.0
27,23.0
28,23.0
29,18.0
30,21.0
31,23.0
32,18.0
33,21.0
34,18.0
35,21.0
36,23.0
37,23.0
38,20.0
39,21.0
40,23.0
41,20.0
42,21.0
43,23.0
44,23.0
45,18.0
46,21.0
47,21.0
48,20.0
49,23.0
50,21.0
51,20.0
52,23.0
53,21.0
54,20.0
55,23.0
56,21.0
57,20.0
58,23.0
59,21.0
60,20.0
61,20.0
62,19.0
63,20.0
64,20.0
65,19.0
66,22.0
67,20.0
68,19.0
69,20.0
70,21.0
71,22.0
72,20.0
73,19.0
74,22.0
75,20.0
76,19.0
77,22.0
78,20.0
79,23.0
80,20.0
81,18.0
82,23.0
83,20.0
84,19.0
85,22.0
86,20.0
87,23.0
88,20.0
89,16.0
90,23.0
91,14.0
92,19.0
93,22.0
94,18.0
95,23.0
96,18.0
97,23.0
98,18.0
99,23.0
100,18.0
101,23.0
102,18.0
103,23.0
104,16.0
105,19.0
106,22.0
107,20.0
108,16.0
109,23.0
110,16.0
111,16.0
112,23.0
113,18.0
114,23.0
115,18.0
116,23.0
117,12.0
118,16.0
119,23.0
120,14.0
121,12.0
122,16.0
123,23.0
124,14.0
125,12.0
126,14.0
127,17.0
128,22.0
129,12.0
130,14.0
131,21.0
132,22.0
133,18.0
134,21.0
135,22.0
136,14.0
137,14.0
138,12.0
139,14.0
140,21.0
141,22.0
142,15.0
143,15.0
144,23.0
145,18.0
146,23.0
147,14.0
148,14.0
149,21.0
150,22.0
151,14.0
152,14.0
153,14.0
154,14.0
155,16.0
156,23.0
157,14.0
158,14.0
159,21.0
160,22.0
161,12.0
162,14.0
163,16.0
164,23.0
165,14.0
166,14.0
167,21.0
168,22.0
169,14.0
170,14.0
171,14.0
172,15.0
173,13.0
174,14.0
175,16.0
176,23.0
177,14.0
178,14.0
179,21.0
180,22.0
181,14.0
182,14.0
183,14.0
184,15.0
185,13.0
186,16.0
187,21.0
188,22.0
189,14.0
190,14.0
191,15.0
192,13.0
193,14.0
194,16.0
195,21.0
196,22.0
197,14.0
198,16.0
199,21.0
200,22.0
201,14.0
202,14.0
203,16.0
204,21.0
205,22.0
206,14.0
207,16.0
208,21.0
209,22.0
210,14.0
211,16.0
212,21.0
213,22.0
214,14.0
215,14.0
216,15.0
217,13.0
218,14.0
219,15.0
220,13.0
221,14.0
222,16.0
223,21.0
224,22.0
225,14.0
226,16.0
227,21.0
228,22.0
229,14.0
230,14.0
231,15.0
232,13.0
233,15.0
234,13.0
235,15.0
236,13.0
237,15.0
238,13.0
239,14.0
240,15.0
241,13.0
242,14.0
243,16.0
244,21.0
245,22.0
246,14.0
247,14.0
248,15.0
249,13.0
250,14.0
251,15.0
252,13.0
253,14.0
254,16.0
255,21.0
256,22.0
257,14.0
258,14.0
259,15.0
260,13.0
261,14.0
262,15.0
263,13.0
264,14.0
265,15.0
266,13.0
267,14.0
268,16.0
269,21.0
270,22.0
271,14.0
272,16.0
273,21.0
274,22.0
275,14.0
276,14.0
277,15.0
278,13.0
279,15.0
280,13.0
281,15.0
282,13.0
283,15.0
284,13.0
285,14.0
286,15.0
287,13.0
288,14.0
289,16.0
290,21.0
291,22.0
292,14.0
293,14.0
294,15.0
295,13.0
296,14.0
297,15.0
298,13.0
299,14.0
300,15.0
301,13.0
302,15.0
303,13.0
304,15.0
305,13.0
306,15.0
307,13.0
308,14.0
309,14.0
310,15.0
311,13.0
312,14.0
313,15.0
314,13.0
315,14.0
316,15.0
317,13.0
318,14.0
319,15.0
320,13.0
321,15.0
322,13.0
323,15.0
324,13.0
325,15.0
326,13.0
327,14.0
328,14.0
329,15.0
330,13.0
331,14.0
332,15.0
333,13.0
334,14.0
335,15.0
336,13.0
337,14.0
338,15.0
339,13.0
340,15.0
341,13.0
342,15.0
343,13.0
344,15.0
345,13.0
346,14.0
347,14.0
348,15.0
349,13.0
350,14.0
351,15.0
352,13.0
353,14.0
354,15.0
355,13.0
356,14.0
357,15.0
358,13.0
359,15.0
360,13.0
361,15.0
362,13.0
363,15.0
364,13.0
365,14.0
366,14.0
367,15.0
368,13.0
369,14.0
370,15.0
371,13.0
372,14.0
373,15.0
374,13.0
375,14.0
376,15.0
377,13.0
378,15.0
379,13.0
380,15.0
381,13.0
382,15.0
383,13.0
384,14.0
385,14.0
386,15.0
387,13.0
388,14.0
389,15.0
390,13.0
391,14.0
392,15.0
393,13.0
394,14.0
395,15.0
396,13.0
397,15.0
398,13.0
399,15.0
400,13.0
401,15.0
402,13.0
403,14.0
404,14.0
405,15.0
406,13.0
407,14.0
408,15.0
409,13.0
410,14.0
411,15.0
412,13.0
413,14.0
414,15.0
415,13.0
416,15.0
417,13.0
418,15.0
419,13.0
420,15.0
421,13.0
422,14.0
423,14.0
424,15.0
425,13.0
426,14.0
427,15.0
428,13.0
429,14.0
430,15.0
431,13.0
432,14.0
433,15.0
434,13.0
435,15.0
436,13.0
437,15.0
438,13.0
439,15.0
440,13.0
441,14.0
442,14.0
443,15.0
444,13.0
445,14.0
446,15.0
447,13.0
448,14.0
449,15.0
450,13.0
451,14.0
452,15.0
453,13.0
454,15.0
455,13.0
456,15.0
457,13.0
458,15.0
459,13.0
460,14.0
461,14.0
462,15.0
463,13.0
464,14.0
465,15.0
466,13.0
467,14.0
468,15.0
469,13.0
470,14.0
471,15.0
472,13.0
473,15.0
474,13.0
475,15.0
476,13.0
477,15.0
478,13.0
479,14.0
480,14.0
481,15.0
482,13.0
483,14.0
484,15.0
485,13.0
486,14.0
487,15.0
488,13.0
489,14.0
490,15.0
491,13.0
492,15.0
493,13.0
494,15.0
495,13.0
496,15.0
497,13.0
498,14.0
499,14.0
0,23.0
1,21.0
2,25.0
3,23.0
4,19.0
5,21.0
6,20.0
7,19.0
8,21.0
9,20.0
10,19.0
11,21.0
12,18.0
13,19.0
14,21.0
15,18.0
16,19.0
17,21.0
18,18.0
19,19.0
20,21.0
21,18.0
22,19.0
23,21.0
24,18.0
25,19.0
26,18.0
27,19.0
28,21.0
29,18.0
30,19.0
31,21.0
32,18.0
33,19.0
34,21.0
35,18.0
36,19.0
37,21.0
38,18.0
39,19.0
40,21.0
41,18.0
42,21.0
43,18.0
44,19.0
45,18.0
46,19.0
47,18.0
48,16.0
49,19.0
50,18.0
51,16.0
52,19.0
53,18.0
54,16.0
55,19.0
56,18.0
57,16.0
58,19.0
59,20.0
60,16.0
61,17.0
62,20.0
63,12.0
64,16.0
65,17.0
66,20.0
67,12.0
68,16.0
69,17.0
70,20.0
71,12.0
72,16.0
73,17.0
74,20.0
75,12.0
76,16.0
77,17.0
78,20.0
79,12.0
80,16.0
81,17.0
82,20.0
83,12.0
84,16.0
85,17.0
86,20.0
87,12.0
88,16.0
89,17.0
90,20.0
91,18.0
92,16.0
93,17.0
94,20.0
95,18.0
96,16.0
97,19.0
98,18.0
99,17.0
100,20.0
101,18.0
102,21.0
103,18.0
104,17.0
105,20.0
106,12.0
107,16.0
108,17.0
109,20.0
110,12.0
111,16.0
112,17.0
113,20.0
114,18.0
115,16.0
116,17.0
117,20.0
118,18.0
119,16.0
120,17.0
121,20.0
122,18.0
123,16.0
124,21.0
125,18.0
126,17.0
127,20.0
128,14.0
129,16.0
130,21.0
131,12.0
132,16.0
133,21.0
134,18.0
135,15.0
136,14.0
137,16.0
138,20.0
139,14.0
140,16.0
141,21.0
142,12.0
143,16.0
144,21.0
145,20.0
146,15.0
147,14.0
148,14.0
149,16.0
150,20.0
151,14.0
152,16.0
153,21.0
154,12.0
155,16.0
156,17.0
157,20.0
158,14.0
159,17.0
160,20.0
161,14.0
162,17.0
163,20.0
164,14.0
165,17.0
166,20.0
167,14.0
168,15.0
169,14.0
170,14.0
171,14.0
172,14.0
173,14.0
174,16.0
175,20.0
176,14.0
177,16.0
178,21.0
179,20.0
180,17.0
181,20.0
182,14.0
183,17.0
184,20.0
185,14.0
186,17.0
187,20.0
188,14.0
189,15.0
190,14.0
191,14.0
192,14.0
193,14.0
194,9.0
195,14.0
196,12.0
197,14.0
198,21.0
199,14.0
200,21.0
201,14.0
202,21.0
203,13.0
204,11.0
205,13.0
206,11.0
207,14.0
208,12.0
209,14.0
210,12.0
211,13.0
212,12.0
213,13.0
214,13.0
215,12.0
216,13.0
217,13.0
218,13.0
219,13.0
220,12.0
221,13.0
222,13.0
223,13.0
224,13.0
225,12.0
226,13.0
227,13.0
228,13.0
229,13.0
230,12.0
231,15.0
232,13.0
233,13.0
234,13.0
235,12.0
236,15.0
237,13.0
238,15.0
239,13.0
240,12.0
241,15.0
242,13.0
243,15.0
244,13.0
245,18.0
246,15.0
247,13.0
248,16.0
249,16.0
250,16.0
251,16.0
252,16.0
253,16.0
254,16.0
255,16.0
256,16.0
257,16.0
258,16.0
259,16.0
260,16.0
261,16.0
262,16.0
263,16.0
264,16.0
265,16.0
266,16.0
267,16.0
268,16.0
269,16.0
270,16.0
271,16.0
272,16.0
273,16.0
274,16.0
275,16.0
276,16.0
277,16.0
278,16.0
279,16.0
280,16.0
281,16.0
282,16.0
283,16.0
284,16.0
285,16.0
286,16.0
287,16.0
288,16.0
289,16.0
290,16.0
291,16.0
292,16.0
293,16.0
294,16.0
295,16.0
296,16.0
297,16.0
298,16.0
299,16.0
300,16.0
301,16.0
302,16.0
303,16.0
304,16.0
305,16.0
306,16.0
307,16.0
308,16.0
309,16.0
310,16.0
311,16.0
312,16.0
313,16.0
314,16.0
315,16.0
316,16.0
317,16.0
318,16.0
319,16.0
320,16.0
321,16.0
322,16.0
323,16.0
324,16.0
325,16.0
326,16.0
327,16.0
328,16.0
329,16.0
330,16.0
331,16.0
332,16.0
333,16.0
334,16.0
335,16.0
336,16.0
337,16.0
338,16.0
339,16.0
340,16.0
341,16.0
342,16.0
343,16.0
344,16.0
345,16.0
346,16.0
347,16.0
348,16.0
349,16.0
350,16.0
351,16.0
352,16.0
353,16.0
354,16.0
355,16.0
356,16.0
357,16.0
358,16.0
359,16.0
360,16.0
361,16.0
362,16.0
363,16.0
364,16.0
365,16.0
366,16.0
367,16.0
368,16.0
369,16.0
370,16.0
371,16.0
372,16.0
373,16.0
374,16.0
375,16.0
376,16.0
377,16.0
378,16.0
379,16.0
380,16.0
381,16.0
382,16.0
383,16.0
384,16.0
385,16.0
386,16.0
387,16.0
388,16.0
389,16.0
390,16.0
391,16.0
392,16.0
393,16.0
394,16.0
395,16.0
396,16.0
397,16.0
398,16.0
399,16.0
400,16.0
401,16.0
402,16.0
403,16.0
404,16.0
405,16.0
406,16.0
407,16.0
408,16.0
409,16.0
410,16.0
411,16.0
412,16.0
413,16.0
414,16.0
415,16.0
416,16.0
417,16.0
418,16.0
419,16.0
420,16.0
421,16.0
422,16.0
423,16.0
424,16.0
425,16.0
426,16.0
427,16.0
428,16.0
429,16.0
430,16.0
431,16.0
432,16.0
433,16.0
434,16.0
435,16.0
436,16.0
437,16.0
438,16.0
439,16.0
440,16.0
441,16.0
442,16.0
443,16.0
444,16.0
445,16.0
446,16.0
447,16.0
448,16.0
449,16.0
450,16.0
451,16.0
452,16.0
453,16.0
454,16.0
455,16.0
456,16.0
457,16.0
458,16.0
459,16.0
460,16.0
461,16.0
462,16.0
463,16.0
464,16.0
465,16.0
466,16.0
467,16.0
468,16.0
469,16.0
470,16.0
471,16.0
472,16.0
473,16.0
474,16.0
475,16.0
476,16.0
477,16.0
478,16.0
479,16.0
480,16.0
481,16.0
482,16.0
483,16.0
484,16.0
485,16.0
486,16.0
487,16.0
488,16.0
489,16.0
490,16.0
491,16.0
492,16.0
493,16.0
494,16.0
495,16.0
496,16.0
497,16.0
498,16.0
499,16.0
0,26.0
1,25.0
2,25.0
3,23.0
4,25.0
5,23.0
6,26.0
7,24.0
8,25.0
9,27.0
10,25.0
11,25.0
12,23.0
13,27.0
14,27.0
15,21.0
16,21.0
17,25.0
18,25.0
19,27.0
20,23.0
21,25.0
22,25.0
23,25.0
24,23.0
25,21.0
26,21.0
27,25.0
28,25.0
29,19.0
30,25.0
31,25.0
32,21.0
33,18.0
34,23.0
35,19.0
36,16.0
37,18.0
38,23.0
39,19.0
40,18.0
41,21.0
42,20.0
43,23.0
44,12.0
45,18.0
46,27.0
47,12.0
48,23.0
49,18.0
50,21.0
51,18.0
52,18.0
53,27.0
54,12.0
55,23.0
56,16.0
57,19.0
58,15.0
59,14.0
60,14.0
61,14.0
62,16.0
63,27.0
64,27.0
65,16.0
66,14.0
67,14.0
68,16.0
69,16.0
70,23.0
71,23.0
72,16.0
73,14.0
74,14.0
75,14.0
76,14.0
77,18.0
78,14.0
79,27.0
80,18.0
81,14.0
82,27.0
83,18.0
84,16.0
85,23.0
86,21.0
87,18.0
88,16.0
89,16.0
90,16.0
91,16.0
92,18.0
93,14.0
94,15.0
95,18.0
96,18.0
97,18.0
98,18.0
99,13.0
100,19.0
101,14.0
102,18.0
103,18.0
104,18.0
105,18.0
106,18.0
107,18.0
108,13.0
109,19.0
110,14.0
111,18.0
112,18.0
113,18.0
114,18.0
115,18.0
116,18.0
117,13.0
118,19.0
119,14.0
120,18.0
121,18.0
122,18.0
123,18.0
124,18.0
125,18.0
126,13.0
127,19.0
128,14.0
129,18.0
130,18.0
131,18.0
132,18.0
133,18.0
134,18.0
135,13.0
136,19.0
137,14.0
138,18.0
139,18.0
140,18.0
141,18.0
142,18.0
143,18.0
144,13.0
145,19.0
146,14.0
147,18.0
148,18.0
149,18.0
150,18.0
151,18.0
152,18.0
153,13.0
154,19.0
155,14.0
156,18.0
157,18.0
158,18.0
159,18.0
160,18.0
161,18.0
162,13.0
163,19.0
164,14.0
165,18.0
166,18.0
167,18.0
168,18.0
169,18.0
170,18.0
171,13.0
172,19.0
173,14.0
174,18.0
175,18.0
176,18.0
177,18.0
178,18.0
179,18.0
180,13.0
181,19.0
182,14.0
183,18.0
184,18.0
185,18.0
186,18.0
187,18.0
188,18.0
189,13.0
190,19.0
191,14.0
192,18.0
193,18.0
194,18.0
195,18.0
196,18.0
197,18.0
198,13.0
199,19.0
200,14.0
201,18.0
202,18.0
203,18.0
204,18.0
205,18.0
206,18.0
207,13.0
208,19.0
209,14.0
210,18.0
211,18.0
212,18.0
213,18.0
214,18.0
215,18.0
216,13.0
217,19.0
218,14.0
219,18.0
220,18.0
221,18.0
222,18.0
223,18.0
224,18.0
225,13.0
226,19.0
227,14.0
228,18.0
229,18.0
230,18.0
231,18.0
232,18.0
233,18.0
234,13.0
235,19.0
236,14.0
237,18.0
238,18.0
239,18.0
240,18.0
241,18.0
242,18.0
243,13.0
244,19.0
245,14.0
246,18.0
247,18.0
248,18.0
249,18.0
250,18.0
251,18.0
252,13.0
253,19.0
254,14.0
255,18.0
256,18.0
257,18.0
258,18.0
259,18.0
260,18.0
261,13.0
262,19.0
263,14.0
264,18.0
265,18.0
266,18.0
267,18.0
268,18.0
269,18.0
270,13.0
271,19.0
272,14.0
273,18.0
274,18.0
275,18.0
276,18.0
277,18.0
278,18.0
279,13.0
280,19.0
281,14.0
282,18.0
283,18.0
284,18.0
285,18.0
286,18.0
287,18.0
288,13.0
289,19.0
290,14.0
291,18.0
292,18.0
293,18.0
294,18.0
295,18.0
296,18.0
297,13.0
298,19.0
299,14.0
300,18.0
301,18.0
302,18.0
303,18.0
304,18.0
305,18.0
306,13.0
307,19.0
308,14.0
309,18.0
310,18.0
311,18.0
312,18.0
313,18.0
314,18.0
315,13.0
316,19.0
317,14.0
318,18.0
319,18.0
320,18.0
321,18.0
322,18.0
323,18.0
324,13.0
325,19.0
326,14.0
327,18.0
328,18.0
329,18.0
330,18.0
331,18.0
332,18.0
333,13.0
334,19.0
335,14.0
336,18.0
337,18.0
338,18.0
339,18.0
340,18.0
341,18.0
342,13.0
343,19.0
344,14.0
345,18.0
346,18.0
347,18.0
348,18.0
349,18.0
350,18.0
351,13.0
352,19.0
353,14.0
354,18.0
355,18.0
356,18.0
357,18.0
358,18.0
359,18.0
360,13.0
361,19.0
362,14.0
363,18.0
364,18.0
365,18.0
366,18.0
367,18.0
368,18.0
369,13.0
370,19.0
371,14.0
372,18.0
373,18.0
374,18.0
375,18.0
376,18.0
377,18.0
378,13.0
379,19.0
380,14.0
381,18.0
382,18.0
383,18.0
384,18.0
385,18.0
386,18.0
387,13.0
388,19.0
389,14.0
390,18.0
391,18.0
392,18.0
393,18.0
394,18.0
395,18.0
396,13.0
397,19.0
398,14.0
399,18.0
400,18.0
401,18.0
402,18.0
403,18.0
404,18.0
405,13.0
406,19.0
407,14.0
408,18.0
409,18.0
410,18.0
411,18.0
412,18.0
413,18.0
414,13.0
415,19.0
416,14.0
417,18.0
418,18.0
419,18.0
420,18.0
421,18.0
422,18.0
423,13.0
424,19.0
425,14.0
426,18.0
427,18.0
428,18.0
429,18.0
430,18.0
431,18.0
432,13.0
433,19.0
434,14.0
435,18.0
436,18.0
437,18.0
438,18.0
439,18.0
440,18.0
441,13.0
442,19.0
443,14.0
444,18.0
445,18.0
446,18.0
447,18.0
448,18.0
449,18.0
450,13.0
451,19.0
452,14.0
453,18.0
454,18.0
455,18.0
456,18.0
457,18.0
458,18.0
459,13.0
460,19.0
461,14.0
462,18.0
463,18.0
464,18.0
465,18.0
466,18.0
467,18.0
468,13.0
469,19.0
470,14.0
471,18.0
472,18.0
473,18.0
474,18.0
475,18.0
476,18.0
477,13.0
478,19.0
479,14.0
480,18.0
481,18.0
482,18.0
483,18.0
484,18.0
485,18.0
486,13.0
487,19.0
488,14.0
489,18.0
490,18.0
491,18.0
492,18.0
493,18.0
494,18.0
495,13.0
496,19.0
497,14.0
498,18.0
499,18.0
0,26.0
1,25.0
2,25.0
3,25.0
4,25.0
5,25.0
6,23.0
7,25.0
8,25.0
9,23.0
10,25.0
11,25.0
12,25.0
13,25.0
14,25.0
15,25.0
16,25.0
17,25.0
18,22.0
19,23.0
20,25.0
21,25.0
22,25.0
23,25.0
24,25.0
25,25.0
26,18.0
27,23.0
28,23.0
29,25.0
30,25.0
31,25.0
32,25.0
33,25.0
34,25.0
35,25.0
36,25.0
37,19.0
38,20.0
39,23.0
40,21.0
41,20.0
42,23.0
43,21.0
44,20.0
45,14.0
46,23.0
47,25.0
48,25.0
49,25.0
50,25.0
51,25.0
52,25.0
53,18.0
54,23.0
55,18.0
56,23.0
57,18.0
58,23.0
59,19.0
60,22.0
61,16.0
62,23.0
63,25.0
64,19.0
65,22.0
66,17.0
67,22.0
68,14.0
69,23.0
70,25.0
71,25.0
72,16.0
73,23.0
74,25.0
75,16.0
76,21.0
77,20.0
78,23.0
79,16.0
80,21.0
81,20.0
82,23.0
83,16.0
84,21.0
85,20.0
86,23.0
87,16.0
88,21.0
89,24.0
90,21.0
91,24.0
92,21.0
93,20.0
94,23.0
95,16.0
96,21.0
97,20.0
98,23.0
99,16.0
100,21.0
101,20.0
102,12.0
103,12.0
104,12.0
105,19.0
106,20.0
107,19.0
108,20.0
109,19.0
110,20.0
111,19.0
112,20.0
113,19.0
114,20.0
115,19.0
116,20.0
117,21.0
118,20.0
119,12.0
120,12.0
121,12.0
122,14.0
123,21.0
124,20.0
125,12.0
126,12.0
127,14.0
128,14.0
129,19.0
130,20.0
131,19.0
132,20.0
133,19.0
134,20.0
135,21.0
136,20.0
137,12.0
138,12.0
139,14.0
140,19.0
141,20.0
142,19.0
143,20.0
144,19.0
145,20.0
146,19.0
147,22.0
148,14.0
149,19.0
150,20.0
151,19.0
152,20.0
153,19.0
154,22.0
155,14.0
156,13.0
157,12.0
158,12.0
159,13.0
160,19.0
161,22.0
162,14.0
163,14.0
164,14.0
165,19.0
166,20.0
167,19.0
168,20.0
169,19.0
170,22.0
171,14.0
172,13.0
173,12.0
174,13.0
175,19.0
176,22.0
177,12.0
178,14.0
179,19.0
180,22.0
181,14.0
182,14.0
183,14.0
184,13.0
185,12.0
186,12.0
187,13.0
188,12.0
189,14.0
190,14.0
191,14.0
192,12.0
193,14.0
194,14.0
195,14.0
196,12.0
197,14.0
198,14.0
199,14.0
200,13.0
201,12.0
202,12.0
203,13.0
204,12.0
205,14.0
206,14.0
207,14.0
208,12.0
209,14.0
210,14.0
211,14.0
212,12.0
213,14.0
214,14.0
215,14.0
216,13.0
217,12.0
218,12.0
219,13.0
220,12.0
221,14.0
222,14.0
223,14.0
224,12.0
225,14.0
226,14.0
227,14.0
228,12.0
229,14.0
230,14.0
231,14.0
232,13.0
233,12.0
234,12.0
235,13.0
236,12.0
237,14.0
238,14.0
239,14.0
240,12.0
241,14.0
242,14.0
243,14.0
244,12.0
245,14.0
246,14.0
247,14.0
248,13.0
249,12.0
250,12.0
251,13.0
252,12.0
253,14.0
254,14.0
255,14.0
256,12.0
257,14.0
258,14.0
259,14.0
260,12.0
261,14.0
262,14.0
263,14.0
264,13.0
265,12.0
266,12.0
267,13.0
268,12.0
269,14.0
270,14.0
271,14.0
272,12.0
273,14.0
274,14.0
275,14.0
276,12.0
277,14.0
278,14.0
279,14.0
280,13.0
281,12.0
282,12.0
283,13.0
284,12.0
285,14.0
286,14.0
287,14.0
288,12.0
289,14.0
290,14.0
291,14.0
292,12.0
293,14.0
294,14.0
295,14.0
296,13.0
297,12.0
298,12.0
299,13.0
300,12.0
301,14.0
302,14.0
303,14.0
304,12.0
305,14.0
306,14.0
307,14.0
308,12.0
309,14.0
310,14.0
311,14.0
312,13.0
313,12.0
314,12.0
315,13.0
316,12.0
317,14.0
318,14.0
319,14.0
320,12.0
321,14.0
322,14.0
323,14.0
324,12.0
325,14.0
326,14.0
327,14.0
328,13.0
329,12.0
330,12.0
331,13.0
332,12.0
333,14.0
334,14.0
335,14.0
336,12.0
337,14.0
338,14.0
339,14.0
340,12.0
341,14.0
342,14.0
343,14.0
344,13.0
345,12.0
346,12.0
347,13.0
348,12.0
349,14.0
350,14.0
351,14.0
352,12.0
353,14.0
354,14.0
355,14.0
356,12.0
357,14.0
358,14.0
359,14.0
360,13.0
361,12.0
362,12.0
363,13.0
364,12.0
365,14.0
366,14.0
367,14.0
368,12.0
369,14.0
370,14.0
371,14.0
372,12.0
373,14.0
374,14.0
375,14.0
376,13.0
377,12.0
378,12.0
379,13.0
380,12.0
381,14.0
382,14.0
383,14.0
384,12.0
385,14.0
386,14.0
387,14.0
388,12.0
389,14.0
390,14.0
391,14.0
392,13.0
393,12.0
394,12.0
395,13.0
396,12.0
397,14.0
398,14.0
399,14.0
400,12.0
401,14.0
402,14.0
403,14.0
404,12.0
405,14.0
406,14.0
407,14.0
408,13.0
409,12.0
410,12.0
411,13.0
412,12.0
413,14.0
414,14.0
415,14.0
416,12.0
417,14.0
418,14.0
419,14.0
420,12.0
421,14.0
422,14.0
423,14.0
424,13.0
425,12.0
426,12.0
427,13.0
428,12.0
429,14.0
430,14.0
431,14.0
432,12.0
433,14.0
434,14.0
435,14.0
436,12.0
437,14.0
438,14.0
439,14.0
440,13.0
441,12.0
442,12.0
443,13.0
444,12.0
445,14.0
446,14.0
447,14.0
448,12.0
449,14.0
450,14.0
451,14.0
452,12.0
453,14.0
454,14.0
455,14.0
456,13.0
457,12.0
458,12.0
459,13.0
460,12.0
461,14.0
462,14.0
463,14.0
464,12.0
465,14.0
466,14.0
467,14.0
468,12.0
469,14.0
470,14.0
471,14.0
472,13.0
473,12.0
474,12.0
475,13.0
476,12.0
477,14.0
478,14.0
479,14.0
480,12.0
481,14.0
482,14.0
483,14.0
484,12.0
485,14.0
486,14.0
487,14.0
488,13.0
489,12.0
490,12.0
491,13.0
492,12.0
493,14.0
494,14.0
495,14.0
496,12.0
497,14.0
498,14.0
499,14.0
0,24.0
1,21.0
2,22.0
3,26.0
4,23.0
5,24.0
6,22.0
7,22.0
8,21.0
9,22.0
10,22.0
11,21.0
12,21.0
13,21.0
14,21.0
15,22.0
16,22.0
17,21.0
18,21.0
19,21.0
20,21.0
21,20.0
22,24.0
23,21.0
24,21.0
25,22.0
26,22.0
27,18.0
28,24.0
29,21.0
30,20.0
31,24.0
32,21.0
33,21.0
34,18.0
35,24.0
36,21.0
37,20.0
38,23.0
39,19.0
40,24.0
41,21.0
42,20.0
43,13.0
44,23.0
45,21.0
46,21.0
47,23.0
48,21.0
49,19.0
50,23.0
51,21.0
52,23.0
53,21.0
54,21.0
55,23.0
56,21.0
57,21.0
58,23.0
59,21.0
60,21.0
61,21.0
62,21.0
63,18.0
64,21.0
65,19.0
66,22.0
67,21.0
68,23.0
69,14.0
70,19.0
71,23.0
72,21.0
73,21.0
74,21.0
75,21.0
76,21.0
77,14.0
78,19.0
79,21.0
80,21.0
81,18.0
82,13.0
83,21.0
84,21.0
85,21.0
86,21.0
87,21.0
88,21.0
89,21.0
90,21.0
91,21.0
92,21.0
93,21.0
94,21.0
95,21.0
96,21.0
97,21.0
98,19.0
99,14.0
100,17.0
101,21.0
102,21.0
103,21.0
104,21.0
105,21.0
106,19.0
107,12.0
108,19.0
109,21.0
110,21.0
111,21.0
112,19.0
113,12.0
114,19.0
115,21.0
116,21.0
117,21.0
118,21.0
119,21.0
120,21.0
121,19.0
122,21.0
123,21.0
124,19.0
125,14.0
126,21.0
127,21.0
128,21.0
129,19.0
130,21.0
131,21.0
132,19.0
133,23.0
134,19.0
135,14.0
136,19.0
137,21.0
138,19.0
139,14.0
140,19.0
141,23.0
142,21.0
143,19.0
144,23.0
145,21.0
146,19.0
147,14.0
148,19.0
149,23.0
150,19.0
151,14.0
152,19.0
153,23.0
154,21.0
155,19.0
156,14.0
157,19.0
158,23.0
159,21.0
160,19.0
161,23.0
162,21.0
163,19.0
164,23.0
165,21.0
166,19.0
167,14.0
168,17.0
169,14.0
170,18.0
171,15.0
172,19.0
173,23.0
174,21.0
175,19.0
176,20.0
177,12.0
178,12.0
179,13.0
180,14.0
181,18.0
182,13.0
183,14.0
184,18.0
185,13.0
186,12.0
187,14.0
188,18.0
189,12.0
190,12.0
191,15.0
192,18.0
193,15.0
194,19.0
195,12.0
196,12.0
197,16.0
198,14.0
199,15.0
200,18.0
201,15.0
202,21.0
203,18.0
204,15.0
205,19.0
206,12.0
207,12.0
208,14.0
209,14.0
210,17.0
211,18.0
212,12.0
213,12.0
214,12.0
215,12.0
216,12.0
217,12.0
218,15.0
219,18.0
220,15.0
221,21.0
222,18.0
223,15.0
224,18.0
225,12.0
226,12.0
227,12.0
228,12.0
229,12.0
230,12.0
231,12.0
232,12.0
233,12.0
234,15.0
235,18.0
236,15.0
237,18.0
238,12.0
239,12.0
240,12.0
241,12.0
242,12.0
243,12.0
244,12.0
245,12.0
246,15.0
247,18.0
248,15.0
249,18.0
250,12.0
251,12.0
252,12.0
253,12.0
254,12.0
255,12.0
256,12.0
257,12.0
258,12.0
259,15.0
260,18.0
261,14.0
262,15.0
263,18.0
264,14.0
265,15.0
266,18.0
267,14.0
268,13.0
269,12.0
270,14.0
271,14.0
272,14.0
273,16.0
274,12.0
275,12.0
276,12.0
277,12.0
278,12.0
279,12.0
280,12.0
281,12.0
282,12.0
283,12.0
284,12.0
285,14.0
286,13.0
287,12.0
288,14.0
289,14.0
290,16.0
291,16.0
292,12.0
293,12.0
294,12.0
295,12.0
296,12.0
297,12.0
298,14.0
299,15.0
300,14.0
301,14.0
302,12.0
303,12.0
304,12.0
305,12.0
306,12.0
307,12.0
308,12.0
309,12.0
310,12.0
311,12.0
312,14.0
313,15.0
314,14.0
315,14.0
316,12.0
317,12.0
318,12.0
319,12.0
320,12.0
321,12.0
322,12.0
323,12.0
324,12.0
325,12.0
326,14.0
327,15.0
328,14.0
329,14.0
330,12.0
331,12.0
332,12.0
333,12.0
334,12.0
335,12.0
336,12.0
337,12.0
338,12.0
339,12.0
340,12.0
341,14.0
342,12.0
343,12.0
344,12.0
345,12.0
346,12.0
347,12.0
348,12.0
349,12.0
350,12.0
351,12.0
352,12.0
353,12.0
354,12.0
355,12.0
356,14.0
357,12.0
358,12.0
359,12.0
360,12.0
361,12.0
362,12.0
363,12.0
364,12.0
365,12.0
366,12.0
367,12.0
368,12.0
369,12.0
370,12.0
371,14.0
372,12.0
373,12.0
374,12.0
375,12.0
376,12.0
377,12.0
378,12.0
379,12.0
380,12.0
381,12.0
382,12.0
383,12.0
384,12.0
385,12.0
386,14.0
387,12.0
388,12.0
389,12.0
390,12.0
391,12.0
392,12.0
393,12.0
394,12.0
395,12.0
396,12.0
397,12.0
398,12.0
399,12.0
400,12.0
401,14.0
402,12.0
403,12.0
404,12.0
405,12.0
406,12.0
407,12.0
408,12.0
409,12.0
410,12.0
411,12.0
412,12.0
413,12.0
414,12.0
415,15.0
416,14.0
417,14.0
418,12.0
419,12.0
420,12.0
421,12.0
422,12.0
423,12.0
424,12.0
425,12.0
426,12.0
427,12.0
428,12.0
429,12.0
430,14.0
431,12.0
432,12.0
433,12.0
434,12.0
435,12.0
436,12.0
437,12.0
438,12.0
439,12.0
440,12.0
441,12.0
442,12.0
443,12.0
444,12.0
445,14.0
446,12.0
447,12.0
448,12.0
449,12.0
450,12.0
451,12.0
452,12.0
453,12.0
454,12.0
455,12.0
456,12.0
457,12.0
458,12.0
459,15.0
460,14.0
461,14.0
462,12.0
463,12.0
464,12.0
465,12.0
466,12.0
467,12.0
468,12.0
469,12.0
470,12.0
471,12.0
472,12.0
473,12.0
474,14.0
475,12.0
476,12.0
477,12.0
478,12.0
479,12.0
480,12.0
481,12.0
482,12.0
483,12.0
484,12.0
485,12.0
486,12.0
487,12.0
488,12.0
489,14.0
490,12.0
491,12.0
492,12.0
493,12.0
494,12.0
495,12.0
496,12.0
497,12.0
498,12.0
499,12.0
