0,59.0
1,55.0
2,50.0
3,53.0
4,43.0
5,54.0
6,43.0
7,52.0
8,47.0
9,52.0
10,45.0
11,42.0
12,42.0
13,44.0
14,44.0
15,42.0
16,42.0
17,40.0
18,38.0
19,42.0
20,47.0
21,45.0
22,40.0
23,40.0
24,40.0
25,40.0
26,40.0
27,45.0
28,46.0
29,48.0
30,48.0
31,46.0
32,48.0
33,46.0
34,38.0
35,40.0
36,35.0
37,36.0
38,35.0
39,36.0
40,37.0
41,33.0
42,35.0
43,48.0
44,35.0
45,35.0
46,35.0
47,35.0
48,35.0
49,25.0
50,31.0
51,29.0
52,31.0
53,29.0
54,31.0
55,33.0
56,33.0
57,31.0
58,31.0
59,27.0
60,31.0
61,33.0
62,27.0
63,31.0
64,29.0
65,31.0
66,33.0
67,27.0
68,31.0
69,33.0
70,27.0
71,31.0
72,29.0
73,27.0
74,31.0
75,31.0
76,31.0
77,31.0
78,31.0
79,31.0
80,33.0
81,33.0
82,33.0
83,33.0
84,33.0
85,33.0
86,33.0
87,33.0
88,33.0
89,33.0
90,33.0
91,33.0
92,33.0
93,33.0
94,33.0
95,33.0
96,33.0
97,33.0
98,33.0
99,33.0
100,33.0
101,33.0
102,33.0
103,33.0
104,33.0
105,33.0
106,33.0
107,33.0
108,33.0
109,33.0
110,33.0
111,33.0
112,33.0
113,31.0
114,31.0
115,33.0
116,31.0
117,33.0
118,33.0
119,33.0
120,33.0
121,29.0
122,29.0
123,31.0
124,31.0
125,33.0
126,35.0
127,31.0
128,35.0
129,33.0
130,33.0
131,33.0
132,33.0
133,31.0
134,35.0
135,35.0
136,35.0
137,33.0
138,31.0
139,35.0
140,35.0
141,33.0
142,33.0
143,33.0
144,33.0
145,31.0
146,35.0
147,31.0
148,35.0
149,31.0
150,32.0
151,27.0
152,35.0
153,33.0
154,35.0
155,33.0
156,37.0
157,33.0
158,28.0
159,31.0
160,33.0
161,22.0
162,31.0
163,33.0
164,34.0
165,29.0
166,26.0
167,33.0
168,26.0
169,31.0
170,33.0
171,28.0
172,30.0
173,29.0
174,33.0
175,28.0
176,35.0
177,26.0
178,30.0
179,29.0
180,33.0
181,28.0
182,27.0
183,28.0
184,33.0
185,26.0
186,30.0
187,29.0
188,32.0
189,27.0
190,26.0
191,33.0
192,26.0
193,32.0
194,27.0
195,26.0
196,32.0
197,27.0
198,26.0
199,33.0
200,26.0
201,32.0
202,27.0
203,26.0
204,32.0
205,27.0
206,26.0
207,33.0
208,26.0
209,32.0
210,27.0
211,26.0
212,32.0
213,29.0
214,26.0
215,32.0
216,27.0
217,26.0
218,32.0
219,29.0
220,26.0
221,32.0
222,27.0
223,26.0
224,32.0
225,29.0
226,24.0
227,26.0
228,27.0
229,24.0
230,26.0
231,27.0
232,24.0
233,26.0
234,32.0
235,25.0
236,24.0
237,26.0
238,32.0
239,25.0
240,24.0
241,26.0
242,32.0
243,25.0
244,24.0
245,26.0
246,32.0
247,25.0
248,24.0
249,26.0
250,32.0
251,25.0
252,26.0
253,32.0
254,27.0
255,24.0
256,28.0
257,31.0
258,24.0
259,26.0
260,32.0
261,27.0
262,24.0
263,28.0
264,31.0
265,24.0
266,26.0
267,32.0
268,27.0
269,24.0
270,28.0
271,31.0
272,24.0
273,26.0
274,32.0
275,27.0
276,24.0
277,28.0
278,31.0
279,24.0
280,26.0
281,32.0
282,27.0
283,24.0
284,28.0
285,31.0
286,24.0
287,24.0
288,26.0
289,29.0
290,24.0
291,24.0
292,22.0
293,22.0
294,22.0
295,22.0
296,22.0
297,26.0
298,31.0
299,24.0
300,22.0
301,22.0
302,28.0
303,29.0
304,22.0
305,24.0
306,22.0
307,24.0
308,22.0
309,24.0
310,24.0
311,22.0
312,22.0
313,22.0
314,22.0
315,22.0
316,22.0
317,28.0
318,29.0
319,22.0
320,22.0
321,22.0
322,24.0
323,24.0
324,24.0
325,24.0
326,32.0
327,25.0
328,24.0
329,24.0
330,24.0
331,22.0
332,24.0
333,32.0
334,27.0
335,24.0
336,22.0
337,22.0
338,26.0
339,29.0
340,24.0
341,24.0
342,24.0
343,22.0
344,24.0
345,22.0
346,24.0
347,22.0
348,22.0
349,22.0
350,22.0
351,22.0
352,22.0
353,22.0
354,28.0
355,29.0
356,22.0
357,22.0
358,22.0
359,24.0
360,22.0
361,24.0
362,22.0
363,22.0
364,22.0
365,22.0
366,22.0
367,22.0
368,22.0
369,28.0
370,29.0
371,22.0
372,22.0
373,22.0
374,24.0
375,22.0
376,24.0
377,24.0
378,26.0
379,22.0
380,22.0
381,22.0
382,22.0
383,22.0
384,22.0
385,22.0
386,26.0
387,31.0
388,22.0
389,24.0
390,22.0
391,24.0
392,24.0
393,26.0
394,22.0
395,22.0
396,22.0
397,22.0
398,22.0
399,22.0
400,22.0
401,26.0
402,31.0
403,22.0
404,24.0
405,22.0
406,24.0
407,24.0
408,22.0
409,22.0
410,22.0
411,22.0
412,22.0
413,22.0
414,22.0
415,22.0
416,22.0
417,22.0
418,28.0
419,29.0
420,22.0
421,22.0
422,22.0
423,22.0
424,24.0
425,24.0
426,26.0
427,22.0
428,22.0
429,24.0
430,22.0
431,22.0
432,22.0
433,22.0
434,26.0
435,31.0
436,22.0
437,24.0
438,22.0
439,24.0
440,22.0
441,22.0
442,22.0
443,22.0
444,22.0
445,22.0
446,24.0
447,26.0
448,22.0
449,22.0
450,22.0
451,22.0
452,22.0
453,22.0
454,22.0
455,22.0
456,22.0
457,22.0
458,26.0
459,31.0
460,22.0
461,24.0
462,22.0
463,24.0
464,24.0
465,26.0
466,22.0
467,22.0
468,22.0
469,24.0
470,22.0
471,22.0
472,22.0
473,22.0
474,22.0
475,26.0
476,31.0
477,22.0
478,22.0
479,24.0
480,22.0
481,24.0
482,22.0
483,22.0
484,22.0
485,22.0
486,22.0
487,22.0
488,24.0
489,26.0
490,22.0
491,22.0
492,22.0
493,22.0
494,22.0
495,22.0
496,22.0
497,22.0
498,22.0
499,22.0
0,63.0
1,57.0
2,45.0
3,59.0
4,55.0
5,55.0
6,49.0
7,49.0
8,59.0
9,51.0
10,51.0
11,53.0
12,32.0
13,54.0
14,54.0
15,52.0
16,42.0
17,41.0
18,34.0
19,50.0
20,35.0
21,35.0
22,35.0
23,37.0
24,35.0
25,35.0
26,33.0
27,41.0
28,32.0
29,41.0
30,41.0
31,28.0
32,28.0
33,26.0
34,28.0
35,45.0
36,41.0
37,28.0
38,39.0
39,30.0
40,28.0
41,26.0
42,26.0
43,28.0
44,40.0
45,46.0
46,30.0
47,39.0
48,39.0
49,41.0
50,45.0
51,28.0
52,26.0
53,26.0
54,28.0
55,45.0
56,28.0
57,26.0
58,26.0
59,26.0
60,26.0
61,28.0
62,45.0
63,28.0
64,26.0
65,26.0
66,26.0
67,26.0
68,28.0
69,45.0
70,28.0
71,26.0
72,26.0
73,26.0
74,26.0
75,28.0
76,45.0
77,30.0
78,39.0
79,26.0
80,26.0
81,28.0
82,38.0
83,29.0
84,45.0
85,28.0
86,26.0
87,26.0
88,26.0
89,28.0
90,38.0
91,25.0
92,28.0
93,38.0
94,27.0
95,45.0
96,28.0
97,26.0
98,26.0
99,26.0
100,26.0
101,28.0
102,38.0
103,23.0
104,28.0
105,36.0
106,33.0
107,28.0
108,24.0
109,28.0
110,38.0
111,39.0
112,33.0
113,28.0
114,24.0
115,24.0
116,26.0
117,26.0
118,36.0
119,33.0
120,28.0
121,24.0
122,24.0
123,26.0
124,36.0
125,33.0
126,28.0
127,24.0
128,24.0
129,26.0
130,36.0
131,33.0
132,28.0
133,24.0
134,26.0
135,36.0
136,33.0
137,28.0
138,24.0
139,24.0
140,26.0
141,36.0
142,33.0
143,28.0
144,24.0
145,24.0
146,26.0
147,36.0
148,33.0
149,28.0
150,24.0
151,26.0
152,34.0
153,36.0
154,33.0
155,28.0
156,24.0
157,24.0
158,26.0
159,26.0
160,26.0
161,34.0
162,36.0
163,33.0
164,28.0
165,24.0
166,24.0
167,26.0
168,26.0
169,26.0
170,34.0
171,36.0
172,33.0
173,28.0
174,24.0
175,26.0
176,24.0
177,26.0
178,26.0
179,34.0
180,36.0
181,33.0
182,28.0
183,24.0
184,26.0
185,26.0
186,26.0
187,34.0
188,34.0
189,32.0
190,34.0
191,34.0
192,34.0
193,34.0
194,41.0
195,28.0
196,34.0
197,34.0
198,34.0
199,41.0
200,28.0
201,34.0
202,34.0
203,41.0
204,32.0
205,41.0
206,32.0
207,41.0
208,32.0
209,34.0
210,34.0
211,41.0
212,28.0
213,34.0
214,34.0
215,34.0
216,41.0
217,28.0
218,34.0
219,34.0
220,41.0
221,32.0
222,41.0
223,32.0
224,41.0
225,28.0
226,34.0
227,34.0
228,34.0
229,34.0
230,34.0
231,41.0
232,28.0
233,34.0
234,34.0
235,34.0
236,41.0
237,28.0
238,34.0
239,34.0
240,34.0
241,34.0
242,41.0
243,28.0
244,34.0
245,34.0
246,34.0
247,34.0
248,34.0
249,41.0
250,28.0
251,34.0
252,34.0
253,41.0
254,28.0
255,34.0
256,34.0
257,34.0
258,34.0
259,34.0
260,34.0
261,34.0
262,41.0
263,30.0
264,34.0
265,34.0
266,41.0
267,30.0
268,34.0
269,34.0
270,41.0
271,30.0
272,34.0
273,34.0
274,41.0
275,30.0
276,34.0
277,34.0
278,34.0
279,41.0
280,30.0
281,34.0
282,34.0
283,41.0
284,34.0
285,41.0
286,34.0
287,34.0
288,34.0
289,41.0
290,34.0
291,41.0
292,34.0
293,34.0
294,34.0
295,41.0
296,34.0
297,41.0
298,34.0
299,34.0
300,41.0
301,34.0
302,41.0
303,34.0
304,34.0
305,34.0
306,41.0
307,34.0
308,39.0
309,32.0
310,39.0
311,32.0
312,32.0
313,34.0
314,34.0
315,34.0
316,34.0
317,34.0
318,41.0
319,30.0
320,34.0
321,34.0
322,41.0
323,30.0
324,34.0
325,34.0
326,34.0
327,34.0
328,41.0
329,32.0
330,41.0
331,30.0
332,34.0
333,34.0
334,34.0
335,41.0
336,32.0
337,34.0
338,34.0
339,34.0
340,41.0
341,32.0
342,41.0
343,32.0
344,34.0
345,34.0
346,34.0
347,34.0
348,34.0
349,41.0
350,32.0
351,41.0
352,26.0
353,32.0
354,34.0
355,34.0
356,34.0
357,34.0
358,34.0
359,34.0
360,34.0
361,41.0
362,32.0
363,41.0
364,26.0
365,26.0
366,28.0
367,26.0
368,26.0
369,28.0
370,30.0
371,28.0
372,28.0
373,28.0
374,28.0
375,28.0
376,28.0
377,28.0
378,28.0
379,28.0
380,28.0
381,28.0
382,28.0
383,28.0
384,28.0
385,28.0
386,28.0
387,28.0
388,28.0
389,28.0
390,28.0
391,28.0
392,28.0
393,28.0
394,28.0
395,28.0
396,28.0
397,28.0
398,28.0
399,28.0
400,28.0
401,28.0
402,28.0
403,28.0
404,28.0
405,28.0
406,28.0
407,28.0
408,28.0
409,28.0
410,28.0
411,28.0
412,28.0
413,28.0
414,28.0
415,28.0
416,28.0
417,28.0
418,28.0
419,28.0
420,28.0
421,28.0
422,28.0
423,28.0
424,28.0
425,28.0
426,28.0
427,28.0
428,28.0
429,28.0
430,28.0
431,28.0
432,28.0
433,28.0
434,28.0
435,28.0
436,28.0
437,28.0
438,28.0
439,28.0
440,28.0
441,28.0
442,28.0
443,28.0
444,28.0
445,28.0
446,28.0
447,28.0
448,28.0
449,28.0
450,28.0
451,28.0
452,28.0
453,28.0
454,28.0
455,28.0
456,28.0
457,28.0
458,28.0
459,28.0
460,28.0
461,28.0
462,28.0
463,28.0
464,28.0
465,28.0
466,28.0
467,28.0
468,28.0
469,28.0
470,28.0
471,28.0
472,28.0
473,28.0
474,28.0
475,28.0
476,28.0
477,28.0
478,28.0
479,28.0
480,28.0
481,28.0
482,28.0
483,28.0
484,28.0
485,28.0
486,28.0
487,28.0
488,28.0
489,28.0
490,28.0
491,28.0
492,28.0
493,28.0
494,28.0
495,28.0
496,28.0
497,28.0
498,28.0
499,28.0
0,58.0
1,57.0
2,59.0
3,50.0
4,51.0
5,48.0
6,49.0
7,54.0
8,50.0
9,50.0
10,50.0
11,47.0
12,46.0
13,42.0
14,54.0
15,43.0
16,48.0
17,52.0
18,48.0
19,53.0
20,47.0
21,51.0
22,43.0
23,46.0
24,52.0
25,46.0
26,46.0
27,43.0
28,41.0
29,43.0
30,46.0
31,35.0
32,33.0
33,41.0
34,46.0
35,38.0
36,43.0
37,45.0
38,39.0
39,43.0
40,31.0
41,45.0
42,39.0
43,35.0
44,43.0
45,41.0
46,45.0
47,39.0
48,35.0
49,41.0
50,41.0
51,34.0
52,37.0
53,34.0
54,39.0
55,37.0
56,32.0
57,32.0
58,28.0
59,37.0
60,39.0
61,30.0
62,34.0
63,37.0
64,32.0
65,28.0
66,37.0
67,39.0
68,30.0
69,34.0
70,37.0
71,28.0
72,37.0
73,37.0
74,39.0
75,39.0
76,39.0
77,39.0
78,39.0
79,39.0
80,39.0
81,39.0
82,39.0
83,28.0
84,32.0
85,28.0
86,39.0
87,28.0
88,39.0
89,32.0
90,32.0
91,32.0
92,30.0
93,26.0
94,28.0
95,30.0
96,30.0
97,30.0
98,26.0
99,26.0
100,30.0
101,26.0
102,26.0
103,30.0
104,30.0
105,26.0
106,26.0
107,32.0
108,39.0
109,26.0
110,26.0
111,30.0
112,26.0
113,26.0
114,32.0
115,39.0
116,26.0
117,26.0
118,30.0
119,26.0
120,26.0
121,30.0
122,30.0
123,26.0
124,26.0
125,30.0
126,26.0
127,26.0
128,30.0
129,26.0
130,30.0
131,30.0
132,26.0
133,26.0
134,30.0
135,32.0
136,39.0
137,26.0
138,26.0
139,30.0
140,26.0
141,26.0
142,30.0
143,26.0
144,26.0
145,30.0
146,26.0
147,30.0
148,30.0
149,26.0
150,26.0
151,30.0
152,30.0
153,26.0
154,26.0
155,30.0
156,26.0
157,30.0
158,30.0
159,26.0
160,26.0
161,30.0
162,26.0
163,30.0
164,30.0
165,26.0
166,26.0
167,30.0
168,30.0
169,26.0
170,26.0
171,30.0
172,26.0
173,30.0
174,30.0
175,26.0
176,26.0
177,30.0
178,26.0
179,30.0
180,30.0
181,26.0
182,26.0
183,30.0
184,30.0
185,26.0
186,26.0
187,30.0
188,26.0
189,30.0
190,30.0
191,26.0
192,26.0
193,30.0
194,26.0
195,30.0
196,30.0
197,26.0
198,26.0
199,30.0
200,30.0
201,26.0
202,26.0
203,30.0
204,26.0
205,30.0
206,30.0
207,26.0
208,26.0
209,30.0
210,26.0
211,30.0
212,30.0
213,26.0
214,26.0
215,30.0
216,30.0
217,26.0
218,26.0
219,30.0
220,26.0
221,30.0
222,30.0
223,26.0
224,26.0
225,30.0
226,26.0
227,30.0
228,30.0
229,26.0
230,26.0
231,30.0
232,30.0
233,26.0
234,26.0
235,30.0
236,26.0
237,30.0
238,30.0
239,26.0
240,26.0
241,30.0
242,26.0
243,30.0
244,30.0
245,26.0
246,26.0
247,30.0
248,30.0
249,26.0
250,26.0
251,30.0
252,26.0
253,30.0
254,30.0
255,26.0
256,26.0
257,30.0
258,26.0
259,30.0
260,30.0
261,26.0
262,26.0
263,30.0
264,30.0
265,26.0
266,26.0
267,30.0
268,26.0
269,30.0
270,30.0
271,26.0
272,26.0
273,30.0
274,26.0
275,30.0
276,30.0
277,26.0
278,26.0
279,30.0
280,30.0
281,26.0
282,26.0
283,30.0
284,26.0
285,30.0
286,30.0
287,26.0
288,26.0
289,30.0
290,26.0
291,30.0
292,30.0
293,26.0
294,26.0
295,30.0
296,30.0
297,26.0
298,26.0
299,30.0
300,26.0
301,30.0
302,30.0
303,26.0
304,26.0
305,30.0
306,26.0
307,30.0
308,30.0
309,26.0
310,26.0
311,30.0
312,30.0
313,26.0
314,26.0
315,30.0
316,26.0
317,30.0
318,30.0
319,26.0
320,26.0
321,30.0
322,26.0
323,30.0
324,30.0
325,26.0
326,26.0
327,30.0
328,30.0
329,26.0
330,26.0
331,30.0
332,26.0
333,30.0
334,30.0
335,26.0
336,26.0
337,30.0
338,26.0
339,30.0
340,30.0
341,26.0
342,26.0
343,30.0
344,30.0
345,26.0
346,26.0
347,30.0
348,26.0
349,30.0
350,30.0
351,26.0
352,26.0
353,30.0
354,26.0
355,30.0
356,30.0
357,26.0
358,26.0
359,30.0
360,30.0
361,26.0
362,26.0
363,30.0
364,26.0
365,30.0
366,30.0
367,26.0
368,26.0
369,30.0
370,26.0
371,30.0
372,30.0
373,26.0
374,26.0
375,30.0
376,30.0
377,26.0
378,26.0
379,30.0
380,26.0
381,30.0
382,30.0
383,26.0
384,26.0
385,30.0
386,26.0
387,30.0
388,30.0
389,26.0
390,26.0
391,30.0
392,30.0
393,26.0
394,26.0
395,30.0
396,26.0
397,30.0
398,30.0
399,26.0
400,26.0
401,30.0
402,26.0
403,30.0
404,30.0
405,26.0
406,26.0
407,30.0
408,30.0
409,26.0
410,26.0
411,30.0
412,26.0
413,30.0
414,30.0
415,26.0
416,26.0
417,30.0
418,26.0
419,30.0
420,30.0
421,30.0
422,26.0
423,26.0
424,30.0
425,26.0
426,26.0
427,30.0
428,26.0
429,30.0
430,30.0
431,26.0
432,26.0
433,30.0
434,28.0
435,35.0
436,35.0
437,35.0
438,35.0
439,39.0
440,39.0
441,30.0
442,28.0
443,32.0
444,30.0
445,30.0
446,26.0
447,24.0
448,30.0
449,26.0
450,35.0
451,30.0
452,26.0
453,35.0
454,30.0
455,26.0
456,35.0
457,30.0
458,26.0
459,35.0
460,26.0
461,30.0
462,26.0
463,31.0
464,39.0
465,39.0
466,30.0
467,26.0
468,30.0
469,26.0
470,35.0
471,26.0
472,30.0
473,26.0
474,35.0
475,26.0
476,30.0
477,26.0
478,35.0
479,39.0
480,30.0
481,26.0
482,24.0
483,31.0
484,39.0
485,39.0
486,30.0
487,26.0
488,35.0
489,39.0
490,30.0
491,30.0
492,26.0
493,35.0
494,39.0
495,30.0
496,26.0
497,35.0
498,39.0
499,30.0
0,58.0
1,59.0
2,46.0
3,53.0
4,57.0
5,53.0
6,42.0
7,53.0
8,43.0
9,53.0
10,43.0
11,53.0
12,45.0
13,42.0
14,45.0
15,48.0
16,42.0
17,43.0
18,42.0
19,44.0
20,46.0
21,42.0
22,42.0
23,42.0
24,42.0
25,42.0
26,46.0
27,42.0
28,35.0
29,44.0
30,44.0
31,44.0
32,29.0
33,37.0
34,37.0
35,37.0
36,43.0
37,40.0
38,29.0
39,41.0
40,37.0
41,41.0
42,35.0
43,45.0
44,37.0
45,41.0
46,35.0
47,45.0
48,35.0
49,45.0
50,37.0
51,41.0
52,46.0
53,35.0
54,43.0
55,35.0
56,45.0
57,35.0
58,43.0
59,43.0
60,46.0
61,43.0
62,33.0
63,35.0
64,28.0
65,41.0
66,43.0
67,31.0
68,30.0
69,32.0
70,31.0
71,43.0
72,31.0
73,30.0
74,30.0
75,37.0
76,37.0
77,37.0
78,43.0
79,31.0
80,30.0
81,30.0
82,37.0
83,37.0
84,37.0
85,41.0
86,31.0
87,37.0
88,41.0
89,31.0
90,37.0
91,41.0
92,31.0
93,37.0
94,41.0
95,31.0
96,37.0
97,41.0
98,31.0
99,37.0
100,41.0
101,31.0
102,32.0
103,34.0
104,35.0
105,32.0
106,32.0
107,37.0
108,37.0
109,37.0
110,37.0
111,28.0
112,37.0
113,37.0
114,28.0
115,37.0
116,37.0
117,28.0
118,37.0
119,28.0
120,28.0
121,28.0
122,37.0
123,30.0
124,28.0
125,37.0
126,30.0
127,28.0
128,37.0
129,30.0
130,28.0
131,37.0
132,30.0
133,28.0
134,37.0
135,30.0
136,28.0
137,37.0
138,30.0
139,28.0
140,37.0
141,30.0
142,28.0
143,37.0
144,30.0
145,28.0
146,35.0
147,32.0
148,35.0
149,32.0
150,26.0
151,30.0
152,30.0
153,28.0
154,26.0
155,30.0
156,30.0
157,28.0
158,26.0
159,30.0
160,30.0
161,28.0
162,26.0
163,30.0
164,30.0
165,28.0
166,26.0
167,30.0
168,30.0
169,28.0
170,26.0
171,30.0
172,30.0
173,28.0
174,26.0
175,30.0
176,30.0
177,28.0
178,26.0
179,30.0
180,30.0
181,28.0
182,26.0
183,30.0
184,30.0
185,28.0
186,26.0
187,30.0
188,30.0
189,28.0
190,26.0
191,30.0
192,30.0
193,28.0
194,26.0
195,30.0
196,30.0
197,28.0
198,26.0
199,30.0
200,30.0
201,28.0
202,26.0
203,30.0
204,30.0
205,28.0
206,26.0
207,30.0
208,30.0
209,28.0
210,26.0
211,30.0
212,30.0
213,28.0
214,26.0
215,30.0
216,30.0
217,28.0
218,26.0
219,30.0
220,30.0
221,28.0
222,26.0
223,30.0
224,30.0
225,28.0
226,26.0
227,30.0
228,30.0
229,28.0
230,26.0
231,30.0
232,30.0
233,28.0
234,26.0
235,30.0
236,30.0
237,28.0
238,26.0
239,30.0
240,30.0
241,28.0
242,26.0
243,30.0
244,30.0
245,28.0
246,26.0
247,30.0
248,30.0
249,28.0
250,26.0
251,30.0
252,30.0
253,28.0
254,26.0
255,30.0
256,30.0
257,28.0
258,26.0
259,30.0
260,30.0
261,28.0
262,26.0
263,30.0
264,30.0
265,28.0
266,26.0
267,30.0
268,30.0
269,28.0
270,26.0
271,30.0
272,30.0
273,28.0
274,26.0
275,30.0
276,30.0
277,28.0
278,26.0
279,30.0
280,30.0
281,28.0
282,26.0
283,30.0
284,30.0
285,28.0
286,26.0
287,30.0
288,30.0
289,28.0
290,26.0
291,30.0
292,30.0
293,28.0
294,26.0
295,30.0
296,30.0
297,28.0
298,26.0
299,30.0
300,30.0
301,28.0
302,26.0
303,30.0
304,30.0
305,28.0
306,26.0
307,30.0
308,30.0
309,28.0
310,26.0
311,30.0
312,30.0
313,28.0
314,26.0
315,30.0
316,30.0
317,28.0
318,26.0
319,30.0
320,30.0
321,28.0
322,26.0
323,30.0
324,30.0
325,28.0
326,26.0
327,30.0
328,30.0
329,28.0
330,26.0
331,30.0
332,30.0
333,28.0
334,26.0
335,30.0
336,30.0
337,28.0
338,26.0
339,30.0
340,30.0
341,28.0
342,26.0
343,30.0
344,30.0
345,28.0
346,26.0
347,30.0
348,30.0
349,28.0
350,26.0
351,30.0
352,30.0
353,28.0
354,26.0
355,30.0
356,30.0
357,28.0
358,26.0
359,30.0
360,30.0
361,28.0
362,26.0
363,30.0
364,30.0
365,28.0
366,26.0
367,30.0
368,30.0
369,28.0
370,26.0
371,30.0
372,30.0
373,28.0
374,26.0
375,30.0
376,30.0
377,28.0
378,26.0
379,30.0
380,30.0
381,28.0
382,26.0
383,30.0
384,30.0
385,28.0
386,26.0
387,30.0
388,30.0
389,28.0
390,26.0
391,30.0
392,30.0
393,28.0
394,26.0
395,30.0
396,30.0
397,28.0
398,26.0
399,30.0
400,30.0
401,28.0
402,26.0
403,30.0
404,30.0
405,28.0
406,26.0
407,30.0
408,30.0
409,28.0
410,26.0
411,30.0
412,30.0
413,28.0
414,26.0
415,30.0
416,30.0
417,28.0
418,26.0
419,30.0
420,30.0
421,28.0
422,26.0
423,30.0
424,30.0
425,28.0
426,26.0
427,30.0
428,30.0
429,28.0
430,26.0
431,30.0
432,30.0
433,28.0
434,26.0
435,30.0
436,30.0
437,28.0
438,26.0
439,30.0
440,30.0
441,28.0
442,26.0
443,30.0
444,30.0
445,28.0
446,26.0
447,30.0
448,30.0
449,28.0
450,26.0
451,30.0
452,30.0
453,28.0
454,26.0
455,30.0
456,30.0
457,28.0
458,26.0
459,30.0
460,30.0
461,28.0
462,26.0
463,30.0
464,30.0
465,28.0
466,26.0
467,30.0
468,30.0
469,28.0
470,26.0
471,30.0
472,30.0
473,28.0
474,26.0
475,30.0
476,30.0
477,28.0
478,26.0
479,30.0
480,30.0
481,28.0
482,26.0
483,30.0
484,30.0
485,28.0
486,26.0
487,30.0
488,30.0
489,28.0
490,26.0
491,30.0
492,30.0
493,28.0
494,26.0
495,30.0
496,30.0
497,28.0
498,26.0
499,30.0
0,54.0
1,42.0
2,55.0
3,54.0
4,51.0
5,52.0
6,44.0
7,48.0
8,48.0
9,48.0
10,56.0
11,44.0
12,42.0
13,42.0
14,42.0
15,48.0
16,44.0
17,48.0
18,46.0
19,42.0
20,44.0
21,42.0
22,49.0
23,38.0
24,49.0
25,40.0
26,45.0
27,36.0
28,40.0
29,46.0
30,36.0
31,49.0
32,40.0
33,47.0
34,46.0
35,37.0
36,49.0
37,34.0
38,37.0
39,49.0
40,40.0
41,37.0
42,37.0
43,49.0
44,32.0
45,45.0
46,35.0
47,35.0
48,35.0
49,49.0
50,32.0
51,45.0
52,33.0
53,31.0
54,41.0
55,30.0
56,30.0
57,30.0
58,30.0
59,30.0
60,30.0
61,30.0
62,30.0
63,30.0
64,30.0
65,30.0
66,30.0
67,32.0
68,32.0
69,47.0
70,41.0
71,30.0
72,30.0
73,30.0
74,30.0
75,30.0
76,32.0
77,34.0
78,33.0
79,32.0
80,45.0
81,41.0
82,30.0
83,30.0
84,32.0
85,34.0
86,49.0
87,32.0
88,33.0
89,30.0
90,33.0
91,30.0
92,30.0
93,30.0
94,28.0
95,45.0
96,41.0
97,30.0
98,30.0
99,30.0
100,32.0
101,34.0
102,33.0
103,32.0
104,33.0
105,30.0
106,45.0
107,41.0
108,41.0
109,32.0
110,41.0
111,30.0
112,30.0
113,30.0
114,30.0
115,30.0
116,30.0
117,28.0
118,32.0
119,41.0
120,41.0
121,41.0
122,41.0
123,41.0
124,41.0
125,30.0
126,47.0
127,41.0
128,41.0
129,41.0
130,32.0
131,37.0
132,41.0
133,30.0
134,30.0
135,30.0
136,30.0
137,30.0
138,30.0
139,28.0
140,32.0
141,43.0
142,32.0
143,37.0
144,39.0
145,39.0
146,39.0
147,39.0
148,39.0
149,37.0
150,37.0
151,34.0
152,43.0
153,34.0
154,43.0
155,34.0
156,41.0
157,41.0
158,43.0
159,43.0
160,37.0
161,41.0
162,41.0
163,45.0
164,36.0
165,39.0
166,41.0
167,43.0
168,47.0
169,37.0
170,43.0
171,45.0
172,36.0
173,39.0
174,39.0
175,39.0
176,45.0
177,36.0
178,41.0
179,34.0
180,41.0
181,32.0
182,45.0
183,34.0
184,34.0
185,30.0
186,32.0
187,32.0
188,32.0
189,32.0
190,32.0
191,34.0
192,43.0
193,36.0
194,34.0
195,30.0
196,32.0
197,34.0
198,39.0
199,39.0
200,36.0
201,36.0
202,34.0
203,32.0
204,32.0
205,32.0
206,34.0
207,30.0
208,32.0
209,34.0
210,32.0
211,32.0
212,32.0
213,34.0
214,30.0
215,32.0
216,34.0
217,32.0
218,32.0
219,32.0
220,34.0
221,30.0
222,32.0
223,34.0
224,32.0
225,32.0
226,32.0
227,34.0
228,30.0
229,32.0
230,34.0
231,32.0
232,32.0
233,32.0
234,34.0
235,30.0
236,32.0
237,34.0
238,32.0
239,32.0
240,32.0
241,34.0
242,30.0
243,32.0
244,34.0
245,32.0
246,32.0
247,32.0
248,34.0
249,30.0
250,32.0
251,34.0
252,32.0
253,32.0
254,32.0
255,34.0
256,30.0
257,32.0
258,34.0
259,32.0
260,32.0
261,32.0
262,34.0
263,30.0
264,32.0
265,34.0
266,32.0
267,32.0
268,32.0
269,34.0
270,30.0
271,32.0
272,34.0
273,32.0
274,32.0
275,32.0
276,34.0
277,30.0
278,32.0
279,34.0
280,32.0
281,32.0
282,32.0
283,34.0
284,30.0
285,32.0
286,34.0
287,32.0
288,32.0
289,32.0
290,34.0
291,30.0
292,32.0
293,34.0
294,32.0
295,32.0
296,32.0
297,34.0
298,30.0
299,32.0
300,34.0
301,32.0
302,32.0
303,32.0
304,34.0
305,30.0
306,32.0
307,34.0
308,32.0
309,32.0
310,32.0
311,34.0
312,30.0
313,32.0
314,34.0
315,32.0
316,32.0
317,32.0
318,34.0
319,30.0
320,32.0
321,34.0
322,32.0
323,32.0
324,32.0
325,34.0
326,30.0
327,32.0
328,34.0
329,32.0
330,32.0
331,32.0
332,34.0
333,30.0
334,32.0
335,34.0
336,32.0
337,32.0
338,32.0
339,34.0
340,30.0
341,32.0
342,34.0
343,32.0
344,32.0
345,32.0
346,34.0
347,30.0
348,32.0
349,34.0
350,32.0
351,32.0
352,32.0
353,34.0
354,30.0
355,32.0
356,34.0
357,32.0
358,32.0
359,32.0
360,34.0
361,30.0
362,32.0
363,34.0
364,32.0
365,32.0
366,32.0
367,34.0
368,30.0
369,32.0
370,34.0
371,32.0
372,32.0
373,32.0
374,34.0
375,30.0
376,32.0
377,34.0
378,32.0
379,32.0
380,32.0
381,34.0
382,30.0
383,32.0
384,34.0
385,32.0
386,32.0
387,32.0
388,34.0
389,30.0
390,32.0
391,34.0
392,32.0
393,32.0
394,32.0
395,34.0
396,30.0
397,32.0
398,34.0
399,32.0
400,32.0
401,32.0
402,34.0
403,30.0
404,32.0
405,34.0
406,32.0
407,32.0
408,32.0
409,34.0
410,30.0
411,32.0
412,34.0
413,32.0
414,32.0
415,32.0
416,34.0
417,30.0
418,32.0
419,34.0
420,32.0
421,32.0
422,32.0
423,34.0
424,30.0
425,32.0
426,34.0
427,32.0
428,32.0
429,32.0
430,34.0
431,30.0
432,32.0
433,34.0
434,32.0
435,32.0
436,32.0
437,34.0
438,30.0
439,32.0
440,34.0
441,32.0
442,32.0
443,32.0
444,34.0
445,30.0
446,32.0
447,34.0
448,32.0
449,32.0
450,32.0
451,34.0
452,30.0
453,32.0
454,34.0
455,32.0
456,32.0
457,32.0
458,34.0
459,30.0
460,32.0
461,34.0
462,32.0
463,32.0
464,32.0
465,34.0
466,30.0
467,32.0
468,34.0
469,32.0
470,32.0
471,32.0
472,34.0
473,30.0
474,32.0
475,34.0
476,32.0
477,32.0
478,32.0
479,34.0
480,30.0
481,32.0
482,34.0
483,32.0
484,32.0
485,32.0
486,34.0
487,30.0
488,32.0
489,34.0
490,32.0
491,32.0
492,32.0
493,34.0
494,30.0
495,32.0
496,34.0
497,32.0
498,32.0
499,32.0
