0,16.0
1,16.0
2,17.0
3,16.0
4,18.0
5,16.0
6,15.0
7,18.0
8,16.0
9,16.0
10,14.0
11,10.0
12,10.0
13,14.0
14,14.0
15,10.0
16,10.0
17,10.0
18,10.0
19,10.0
20,10.0
21,14.0
22,14.0
23,10.0
24,10.0
25,10.0
26,10.0
27,10.0
28,14.0
29,14.0
30,10.0
31,10.0
32,10.0
33,10.0
34,10.0
35,10.0
36,14.0
37,14.0
38,10.0
39,10.0
40,10.0
41,14.0
42,14.0
43,10.0
44,10.0
45,12.0
46,16.0
47,14.0
48,10.0
49,10.0
50,12.0
51,16.0
52,14.0
53,10.0
54,10.0
55,12.0
56,16.0
57,12.0
58,14.0
59,10.0
60,10.0
61,12.0
62,16.0
63,12.0
64,14.0
65,10.0
66,10.0
67,10.0
68,12.0
69,16.0
70,14.0
71,10.0
72,12.0
73,14.0
74,16.0
75,12.0
76,14.0
77,10.0
78,10.0
79,10.0
80,12.0
81,14.0
82,16.0
83,12.0
84,14.0
85,10.0
86,10.0
87,10.0
88,12.0
89,16.0
90,14.0
91,10.0
92,12.0
93,14.0
94,16.0
95,12.0
96,12.0
97,14.0
98,14.0
99,16.0
100,14.0
101,10.0
102,12.0
103,14.0
104,16.0
105,12.0
106,12.0
107,14.0
108,14.0
109,16.0
110,14.0
111,10.0
112,10.0
113,12.0
114,14.0
115,14.0
116,16.0
117,12.0
118,12.0
119,14.0
120,14.0
121,14.0
122,16.0
123,12.0
124,12.0
125,14.0
126,14.0
127,16.0
128,14.0
129,10.0
130,10.0
131,12.0
132,14.0
133,14.0
134,14.0
135,12.0
136,12.0
137,12.0
138,10.0
139,10.0
140,10.0
141,12.0
142,10.0
143,12.0
144,10.0
145,12.0
146,12.0
147,10.0
148,14.0
149,14.0
150,16.0
151,14.0
152,10.0
153,10.0
154,12.0
155,14.0
156,16.0
157,14.0
158,10.0
159,10.0
160,10.0
161,12.0
162,10.0
163,12.0
164,10.0
165,12.0
166,12.0
167,10.0
168,14.0
169,14.0
170,16.0
171,14.0
172,10.0
173,10.0
174,10.0
175,12.0
176,10.0
177,14.0
178,14.0
179,16.0
180,14.0
181,10.0
182,10.0
183,12.0
184,14.0
185,16.0
186,14.0
187,10.0
188,10.0
189,10.0
190,12.0
191,10.0
192,12.0
193,10.0
194,12.0
195,12.0
196,10.0
197,14.0
198,14.0
199,16.0
200,14.0
201,10.0
202,10.0
203,10.0
204,12.0
205,10.0
206,14.0
207,14.0
208,16.0
209,14.0
210,10.0
211,10.0
212,12.0
213,14.0
214,16.0
215,14.0
216,10.0
217,10.0
218,10.0
219,12.0
220,10.0
221,12.0
222,10.0
223,12.0
224,12.0
225,10.0
226,14.0
227,14.0
228,16.0
229,14.0
230,10.0
231,10.0
232,10.0
233,12.0
234,10.0
235,14.0
236,14.0
237,16.0
238,14.0
239,10.0
240,10.0
241,12.0
242,14.0
243,16.0
244,14.0
245,10.0
246,10.0
247,10.0
248,12.0
249,10.0
250,12.0
251,10.0
252,12.0
253,12.0
254,10.0
255,14.0
256,14.0
257,16.0
258,14.0
259,10.0
260,10.0
261,10.0
262,12.0
263,10.0
264,14.0
265,14.0
266,16.0
267,14.0
268,10.0
269,10.0
270,12.0
271,14.0
272,16.0
273,14.0
274,10.0
275,10.0
276,10.0
277,12.0
278,10.0
279,12.0
280,10.0
281,12.0
282,12.0
283,10.0
284,14.0
285,14.0
286,16.0
287,14.0
288,10.0
289,10.0
290,10.0
291,12.0
292,10.0
293,14.0
294,14.0
295,16.0
296,14.0
297,10.0
298,10.0
299,12.0
300,14.0
301,16.0
302,14.0
303,10.0
304,10.0
305,10.0
306,12.0
307,10.0
308,12.0
309,10.0
310,12.0
311,12.0
312,10.0
313,14.0
314,14.0
315,16.0
316,14.0
317,10.0
318,10.0
319,10.0
320,12.0
321,10.0
322,14.0
323,14.0
324,16.0
325,14.0
326,10.0
327,10.0
328,12.0
329,14.0
330,16.0
331,14.0
332,10.0
333,10.0
334,10.0
335,12.0
336,10.0
337,12.0
338,10.0
339,12.0
340,12.0
341,10.0
342,14.0
343,14.0
344,16.0
345,14.0
346,10.0
347,10.0
348,10.0
349,12.0
350,10.0
351,14.0
352,14.0
353,16.0
354,14.0
355,10.0
356,10.0
357,12.0
358,14.0
359,16.0
360,14.0
361,10.0
362,10.0
363,10.0
364,12.0
365,10.0
366,12.0
367,10.0
368,12.0
369,12.0
370,10.0
371,14.0
372,14.0
373,16.0
374,14.0
375,10.0
376,10.0
377,10.0
378,12.0
379,10.0
380,14.0
381,14.0
382,16.0
383,14.0
384,10.0
385,10.0
386,12.0
387,14.0
388,16.0
389,14.0
390,10.0
391,10.0
392,10.0
393,12.0
394,10.0
395,12.0
396,10.0
397,12.0
398,12.0
399,10.0
400,14.0
401,14.0
402,16.0
403,14.0
404,10.0
405,10.0
406,10.0
407,12.0
408,10.0
409,14.0
410,14.0
411,16.0
412,14.0
413,10.0
414,10.0
415,12.0
416,14.0
417,16.0
418,14.0
419,10.0
420,10.0
421,10.0
422,12.0
423,10.0
424,12.0
425,10.0
426,12.0
427,12.0
428,10.0
429,14.0
430,14.0
431,16.0
432,14.0
433,10.0
434,10.0
435,10.0
436,12.0
437,10.0
438,14.0
439,14.0
440,16.0
441,14.0
442,10.0
443,10.0
444,12.0
445,14.0
446,16.0
447,14.0
448,10.0
449,10.0
450,10.0
451,12.0
452,10.0
453,12.0
454,10.0
455,12.0
456,12.0
457,10.0
458,14.0
459,14.0
460,16.0
461,14.0
462,10.0
463,10.0
464,10.0
465,12.0
466,10.0
467,14.0
468,14.0
469,16.0
470,14.0
471,10.0
472,10.0
473,12.0
474,14.0
475,16.0
476,14.0
477,10.0
478,10.0
479,10.0
480,12.0
481,10.0
482,12.0
483,10.0
484,12.0
485,12.0
486,10.0
487,14.0
488,14.0
489,16.0
490,14.0
491,10.0
492,10.0
493,10.0
494,12.0
495,10.0
496,14.0
497,14.0
498,16.0
499,14.0
0,10.0
1,10.0
2,10.0
3,10.0
4,10.0
5,10.0
6,17.0
7,12.0
8,16.0
9,13.0
10,10.0
11,10.0
12,17.0
13,10.0
14,8.0
15,10.0
16,10.0
17,10.0
18,10.0
19,10.0
20,10.0
21,16.0
22,13.0
23,10.0
24,10.0
25,10.0
26,15.0
27,10.0
28,8.0
29,10.0
30,10.0
31,10.0
32,10.0
33,15.0
34,10.0
35,8.0
36,10.0
37,10.0
38,10.0
39,10.0
40,15.0
41,10.0
42,8.0
43,10.0
44,10.0
45,10.0
46,10.0
47,10.0
48,15.0
49,10.0
50,8.0
51,10.0
52,10.0
53,10.0
54,10.0
55,14.0
56,13.0
57,10.0
58,10.0
59,10.0
60,14.0
61,13.0
62,10.0
63,10.0
64,10.0
65,14.0
66,13.0
67,10.0
68,10.0
69,10.0
70,10.0
71,14.0
72,13.0
73,10.0
74,10.0
75,10.0
76,14.0
77,13.0
78,10.0
79,10.0
80,10.0
81,14.0
82,15.0
83,10.0
84,10.0
85,10.0
86,10.0
87,14.0
88,15.0
89,10.0
90,10.0
91,10.0
92,10.0
93,14.0
94,15.0
95,10.0
96,10.0
97,10.0
98,14.0
99,15.0
100,10.0
101,10.0
102,10.0
103,10.0
104,14.0
105,15.0
106,10.0
107,10.0
108,10.0
109,10.0
110,14.0
111,15.0
112,10.0
113,10.0
114,10.0
115,10.0
116,14.0
117,15.0
118,10.0
119,10.0
120,10.0
121,14.0
122,15.0
123,8.0
124,8.0
125,10.0
126,10.0
127,10.0
128,10.0
129,10.0
130,10.0
131,10.0
132,10.0
133,10.0
134,14.0
135,15.0
136,8.0
137,8.0
138,10.0
139,10.0
140,10.0
141,10.0
142,10.0
143,10.0
144,10.0
145,10.0
146,10.0
147,10.0
148,14.0
149,15.0
150,10.0
151,10.0
152,10.0
153,14.0
154,15.0
155,8.0
156,8.0
157,10.0
158,10.0
159,10.0
160,10.0
161,10.0
162,10.0
163,10.0
164,10.0
165,10.0
166,14.0
167,13.0
168,12.0
169,8.0
170,10.0
171,10.0
172,10.0
173,10.0
174,10.0
175,10.0
176,10.0
177,10.0
178,10.0
179,14.0
180,13.0
181,12.0
182,8.0
183,10.0
184,10.0
185,10.0
186,10.0
187,10.0
188,10.0
189,10.0
190,10.0
191,14.0
192,13.0
193,10.0
194,10.0
195,10.0
196,10.0
197,10.0
198,10.0
199,10.0
200,10.0
201,14.0
202,13.0
203,10.0
204,10.0
205,10.0
206,10.0
207,10.0
208,10.0
209,10.0
210,10.0
211,8.0
212,10.0
213,10.0
214,10.0
215,10.0
216,10.0
217,10.0
218,10.0
219,10.0
220,10.0
221,10.0
222,8.0
223,10.0
224,10.0
225,10.0
226,10.0
227,10.0
228,10.0
229,10.0
230,10.0
231,10.0
232,10.0
233,10.0
234,10.0
235,8.0
236,10.0
237,10.0
238,10.0
239,10.0
240,10.0
241,10.0
242,10.0
243,10.0
244,10.0
245,10.0
246,10.0
247,8.0
248,10.0
249,10.0
250,10.0
251,10.0
252,10.0
253,10.0
254,10.0
255,10.0
256,10.0
257,10.0
258,10.0
259,8.0
260,10.0
261,10.0
262,10.0
263,10.0
264,10.0
265,10.0
266,10.0
267,10.0
268,10.0
269,10.0
270,8.0
271,10.0
272,10.0
273,10.0
274,10.0
275,10.0
276,10.0
277,10.0
278,10.0
279,10.0
280,10.0
281,10.0
282,10.0
283,8.0
284,10.0
285,10.0
286,10.0
287,10.0
288,10.0
289,10.0
290,10.0
291,10.0
292,10.0
293,10.0
294,10.0
295,8.0
296,10.0
297,10.0
298,10.0
299,10.0
300,10.0
301,10.0
302,10.0
303,10.0
304,10.0
305,10.0
306,8.0
307,10.0
308,10.0
309,10.0
310,10.0
311,10.0
312,10.0
313,10.0
314,10.0
315,10.0
316,10.0
317,10.0
318,10.0
319,8.0
320,10.0
321,10.0
322,10.0
323,10.0
324,10.0
325,10.0
326,10.0
327,10.0
328,10.0
329,10.0
330,10.0
331,8.0
332,10.0
333,10.0
334,10.0
335,10.0
336,10.0
337,10.0
338,10.0
339,10.0
340,10.0
341,10.0
342,8.0
343,10.0
344,10.0
345,10.0
346,10.0
347,10.0
348,10.0
349,10.0
350,10.0
351,10.0
352,10.0
353,10.0
354,8.0
355,10.0
356,10.0
357,10.0
358,10.0
359,10.0
360,10.0
361,10.0
362,10.0
363,10.0
364,10.0
365,10.0
366,8.0
367,10.0
368,10.0
369,10.0
370,10.0
371,10.0
372,10.0
373,10.0
374,10.0
375,10.0
376,10.0
377,10.0
378,8.0
379,10.0
380,10.0
381,10.0
382,10.0
383,10.0
384,10.0
385,10.0
386,10.0
387,10.0
388,10.0
389,10.0
390,8.0
391,10.0
392,10.0
393,10.0
394,10.0
395,10.0
396,10.0
397,10.0
398,10.0
399,10.0
400,10.0
401,12.0
402,10.0
403,10.0
404,10.0
405,10.0
406,8.0
407,10.0
408,10.0
409,10.0
410,10.0
411,10.0
412,10.0
413,10.0
414,10.0
415,10.0
416,10.0
417,10.0
418,8.0
419,10.0
420,10.0
421,10.0
422,10.0
423,10.0
424,10.0
425,10.0
426,10.0
427,10.0
428,10.0
429,12.0
430,10.0
431,10.0
432,10.0
433,10.0
434,8.0
435,10.0
436,10.0
437,10.0
438,10.0
439,10.0
440,10.0
441,10.0
442,10.0
443,10.0
444,10.0
445,12.0
446,10.0
447,10.0
448,10.0
449,10.0
450,8.0
451,10.0
452,10.0
453,10.0
454,10.0
455,10.0
456,10.0
457,10.0
458,10.0
459,10.0
460,10.0
461,10.0
462,8.0
463,10.0
464,10.0
465,10.0
466,10.0
467,10.0
468,10.0
469,10.0
470,10.0
471,10.0
472,10.0
473,12.0
474,10.0
475,10.0
476,10.0
477,10.0
478,8.0
479,10.0
480,10.0
481,10.0
482,10.0
483,10.0
484,10.0
485,10.0
486,10.0
487,10.0
488,10.0
489,12.0
490,10.0
491,10.0
492,10.0
493,10.0
494,12.0
495,10.0
496,10.0
497,10.0
498,12.0
499,10.0
0,14.0
1,12.0
2,12.0
3,11.0
4,12.0
5,14.0
6,11.0
7,12.0
8,11.0
9,12.0
10,15.0
11,15.0
12,11.0
13,12.0
14,11.0
15,12.0
16,14.0
17,11.0
18,12.0
19,11.0
20,12.0
21,15.0
22,15.0
23,11.0
24,12.0
25,15.0
26,15.0
27,11.0
28,12.0
29,15.0
30,15.0
31,11.0
32,12.0
33,15.0
34,15.0
35,11.0
36,12.0
37,11.0
38,10.0
39,15.0
40,15.0
41,11.0
42,12.0
43,11.0
44,10.0
45,15.0
46,15.0
47,11.0
48,12.0
49,15.0
50,14.0
51,14.0
52,12.0
53,13.0
54,14.0
55,12.0
56,12.0
57,11.0
58,12.0
59,15.0
60,14.0
61,13.0
62,11.0
63,10.0
64,11.0
65,12.0
66,15.0
67,14.0
68,14.0
69,14.0
70,12.0
71,11.0
72,13.0
73,11.0
74,10.0
75,11.0
76,12.0
77,15.0
78,14.0
79,14.0
80,14.0
81,12.0
82,11.0
83,13.0
84,15.0
85,14.0
86,14.0
87,14.0
88,12.0
89,11.0
90,14.0
91,14.0
92,12.0
93,11.0
94,13.0
95,11.0
96,10.0
97,15.0
98,14.0
99,14.0
100,14.0
101,12.0
102,11.0
103,14.0
104,14.0
105,12.0
106,11.0
107,14.0
108,14.0
109,12.0
110,11.0
111,13.0
112,15.0
113,14.0
114,14.0
115,14.0
116,12.0
117,11.0
118,14.0
119,14.0
120,12.0
121,11.0
122,14.0
123,14.0
124,14.0
125,14.0
126,14.0
127,14.0
128,12.0
129,11.0
130,14.0
131,14.0
132,12.0
133,11.0
134,14.0
135,14.0
136,12.0
137,11.0
138,14.0
139,14.0
140,12.0
141,11.0
142,14.0
143,14.0
144,12.0
145,11.0
146,14.0
147,14.0
148,14.0
149,14.0
150,14.0
151,14.0
152,14.0
153,12.0
154,11.0
155,14.0
156,14.0
157,12.0
158,11.0
159,14.0
160,14.0
161,12.0
162,11.0
163,14.0
164,14.0
165,14.0
166,14.0
167,14.0
168,14.0
169,14.0
170,12.0
171,11.0
172,14.0
173,14.0
174,12.0
175,11.0
176,14.0
177,14.0
178,12.0
179,11.0
180,14.0
181,14.0
182,14.0
183,14.0
184,14.0
185,14.0
186,12.0
187,11.0
188,14.0
189,14.0
190,12.0
191,11.0
192,14.0
193,14.0
194,12.0
195,11.0
196,14.0
197,14.0
198,12.0
199,11.0
200,14.0
201,14.0
202,14.0
203,14.0
204,14.0
205,14.0
206,14.0
207,12.0
208,11.0
209,14.0
210,14.0
211,12.0
212,11.0
213,14.0
214,14.0
215,14.0
216,12.0
217,11.0
218,14.0
219,12.0
220,13.0
221,14.0
222,14.0
223,14.0
224,14.0
225,14.0
226,12.0
227,11.0
228,14.0
229,12.0
230,12.0
231,11.0
232,14.0
233,14.0
234,12.0
235,12.0
236,11.0
237,14.0
238,14.0
239,12.0
240,14.0
241,12.0
242,13.0
243,14.0
244,14.0
245,14.0
246,14.0
247,14.0
248,12.0
249,11.0
250,14.0
251,12.0
252,12.0
253,11.0
254,14.0
255,14.0
256,12.0
257,12.0
258,11.0
259,14.0
260,14.0
261,12.0
262,14.0
263,15.0
264,14.0
265,12.0
266,14.0
267,12.0
268,11.0
269,14.0
270,12.0
271,13.0
272,12.0
273,14.0
274,14.0
275,14.0
276,14.0
277,14.0
278,12.0
279,14.0
280,15.0
281,12.0
282,14.0
283,15.0
284,14.0
285,12.0
286,14.0
287,12.0
288,13.0
289,12.0
290,14.0
291,14.0
292,14.0
293,14.0
294,12.0
295,12.0
296,12.0
297,11.0
298,14.0
299,14.0
300,14.0
301,12.0
302,14.0
303,15.0
304,12.0
305,14.0
306,15.0
307,14.0
308,12.0
309,14.0
310,12.0
311,13.0
312,12.0
313,14.0
314,14.0
315,14.0
316,14.0
317,12.0
318,12.0
319,12.0
320,11.0
321,14.0
322,14.0
323,14.0
324,12.0
325,10.0
326,12.0
327,11.0
328,14.0
329,14.0
330,14.0
331,12.0
332,10.0
333,12.0
334,11.0
335,14.0
336,14.0
337,14.0
338,12.0
339,10.0
340,15.0
341,14.0
342,12.0
343,10.0
344,10.0
345,15.0
346,14.0
347,14.0
348,12.0
349,14.0
350,12.0
351,13.0
352,12.0
353,14.0
354,14.0
355,14.0
356,14.0
357,12.0
358,10.0
359,15.0
360,14.0
361,12.0
362,14.0
363,12.0
364,11.0
365,10.0
366,10.0
367,15.0
368,14.0
369,14.0
370,12.0
371,14.0
372,12.0
373,13.0
374,12.0
375,14.0
376,14.0
377,14.0
378,14.0
379,14.0
380,12.0
381,10.0
382,10.0
383,15.0
384,14.0
385,14.0
386,12.0
387,14.0
388,12.0
389,11.0
390,10.0
391,10.0
392,15.0
393,14.0
394,14.0
395,12.0
396,14.0
397,14.0
398,14.0
399,14.0
400,14.0
401,12.0
402,10.0
403,10.0
404,15.0
405,14.0
406,14.0
407,12.0
408,10.0
409,10.0
410,15.0
411,14.0
412,14.0
413,12.0
414,10.0
415,10.0
416,13.0
417,12.0
418,14.0
419,14.0
420,14.0
421,12.0
422,14.0
423,14.0
424,14.0
425,14.0
426,14.0
427,12.0
428,10.0
429,10.0
430,15.0
431,14.0
432,14.0
433,12.0
434,10.0
435,10.0
436,15.0
437,14.0
438,14.0
439,12.0
440,10.0
441,10.0
442,13.0
443,12.0
444,14.0
445,14.0
446,14.0
447,12.0
448,10.0
449,10.0
450,13.0
451,12.0
452,14.0
453,14.0
454,14.0
455,12.0
456,10.0
457,10.0
458,13.0
459,12.0
460,14.0
461,14.0
462,14.0
463,12.0
464,14.0
465,14.0
466,14.0
467,14.0
468,14.0
469,12.0
470,10.0
471,10.0
472,15.0
473,14.0
474,14.0
475,12.0
476,10.0
477,10.0
478,15.0
479,14.0
480,14.0
481,12.0
482,10.0
483,10.0
484,13.0
485,12.0
486,14.0
487,14.0
488,14.0
489,12.0
490,10.0
491,10.0
492,13.0
493,12.0
494,14.0
495,14.0
496,14.0
497,12.0
498,10.0
499,10.0
0,12.0
1,12.0
2,14.0
3,8.0
4,10.0
5,12.0
6,12.0
7,14.0
8,8.0
9,10.0
10,12.0
11,12.0
12,14.0
13,8.0
14,10.0
15,12.0
16,12.0
17,14.0
18,12.0
19,14.0
20,12.0
21,12.0
22,14.0
23,12.0
24,14.0
25,12.0
26,8.0
27,12.0
28,14.0
29,12.0
30,14.0
31,12.0
32,14.0
33,12.0
34,12.0
35,12.0
36,12.0
37,12.0
38,12.0
39,14.0
40,12.0
41,12.0
42,12.0
43,12.0
44,12.0
45,12.0
46,12.0
47,14.0
48,12.0
49,12.0
50,12.0
51,12.0
52,12.0
53,12.0
54,12.0
55,12.0
56,14.0
57,12.0
58,12.0
59,12.0
60,12.0
61,12.0
62,12.0
63,12.0
64,12.0
65,14.0
66,12.0
67,12.0
68,12.0
69,12.0
70,12.0
71,12.0
72,12.0
73,12.0
74,14.0
75,12.0
76,12.0
77,12.0
78,12.0
79,12.0
80,12.0
81,14.0
82,14.0
83,12.0
84,12.0
85,12.0
86,12.0
87,12.0
88,12.0
89,12.0
90,12.0
91,12.0
92,12.0
93,12.0
94,12.0
95,12.0
96,12.0
97,12.0
98,12.0
99,12.0
100,12.0
101,12.0
102,12.0
103,12.0
104,12.0
105,12.0
106,12.0
107,12.0
108,12.0
109,12.0
110,12.0
111,12.0
112,12.0
113,12.0
114,12.0
115,12.0
116,12.0
117,12.0
118,12.0
119,12.0
120,12.0
121,12.0
122,12.0
123,12.0
124,12.0
125,12.0
126,12.0
127,12.0
128,12.0
129,12.0
130,12.0
131,12.0
132,12.0
133,12.0
134,12.0
135,12.0
136,12.0
137,12.0
138,12.0
139,12.0
140,12.0
141,12.0
142,12.0
143,12.0
144,12.0
145,12.0
146,12.0
147,12.0
148,12.0
149,12.0
150,12.0
151,12.0
152,12.0
153,12.0
154,12.0
155,12.0
156,12.0
157,12.0
158,12.0
159,12.0
160,12.0
161,12.0
162,12.0
163,12.0
164,12.0
165,12.0
166,12.0
167,12.0
168,12.0
169,12.0
170,12.0
171,12.0
172,12.0
173,12.0
174,12.0
175,12.0
176,12.0
177,12.0
178,12.0
179,12.0
180,12.0
181,12.0
182,12.0
183,12.0
184,12.0
185,12.0
186,12.0
187,12.0
188,12.0
189,12.0
190,12.0
191,12.0
192,12.0
193,12.0
194,12.0
195,12.0
196,12.0
197,12.0
198,12.0
199,12.0
200,12.0
201,12.0
202,12.0
203,12.0
204,12.0
205,12.0
206,12.0
207,12.0
208,12.0
209,12.0
210,12.0
211,12.0
212,12.0
213,12.0
214,12.0
215,12.0
216,12.0
217,12.0
218,12.0
219,12.0
220,12.0
221,12.0
222,12.0
223,12.0
224,12.0
225,12.0
226,12.0
227,12.0
228,12.0
229,12.0
230,12.0
231,12.0
232,12.0
233,12.0
234,12.0
235,12.0
236,12.0
237,12.0
238,12.0
239,12.0
240,12.0
241,12.0
242,12.0
243,12.0
244,12.0
245,12.0
246,12.0
247,12.0
248,12.0
249,12.0
250,12.0
251,12.0
252,12.0
253,12.0
254,12.0
255,12.0
256,12.0
257,12.0
258,12.0
259,12.0
260,12.0
261,12.0
262,12.0
263,12.0
264,12.0
265,12.0
266,12.0
267,12.0
268,12.0
269,12.0
270,12.0
271,12.0
272,12.0
273,12.0
274,12.0
275,12.0
276,12.0
277,12.0
278,12.0
279,12.0
280,12.0
281,12.0
282,12.0
283,12.0
284,12.0
285,12.0
286,12.0
287,12.0
288,12.0
289,12.0
290,12.0
291,12.0
292,12.0
293,12.0
294,12.0
295,12.0
296,12.0
297,12.0
298,12.0
299,12.0
300,12.0
301,12.0
302,12.0
303,12.0
304,12.0
305,12.0
306,12.0
307,12.0
308,12.0
309,12.0
310,12.0
311,12.0
312,12.0
313,12.0
314,12.0
315,12.0
316,12.0
317,12.0
318,12.0
319,12.0
320,12.0
321,12.0
322,12.0
323,12.0
324,12.0
325,12.0
326,12.0
327,12.0
328,12.0
329,12.0
330,12.0
331,12.0
332,12.0
333,12.0
334,12.0
335,12.0
336,12.0
337,12.0
338,12.0
339,12.0
340,12.0
341,12.0
342,12.0
343,12.0
344,12.0
345,12.0
346,12.0
347,12.0
348,12.0
349,12.0
350,12.0
351,12.0
352,12.0
353,12.0
354,12.0
355,12.0
356,12.0
357,12.0
358,12.0
359,12.0
360,12.0
361,12.0
362,12.0
363,12.0
364,12.0
365,12.0
366,12.0
367,12.0
368,12.0
369,12.0
370,12.0
371,12.0
372,12.0
373,12.0
374,12.0
375,12.0
376,12.0
377,12.0
378,12.0
379,12.0
380,12.0
381,12.0
382,12.0
383,12.0
384,12.0
385,12.0
386,12.0
387,12.0
388,12.0
389,12.0
390,12.0
391,12.0
392,12.0
393,12.0
394,12.0
395,12.0
396,12.0
397,12.0
398,12.0
399,12.0
400,12.0
401,12.0
402,12.0
403,12.0
404,12.0
405,12.0
406,12.0
407,12.0
408,12.0
409,12.0
410,12.0
411,12.0
412,12.0
413,12.0
414,12.0
415,12.0
416,12.0
417,12.0
418,12.0
419,12.0
420,12.0
421,12.0
422,12.0
423,12.0
424,12.0
425,12.0
426,12.0
427,12.0
428,12.0
429,12.0
430,12.0
431,12.0
432,12.0
433,12.0
434,12.0
435,12.0
436,12.0
437,12.0
438,12.0
439,12.0
440,12.0
441,12.0
442,12.0
443,12.0
444,12.0
445,12.0
446,12.0
447,12.0
448,12.0
449,12.0
450,12.0
451,12.0
452,12.0
453,12.0
454,12.0
455,12.0
456,12.0
457,12.0
458,12.0
459,12.0
460,12.0
461,12.0
462,12.0
463,12.0
464,12.0
465,12.0
466,12.0
467,12.0
468,12.0
469,12.0
470,12.0
471,12.0
472,12.0
473,12.0
474,12.0
475,12.0
476,12.0
477,12.0
478,12.0
479,12.0
480,12.0
481,12.0
482,12.0
483,12.0
484,12.0
485,12.0
486,12.0
487,12.0
488,12.0
489,12.0
490,12.0
491,12.0
492,12.0
493,12.0
494,12.0
495,12.0
496,12.0
497,12.0
498,12.0
499,12.0
0,12.0
1,12.0
2,12.0
3,12.0
4,13.0
5,11.0
6,12.0
7,12.0
8,12.0
9,12.0
10,14.0
11,12.0
12,12.0
13,12.0
14,12.0
15,12.0
16,10.0
17,11.0
18,12.0
19,12.0
20,12.0
21,12.0
22,10.0
23,11.0
24,12.0
25,12.0
26,12.0
27,12.0
28,13.0
29,12.0
30,12.0
31,12.0
32,11.0
33,8.0
34,9.0
35,10.0
36,11.0
37,12.0
38,12.0
39,12.0
40,12.0
41,13.0
42,12.0
43,12.0
44,12.0
45,11.0
46,8.0
47,9.0
48,10.0
49,11.0
50,12.0
51,12.0
52,12.0
53,11.0
54,8.0
55,11.0
56,10.0
57,11.0
58,12.0
59,13.0
60,12.0
61,12.0
62,12.0
63,11.0
64,8.0
65,9.0
66,10.0
67,10.0
68,11.0
69,12.0
70,13.0
71,12.0
72,12.0
73,12.0
74,11.0
75,8.0
76,9.0
77,10.0
78,10.0
79,11.0
80,12.0
81,12.0
82,9.0
83,10.0
84,11.0
85,12.0
86,12.0
87,11.0
88,12.0
89,13.0
90,12.0
91,12.0
92,11.0
93,12.0
94,12.0
95,11.0
96,12.0
97,12.0
98,9.0
99,10.0
100,11.0
101,12.0
102,12.0
103,9.0
104,10.0
105,11.0
106,12.0
107,12.0
108,11.0
109,12.0
110,13.0
111,10.0
112,14.0
113,9.0
114,10.0
115,9.0
116,10.0
117,11.0
118,8.0
119,15.0
120,10.0
121,14.0
122,9.0
123,10.0
124,11.0
125,8.0
126,13.0
127,12.0
128,8.0
129,15.0
130,10.0
131,14.0
132,9.0
133,10.0
134,11.0
135,12.0
136,12.0
137,10.0
138,11.0
139,12.0
140,12.0
141,8.0
142,10.0
143,11.0
144,12.0
145,12.0
146,8.0
147,10.0
148,11.0
149,12.0
150,13.0
151,8.0
152,13.0
153,12.0
154,12.0
155,8.0
156,10.0
157,11.0
158,12.0
159,12.0
160,8.0
161,8.0
162,10.0
163,9.0
164,8.0
165,10.0
166,11.0
167,12.0
168,12.0
169,8.0
170,10.0
171,11.0
172,12.0
173,13.0
174,8.0
175,13.0
176,12.0
177,12.0
178,8.0
179,10.0
180,11.0
181,12.0
182,12.0
183,8.0
184,8.0
185,10.0
186,9.0
187,8.0
188,10.0
189,9.0
190,8.0
191,10.0
192,9.0
193,8.0
194,10.0
195,9.0
196,8.0
197,10.0
198,9.0
199,8.0
200,10.0
201,11.0
202,12.0
203,12.0
204,8.0
205,8.0
206,10.0
207,9.0
208,8.0
209,10.0
210,9.0
211,8.0
212,10.0
213,9.0
214,8.0
215,10.0
216,9.0
217,8.0
218,10.0
219,9.0
220,8.0
221,10.0
222,11.0
223,12.0
224,12.0
225,8.0
226,10.0
227,11.0
228,12.0
229,12.0
230,8.0
231,8.0
232,10.0
233,9.0
234,8.0
235,10.0
236,9.0
237,8.0
238,10.0
239,9.0
240,8.0
241,10.0
242,9.0
243,8.0
244,10.0
245,9.0
246,8.0
247,10.0
248,9.0
249,8.0
250,10.0
251,11.0
252,12.0
253,12.0
254,8.0
255,8.0
256,10.0
257,9.0
258,8.0
259,10.0
260,9.0
261,8.0
262,10.0
263,9.0
264,8.0
265,10.0
266,9.0
267,8.0
268,10.0
269,9.0
270,14.0
271,14.0
272,14.0
273,10.0
274,13.0
275,10.0
276,13.0
277,10.0
278,13.0
279,10.0
280,13.0
281,14.0
282,10.0
283,13.0
284,10.0
285,15.0
286,12.0
287,10.0
288,9.0
289,10.0
290,9.0
291,10.0
292,9.0
293,14.0
294,14.0
295,10.0
296,10.0
297,8.0
298,8.0
299,8.0
300,8.0
301,8.0
302,10.0
303,9.0
304,8.0
305,10.0
306,9.0
307,10.0
308,10.0
309,8.0
310,8.0
311,8.0
312,8.0
313,8.0
314,10.0
315,9.0
316,8.0
317,10.0
318,9.0
319,8.0
320,10.0
321,9.0
322,10.0
323,10.0
324,10.0
325,9.0
326,10.0
327,12.0
328,9.0
329,10.0
330,13.0
331,10.0
332,11.0
333,12.0
334,12.0
335,8.0
336,10.0
337,9.0
338,10.0
339,10.0
340,10.0
341,9.0
342,10.0
343,10.0
344,10.0
345,9.0
346,10.0
347,10.0
348,10.0
349,9.0
350,10.0
351,10.0
352,10.0
353,9.0
354,10.0
355,10.0
356,10.0
357,9.0
358,10.0
359,10.0
360,10.0
361,11.0
362,10.0
363,14.0
364,11.0
365,10.0
366,13.0
367,10.0
368,14.0
369,11.0
370,10.0
371,13.0
372,10.0
373,13.0
374,10.0
375,13.0
376,10.0
377,13.0
378,10.0
379,13.0
380,10.0
381,13.0
382,10.0
383,14.0
384,11.0
385,10.0
386,13.0
387,10.0
388,13.0
389,10.0
390,13.0
391,10.0
392,13.0
393,10.0
394,13.0
395,10.0
396,14.0
397,11.0
398,10.0
399,4.0
400,12.0
401,11.0
402,10.0
403,4.0
404,12.0
405,11.0
406,10.0
407,14.0
408,11.0
409,10.0
410,4.0
411,12.0
412,11.0
413,10.0
414,14.0
415,11.0
416,10.0
417,4.0
418,12.0
419,11.0
420,10.0
421,4.0
422,12.0
423,11.0
424,10.0
425,14.0
426,11.0
427,10.0
428,4.0
429,12.0
430,11.0
431,10.0
432,8.0
433,14.0
434,11.0
435,10.0
436,14.0
437,11.0
438,10.0
439,4.0
440,12.0
441,11.0
442,10.0
443,8.0
444,14.0
445,11.0
446,10.0
447,8.0
448,14.0
449,11.0
450,10.0
451,14.0
452,11.0
453,10.0
454,8.0
455,14.0
456,11.0
457,10.0
458,8.0
459,14.0
460,11.0
461,10.0
462,14.0
463,11.0
464,10.0
465,8.0
466,14.0
467,11.0
468,10.0
469,8.0
470,14.0
471,11.0
472,10.0
473,8.0
474,14.0
475,11.0
476,10.0
477,14.0
478,11.0
479,10.0
480,8.0
481,14.0
482,11.0
483,10.0
484,8.0
485,14.0
486,11.0
487,10.0
488,8.0
489,14.0
490,11.0
491,10.0
492,14.0
493,11.0
494,10.0
495,8.0
496,14.0
497,11.0
498,10.0
499,8.0
