0,32.0
1,34.0
2,33.0
3,30.0
4,24.0
5,29.0
6,29.0
7,22.0
8,25.0
9,22.0
10,20.0
11,20.0
12,17.0
13,15.0
14,15.0
15,15.0
16,15.0
17,15.0
18,15.0
19,13.0
20,13.0
21,13.0
22,13.0
23,13.0
24,15.0
25,11.0
26,9.0
27,13.0
28,13.0
29,13.0
30,13.0
31,11.0
32,11.0
33,11.0
34,9.0
35,11.0
36,13.0
37,9.0
38,9.0
39,9.0
40,9.0
41,13.0
42,9.0
43,9.0
44,6.0
45,6.0
46,9.0
47,6.0
48,6.0
49,7.0
50,4.0
51,6.0
52,6.0
53,6.0
54,6.0
55,7.0
56,6.0
57,6.0
58,6.0
59,6.0
60,6.0
61,6.0
62,6.0
63,6.0
64,6.0
65,4.0
66,4.0
67,4.0
68,4.0
69,6.0
70,4.0
71,4.0
72,4.0
73,4.0
74,4.0
75,4.0
76,4.0
77,4.0
78,4.0
79,6.0
80,4.0
81,4.0
82,4.0
83,4.0
84,4.0
85,4.0
86,4.0
87,4.0
88,4.0
89,6.0
90,4.0
91,4.0
92,4.0
93,4.0
94,4.0
95,4.0
96,4.0
97,4.0
98,4.0
99,4.0
100,6.0
101,4.0
102,4.0
103,4.0
104,4.0
105,4.0
106,4.0
107,4.0
108,4.0
109,4.0
110,4.0
111,4.0
112,6.0
113,4.0
114,4.0
115,4.0
116,4.0
117,4.0
118,4.0
119,4.0
120,4.0
121,4.0
122,4.0
123,4.0
124,4.0
125,6.0
126,4.0
127,4.0
128,4.0
129,4.0
130,4.0
131,4.0
132,4.0
133,4.0
134,4.0
135,4.0
136,4.0
137,4.0
138,4.0
139,4.0
140,4.0
141,4.0
142,2.0
143,2.0
144,4.0
145,2.0
146,2.0
147,4.0
148,2.0
149,2.0
150,2.0
151,4.0
152,2.0
153,2.0
154,2.0
155,4.0
156,2.0
157,2.0
158,2.0
159,4.0
160,2.0
161,2.0
162,4.0
163,2.0
164,2.0
165,2.0
166,4.0
167,2.0
168,2.0
169,2.0
170,4.0
171,2.0
172,2.0
173,2.0
174,4.0
175,2.0
176,2.0
177,2.0
178,4.0
179,2.0
180,2.0
181,4.0
182,2.0
183,2.0
184,2.0
185,4.0
186,2.0
187,2.0
188,2.0
189,4.0
190,2.0
191,2.0
192,2.0
193,4.0
194,2.0
195,2.0
196,2.0
197,4.0
198,2.0
199,2.0
200,2.0
201,4.0
202,2.0
203,2.0
204,2.0
205,4.0
206,2.0
207,2.0
208,2.0
209,4.0
210,5.0
211,4.0
212,5.0
213,4.0
214,2.0
215,5.0
216,4.0
217,2.0
218,5.0
219,4.0
220,2.0
221,5.0
222,4.0
223,2.0
224,5.0
225,4.0
226,2.0
227,2.0
228,2.0
229,2.0
230,2.0
231,2.0
232,2.0
233,2.0
234,2.0
235,2.0
236,2.0
237,2.0
238,2.0
239,2.0
240,2.0
241,4.0
242,2.0
243,2.0
244,2.0
245,4.0
246,2.0
247,2.0
248,2.0
249,4.0
250,2.0
251,2.0
252,2.0
253,4.0
254,2.0
255,2.0
256,2.0
257,2.0
258,2.0
259,4.0
260,5.0
261,4.0
262,7.0
263,2.0
264,2.0
265,4.0
266,5.0
267,4.0
268,2.0
269,2.0
270,2.0
271,2.0
272,2.0
273,2.0
274,2.0
275,2.0
276,2.0
277,2.0
278,2.0
279,2.0
280,2.0
281,2.0
282,2.0
283,2.0
284,2.0
285,2.0
286,4.0
287,2.0
288,2.0
289,2.0
290,4.0
291,2.0
292,2.0
293,2.0
294,2.0
295,2.0
296,2.0
297,4.0
298,5.0
299,4.0
300,2.0
301,2.0
302,2.0
303,2.0
304,2.0
305,2.0
306,2.0
307,2.0
308,2.0
309,2.0
310,2.0
311,2.0
312,2.0
313,2.0
314,2.0
315,2.0
316,2.0
317,4.0
318,2.0
319,2.0
320,2.0
321,4.0
322,2.0
323,2.0
324,4.0
325,2.0
326,2.0
327,2.0
328,4.0
329,2.0
330,2.0
331,2.0
332,2.0
333,2.0
334,2.0
335,4.0
336,5.0
337,4.0
338,2.0
339,2.0
340,2.0
341,2.0
342,2.0
343,2.0
344,2.0
345,2.0
346,2.0
347,2.0
348,2.0
349,2.0
350,2.0
351,2.0
352,2.0
353,2.0
354,2.0
355,4.0
356,2.0
357,2.0
358,2.0
359,4.0
360,2.0
361,2.0
362,2.0
363,4.0
364,2.0
365,2.0
366,4.0
367,2.0
368,2.0
369,2.0
370,4.0
371,2.0
372,2.0
373,2.0
374,2.0
375,2.0
376,2.0
377,2.0
378,4.0
379,5.0
380,4.0
381,2.0
382,2.0
383,2.0
384,2.0
385,2.0
386,2.0
387,2.0
388,2.0
389,2.0
390,2.0
391,2.0
392,2.0
393,2.0
394,2.0
395,2.0
396,4.0
397,2.0
398,2.0
399,2.0
400,4.0
401,2.0
402,2.0
403,2.0
404,2.0
405,2.0
406,2.0
407,2.0
408,4.0
409,5.0
410,4.0
411,2.0
412,2.0
413,2.0
414,2.0
415,2.0
416,2.0
417,2.0
418,2.0
419,2.0
420,2.0
421,2.0
422,2.0
423,2.0
424,2.0
425,2.0
426,4.0
427,2.0
428,2.0
429,2.0
430,4.0
431,2.0
432,2.0
433,4.0
434,2.0
435,2.0
436,2.0
437,2.0
438,2.0
439,2.0
440,2.0
441,4.0
442,5.0
443,4.0
444,2.0
445,2.0
446,2.0
447,2.0
448,2.0
449,2.0
450,2.0
451,2.0
452,2.0
453,2.0
454,2.0
455,2.0
456,2.0
457,2.0
458,2.0
459,4.0
460,2.0
461,2.0
462,2.0
463,4.0
464,2.0
465,2.0
466,2.0
467,2.0
468,2.0
469,2.0
470,2.0
471,2.0
472,4.0
473,6.0
474,5.0
475,6.0
476,5.0
477,2.0
478,2.0
479,2.0
480,2.0
481,2.0
482,2.0
483,2.0
484,2.0
485,2.0
486,2.0
487,2.0
488,2.0
489,2.0
490,2.0
491,2.0
492,2.0
493,2.0
494,2.0
495,4.0
496,2.0
497,2.0
498,2.0
499,4.0
0,13.0
1,9.0
2,7.0
3,7.0
4,7.0
5,7.0
6,7.0
7,7.0
8,7.0
9,7.0
10,7.0
11,7.0
12,7.0
13,7.0
14,7.0
15,7.0
16,7.0
17,7.0
18,7.0
19,7.0
20,7.0
21,7.0
22,7.0
23,7.0
24,7.0
25,7.0
26,5.0
27,9.0
28,5.0
29,9.0
30,5.0
31,9.0
32,5.0
33,9.0
34,5.0
35,9.0
36,5.0
37,9.0
38,5.0
39,9.0
40,4.0
41,5.0
42,4.0
43,3.0
44,4.0
45,5.0
46,4.0
47,2.0
48,3.0
49,4.0
50,5.0
51,4.0
52,2.0
53,5.0
54,4.0
55,3.0
56,4.0
57,2.0
58,2.0
59,3.0
60,4.0
61,2.0
62,2.0
63,3.0
64,4.0
65,2.0
66,2.0
67,3.0
68,4.0
69,2.0
70,2.0
71,3.0
72,4.0
73,2.0
74,2.0
75,3.0
76,4.0
77,2.0
78,2.0
79,3.0
80,4.0
81,2.0
82,2.0
83,3.0
84,4.0
85,2.0
86,2.0
87,3.0
88,4.0
89,2.0
90,2.0
91,3.0
92,4.0
93,2.0
94,2.0
95,3.0
96,4.0
97,2.0
98,2.0
99,3.0
100,4.0
101,2.0
102,2.0
103,3.0
104,4.0
105,2.0
106,2.0
107,3.0
108,4.0
109,2.0
110,2.0
111,3.0
112,4.0
113,2.0
114,2.0
115,3.0
116,4.0
117,2.0
118,2.0
119,3.0
120,4.0
121,2.0
122,2.0
123,3.0
124,4.0
125,2.0
126,2.0
127,3.0
128,4.0
129,2.0
130,2.0
131,3.0
132,4.0
133,2.0
134,2.0
135,3.0
136,4.0
137,2.0
138,2.0
139,3.0
140,4.0
141,2.0
142,2.0
143,3.0
144,4.0
145,2.0
146,2.0
147,3.0
148,4.0
149,2.0
150,2.0
151,3.0
152,4.0
153,2.0
154,2.0
155,3.0
156,4.0
157,2.0
158,2.0
159,3.0
160,4.0
161,2.0
162,2.0
163,3.0
164,4.0
165,2.0
166,2.0
167,3.0
168,4.0
169,2.0
170,2.0
171,3.0
172,4.0
173,2.0
174,2.0
175,3.0
176,4.0
177,4.0
178,2.0
179,2.0
180,2.0
181,2.0
182,2.0
183,3.0
184,4.0
185,4.0
186,2.0
187,2.0
188,2.0
189,2.0
190,2.0
191,3.0
192,4.0
193,4.0
194,2.0
195,2.0
196,2.0
197,2.0
198,2.0
199,3.0
200,4.0
201,4.0
202,2.0
203,2.0
204,2.0
205,2.0
206,2.0
207,2.0
208,1.0
209,0.0
210,0.0
211,0.0
212,0.0
213,0.0
214,0.0
215,0.0
216,0.0
217,0.0
218,0.0
219,0.0
220,0.0
221,0.0
222,0.0
223,0.0
224,0.0
225,0.0
226,0.0
227,0.0
228,0.0
229,0.0
230,0.0
231,0.0
232,0.0
233,0.0
234,0.0
235,0.0
236,0.0
237,0.0
238,0.0
239,0.0
240,0.0
241,0.0
242,0.0
243,0.0
244,0.0
245,0.0
246,0.0
247,0.0
248,0.0
249,0.0
250,0.0
251,0.0
252,0.0
253,0.0
254,0.0
255,0.0
256,0.0
257,0.0
258,0.0
259,0.0
260,0.0
261,0.0
262,0.0
263,0.0
264,0.0
265,0.0
266,0.0
267,0.0
268,0.0
269,0.0
270,0.0
271,0.0
272,0.0
273,0.0
274,0.0
275,0.0
276,0.0
277,0.0
278,0.0
279,0.0
280,0.0
281,0.0
282,0.0
283,0.0
284,0.0
285,0.0
286,0.0
287,0.0
288,0.0
289,0.0
290,0.0
291,0.0
292,0.0
293,0.0
294,0.0
295,0.0
296,0.0
297,0.0
298,0.0
299,0.0
300,0.0
301,0.0
302,0.0
303,0.0
304,0.0
305,0.0
306,0.0
307,0.0
308,0.0
309,0.0
310,0.0
311,0.0
312,0.0
313,0.0
314,0.0
315,0.0
316,0.0
317,0.0
318,0.0
319,0.0
320,0.0
321,0.0
322,0.0
323,0.0
324,0.0
325,0.0
326,0.0
327,0.0
328,0.0
329,0.0
330,0.0
331,0.0
332,0.0
333,0.0
334,0.0
335,0.0
336,0.0
337,0.0
338,0.0
339,0.0
340,0.0
341,0.0
342,0.0
343,0.0
344,0.0
345,0.0
346,0.0
347,0.0
348,0.0
349,0.0
350,0.0
351,0.0
352,0.0
353,0.0
354,0.0
355,0.0
356,0.0
357,0.0
358,0.0
359,0.0
360,0.0
361,0.0
362,0.0
363,0.0
364,0.0
365,0.0
366,0.0
367,0.0
368,0.0
369,0.0
370,0.0
371,0.0
372,0.0
373,0.0
374,0.0
375,0.0
376,0.0
377,0.0
378,0.0
379,0.0
380,0.0
381,0.0
382,0.0
383,0.0
384,0.0
385,0.0
386,0.0
387,0.0
388,0.0
389,0.0
390,0.0
391,0.0
392,0.0
393,0.0
394,0.0
395,0.0
396,0.0
397,0.0
398,0.0
399,0.0
400,0.0
401,0.0
402,0.0
403,0.0
404,0.0
405,0.0
406,0.0
407,0.0
408,0.0
409,0.0
410,0.0
411,0.0
412,0.0
413,0.0
414,0.0
415,0.0
416,0.0
417,0.0
418,0.0
419,0.0
420,0.0
421,0.0
422,0.0
423,0.0
424,0.0
425,0.0
426,0.0
427,0.0
428,0.0
429,0.0
430,0.0
431,0.0
432,0.0
433,0.0
434,0.0
435,0.0
436,0.0
437,0.0
438,0.0
439,0.0
440,0.0
441,0.0
442,0.0
443,0.0
444,0.0
445,0.0
446,0.0
447,0.0
448,0.0
449,0.0
450,0.0
451,0.0
452,0.0
453,0.0
454,0.0
455,0.0
456,0.0
457,0.0
458,0.0
459,0.0
460,0.0
461,0.0
462,0.0
463,0.0
464,0.0
465,0.0
466,0.0
467,0.0
468,0.0
469,0.0
470,0.0
471,0.0
472,0.0
473,0.0
474,0.0
475,0.0
476,0.0
477,0.0
478,0.0
479,0.0
480,0.0
481,0.0
482,0.0
483,0.0
484,0.0
485,0.0
486,0.0
487,0.0
488,0.0
489,0.0
490,0.0
491,0.0
492,0.0
493,0.0
494,0.0
495,0.0
496,0.0
497,0.0
498,0.0
499,0.0
0,13.0
1,13.0
2,10.0
3,9.0
4,11.0
5,10.0
6,9.0
7,11.0
8,5.0
9,11.0
10,5.0
11,11.0
12,9.0
13,10.0
14,9.0
15,11.0
16,5.0
17,11.0
18,9.0
19,9.0
20,9.0
21,10.0
22,9.0
23,11.0
24,9.0
25,9.0
26,9.0
27,9.0
28,8.0
29,6.0
30,9.0
31,9.0
32,7.0
33,7.0
34,7.0
35,3.0
36,6.0
37,9.0
38,7.0
39,2.0
40,7.0
41,9.0
42,9.0
43,9.0
44,7.0
45,2.0
46,7.0
47,9.0
48,9.0
49,9.0
50,6.0
51,2.0
52,2.0
53,7.0
54,9.0
55,9.0
56,4.0
57,4.0
58,4.0
59,4.0
60,4.0
61,4.0
62,4.0
63,4.0
64,4.0
65,4.0
66,4.0
67,4.0
68,4.0
69,4.0
70,4.0
71,4.0
72,4.0
73,4.0
74,4.0
75,4.0
76,4.0
77,4.0
78,4.0
79,4.0
80,4.0
81,4.0
82,4.0
83,4.0
84,4.0
85,4.0
86,4.0
87,4.0
88,4.0
89,4.0
90,4.0
91,4.0
92,4.0
93,4.0
94,4.0
95,4.0
96,4.0
97,4.0
98,4.0
99,4.0
100,4.0
101,4.0
102,4.0
103,4.0
104,4.0
105,4.0
106,4.0
107,4.0
108,4.0
109,4.0
110,4.0
111,4.0
112,4.0
113,4.0
114,4.0
115,4.0
116,4.0
117,4.0
118,4.0
119,4.0
120,4.0
121,4.0
122,4.0
123,4.0
124,4.0
125,4.0
126,4.0
127,4.0
128,4.0
129,4.0
130,4.0
131,4.0
132,4.0
133,4.0
134,4.0
135,4.0
136,4.0
137,4.0
138,4.0
139,4.0
140,4.0
141,4.0
142,4.0
143,4.0
144,4.0
145,4.0
146,4.0
147,4.0
148,4.0
149,4.0
150,4.0
151,4.0
152,4.0
153,4.0
154,4.0
155,4.0
156,4.0
157,4.0
158,4.0
159,4.0
160,4.0
161,4.0
162,4.0
163,4.0
164,4.0
165,4.0
166,4.0
167,4.0
168,4.0
169,4.0
170,4.0
171,4.0
172,4.0
173,4.0
174,4.0
175,4.0
176,4.0
177,4.0
178,4.0
179,4.0
180,4.0
181,4.0
182,4.0
183,4.0
184,4.0
185,4.0
186,4.0
187,4.0
188,4.0
189,4.0
190,4.0
191,4.0
192,4.0
193,4.0
194,4.0
195,4.0
196,4.0
197,4.0
198,4.0
199,4.0
200,4.0
201,4.0
202,4.0
203,4.0
204,4.0
205,4.0
206,4.0
207,4.0
208,4.0
209,4.0
210,4.0
211,4.0
212,4.0
213,4.0
214,4.0
215,4.0
216,4.0
217,4.0
218,4.0
219,4.0
220,4.0
221,4.0
222,4.0
223,4.0
224,4.0
225,4.0
226,4.0
227,4.0
228,4.0
229,4.0
230,4.0
231,4.0
232,4.0
233,4.0
234,4.0
235,4.0
236,4.0
237,4.0
238,4.0
239,4.0
240,4.0
241,4.0
242,4.0
243,4.0
244,4.0
245,4.0
246,4.0
247,4.0
248,4.0
249,4.0
250,4.0
251,4.0
252,4.0
253,4.0
254,4.0
255,4.0
256,4.0
257,4.0
258,4.0
259,4.0
260,4.0
261,4.0
262,4.0
263,4.0
264,4.0
265,4.0
266,4.0
267,4.0
268,4.0
269,4.0
270,4.0
271,4.0
272,4.0
273,4.0
274,4.0
275,4.0
276,4.0
277,4.0
278,4.0
279,4.0
280,4.0
281,4.0
282,4.0
283,4.0
284,4.0
285,4.0
286,4.0
287,4.0
288,4.0
289,4.0
290,4.0
291,4.0
292,4.0
293,4.0
294,4.0
295,4.0
296,4.0
297,4.0
298,4.0
299,4.0
300,4.0
301,4.0
302,4.0
303,4.0
304,4.0
305,4.0
306,4.0
307,4.0
308,4.0
309,4.0
310,4.0
311,4.0
312,4.0
313,4.0
314,4.0
315,4.0
316,4.0
317,4.0
318,4.0
319,4.0
320,4.0
321,4.0
322,4.0
323,4.0
324,4.0
325,4.0
326,4.0
327,4.0
328,4.0
329,4.0
330,4.0
331,4.0
332,4.0
333,4.0
334,4.0
335,4.0
336,4.0
337,4.0
338,4.0
339,4.0
340,4.0
341,4.0
342,4.0
343,4.0
344,4.0
345,4.0
346,4.0
347,4.0
348,4.0
349,4.0
350,4.0
351,4.0
352,4.0
353,4.0
354,4.0
355,4.0
356,4.0
357,4.0
358,4.0
359,4.0
360,4.0
361,4.0
362,4.0
363,4.0
364,4.0
365,4.0
366,4.0
367,4.0
368,4.0
369,4.0
370,4.0
371,4.0
372,4.0
373,4.0
374,4.0
375,4.0
376,4.0
377,4.0
378,4.0
379,4.0
380,4.0
381,4.0
382,4.0
383,4.0
384,4.0
385,4.0
386,4.0
387,4.0
388,4.0
389,4.0
390,4.0
391,4.0
392,4.0
393,4.0
394,4.0
395,4.0
396,4.0
397,4.0
398,4.0
399,4.0
400,4.0
401,4.0
402,4.0
403,4.0
404,4.0
405,4.0
406,4.0
407,4.0
408,4.0
409,4.0
410,4.0
411,4.0
412,4.0
413,4.0
414,4.0
415,4.0
416,4.0
417,4.0
418,4.0
419,4.0
420,4.0
421,4.0
422,4.0
423,4.0
424,4.0
425,4.0
426,4.0
427,4.0
428,4.0
429,4.0
430,4.0
431,4.0
432,4.0
433,4.0
434,4.0
435,4.0
436,4.0
437,4.0
438,4.0
439,4.0
440,4.0
441,4.0
442,4.0
443,4.0
444,4.0
445,4.0
446,4.0
447,4.0
448,4.0
449,4.0
450,4.0
451,4.0
452,4.0
453,4.0
454,4.0
455,4.0
456,4.0
457,4.0
458,4.0
459,4.0
460,4.0
461,4.0
462,4.0
463,4.0
464,4.0
465,4.0
466,4.0
467,4.0
468,4.0
469,4.0
470,4.0
471,4.0
472,4.0
473,4.0
474,4.0
475,4.0
476,4.0
477,4.0
478,4.0
479,4.0
480,4.0
481,4.0
482,4.0
483,4.0
484,4.0
485,4.0
486,4.0
487,4.0
488,4.0
489,4.0
490,4.0
491,4.0
492,4.0
493,4.0
494,4.0
495,4.0
496,4.0
497,4.0
498,4.0
499,4.0
0,15.0
1,11.0
2,10.0
3,7.0
4,10.0
5,7.0
6,10.0
7,7.0
8,10.0
9,11.0
10,7.0
11,7.0
12,7.0
13,7.0
14,5.0
15,11.0
16,7.0
17,5.0
18,11.0
19,7.0
20,5.0
21,11.0
22,7.0
23,5.0
24,9.0
25,5.0
26,7.0
27,9.0
28,7.0
29,5.0
30,4.0
31,7.0
32,7.0
33,7.0
34,7.0
35,7.0
36,5.0
37,7.0
38,6.0
39,7.0
40,2.0
41,5.0
42,5.0
43,7.0
44,6.0
45,7.0
46,2.0
47,5.0
48,5.0
49,4.0
50,7.0
51,7.0
52,7.0
53,7.0
54,7.0
55,7.0
56,7.0
57,7.0
58,7.0
59,7.0
60,7.0
61,4.0
62,5.0
63,7.0
64,7.0
65,7.0
66,7.0
67,6.0
68,4.0
69,4.0
70,4.0
71,4.0
72,4.0
73,4.0
74,4.0
75,4.0
76,4.0
77,4.0
78,4.0
79,4.0
80,4.0
81,4.0
82,4.0
83,4.0
84,4.0
85,4.0
86,4.0
87,4.0
88,4.0
89,4.0
90,4.0
91,4.0
92,4.0
93,4.0
94,4.0
95,4.0
96,4.0
97,4.0
98,4.0
99,4.0
100,4.0
101,4.0
102,4.0
103,4.0
104,4.0
105,4.0
106,4.0
107,4.0
108,4.0
109,4.0
110,4.0
111,4.0
112,4.0
113,4.0
114,4.0
115,4.0
116,4.0
117,4.0
118,4.0
119,4.0
120,4.0
121,4.0
122,4.0
123,4.0
124,4.0
125,4.0
126,4.0
127,4.0
128,4.0
129,4.0
130,4.0
131,4.0
132,4.0
133,4.0
134,4.0
135,4.0
136,4.0
137,4.0
138,4.0
139,4.0
140,4.0
141,4.0
142,4.0
143,4.0
144,4.0
145,4.0
146,4.0
147,4.0
148,4.0
149,4.0
150,4.0
151,4.0
152,4.0
153,4.0
154,4.0
155,4.0
156,4.0
157,4.0
158,4.0
159,4.0
160,4.0
161,4.0
162,4.0
163,4.0
164,4.0
165,4.0
166,4.0
167,4.0
168,4.0
169,4.0
170,4.0
171,4.0
172,4.0
173,4.0
174,4.0
175,4.0
176,4.0
177,4.0
178,4.0
179,4.0
180,4.0
181,4.0
182,4.0
183,4.0
184,4.0
185,4.0
186,4.0
187,4.0
188,4.0
189,4.0
190,4.0
191,4.0
192,4.0
193,4.0
194,4.0
195,4.0
196,4.0
197,4.0
198,4.0
199,4.0
200,4.0
201,4.0
202,4.0
203,4.0
204,4.0
205,4.0
206,4.0
207,4.0
208,4.0
209,4.0
210,4.0
211,4.0
212,4.0
213,4.0
214,4.0
215,4.0
216,4.0
217,4.0
218,4.0
219,4.0
220,4.0
221,4.0
222,4.0
223,4.0
224,4.0
225,4.0
226,4.0
227,4.0
228,4.0
229,4.0
230,4.0
231,4.0
232,4.0
233,4.0
234,4.0
235,4.0
236,4.0
237,4.0
238,4.0
239,4.0
240,4.0
241,4.0
242,4.0
243,4.0
244,4.0
245,4.0
246,4.0
247,4.0
248,4.0
249,4.0
250,4.0
251,4.0
252,4.0
253,4.0
254,4.0
255,4.0
256,4.0
257,4.0
258,4.0
259,4.0
260,4.0
261,4.0
262,4.0
263,4.0
264,4.0
265,4.0
266,4.0
267,4.0
268,4.0
269,4.0
270,4.0
271,4.0
272,4.0
273,4.0
274,4.0
275,4.0
276,4.0
277,4.0
278,4.0
279,4.0
280,4.0
281,4.0
282,4.0
283,4.0
284,4.0
285,4.0
286,4.0
287,4.0
288,4.0
289,4.0
290,4.0
291,4.0
292,4.0
293,4.0
294,4.0
295,4.0
296,4.0
297,4.0
298,4.0
299,4.0
300,4.0
301,4.0
302,4.0
303,4.0
304,4.0
305,4.0
306,4.0
307,4.0
308,4.0
309,4.0
310,4.0
311,4.0
312,4.0
313,4.0
314,4.0
315,4.0
316,4.0
317,4.0
318,4.0
319,4.0
320,4.0
321,4.0
322,4.0
323,4.0
324,4.0
325,4.0
326,4.0
327,4.0
328,4.0
329,4.0
330,4.0
331,4.0
332,4.0
333,4.0
334,4.0
335,4.0
336,4.0
337,4.0
338,4.0
339,4.0
340,4.0
341,4.0
342,4.0
343,4.0
344,4.0
345,4.0
346,4.0
347,4.0
348,4.0
349,4.0
350,4.0
351,4.0
352,4.0
353,4.0
354,4.0
355,4.0
356,4.0
357,4.0
358,4.0
359,4.0
360,4.0
361,4.0
362,4.0
363,4.0
364,4.0
365,4.0
366,4.0
367,4.0
368,4.0
369,4.0
370,4.0
371,4.0
372,4.0
373,4.0
374,4.0
375,4.0
376,4.0
377,4.0
378,4.0
379,4.0
380,4.0
381,4.0
382,4.0
383,4.0
384,4.0
385,4.0
386,4.0
387,4.0
388,4.0
389,4.0
390,4.0
391,4.0
392,4.0
393,4.0
394,4.0
395,4.0
396,4.0
397,4.0
398,4.0
399,4.0
400,4.0
401,4.0
402,4.0
403,4.0
404,4.0
405,4.0
406,4.0
407,4.0
408,4.0
409,4.0
410,4.0
411,4.0
412,4.0
413,4.0
414,4.0
415,4.0
416,4.0
417,4.0
418,4.0
419,4.0
420,4.0
421,4.0
422,4.0
423,4.0
424,4.0
425,4.0
426,4.0
427,4.0
428,4.0
429,4.0
430,4.0
431,4.0
432,4.0
433,4.0
434,4.0
435,4.0
436,4.0
437,4.0
438,4.0
439,4.0
440,4.0
441,4.0
442,4.0
443,4.0
444,4.0
445,4.0
446,4.0
447,4.0
448,4.0
449,4.0
450,4.0
451,4.0
452,4.0
453,4.0
454,4.0
455,4.0
456,4.0
457,4.0
458,4.0
459,4.0
460,4.0
461,4.0
462,4.0
463,4.0
464,4.0
465,4.0
466,4.0
467,4.0
468,4.0
469,4.0
470,4.0
471,4.0
472,4.0
473,4.0
474,4.0
475,4.0
476,4.0
477,4.0
478,4.0
479,4.0
480,4.0
481,4.0
482,4.0
483,4.0
484,4.0
485,4.0
486,4.0
487,4.0
488,4.0
489,4.0
490,4.0
491,4.0
492,4.0
493,4.0
494,4.0
495,4.0
496,4.0
497,4.0
498,4.0
499,4.0
0,13.0
1,13.0
2,10.0
3,13.0
4,10.0
5,9.0
6,13.0
7,10.0
8,13.0
9,10.0
10,9.0
11,9.0
12,9.0
13,7.0
14,7.0
15,7.0
16,7.0
17,7.0
18,7.0
19,7.0
20,9.0
21,7.0
22,7.0
23,7.0
24,3.0
25,7.0
26,7.0
27,6.0
28,9.0
29,9.0
30,8.0
31,6.0
32,9.0
33,9.0
34,9.0
35,9.0
36,9.0
37,8.0
38,6.0
39,9.0
40,9.0
41,9.0
42,9.0
43,9.0
44,6.0
45,6.0
46,4.0
47,4.0
48,4.0
49,4.0
50,4.0
51,1.0
52,0.0
53,0.0
54,0.0
55,0.0
56,0.0
57,0.0
58,0.0
59,0.0
60,0.0
61,0.0
62,0.0
63,0.0
64,0.0
65,0.0
66,0.0
67,0.0
68,0.0
69,0.0
70,0.0
71,0.0
72,0.0
73,0.0
74,0.0
75,0.0
76,0.0
77,0.0
78,0.0
79,0.0
80,0.0
81,0.0
82,0.0
83,0.0
84,0.0
85,0.0
86,0.0
87,0.0
88,0.0
89,0.0
90,0.0
91,0.0
92,0.0
93,0.0
94,0.0
95,0.0
96,0.0
97,0.0
98,0.0
99,0.0
100,0.0
101,0.0
102,0.0
103,0.0
104,0.0
105,0.0
106,0.0
107,0.0
108,0.0
109,0.0
110,0.0
111,0.0
112,0.0
113,0.0
114,0.0
115,0.0
116,0.0
117,0.0
118,0.0
119,0.0
120,0.0
121,0.0
122,0.0
123,0.0
124,0.0
125,0.0
126,0.0
127,0.0
128,0.0
129,0.0
130,0.0
131,0.0
132,0.0
133,0.0
134,0.0
135,0.0
136,0.0
137,0.0
138,0.0
139,0.0
140,0.0
141,0.0
142,0.0
143,0.0
144,0.0
145,0.0
146,0.0
147,0.0
148,0.0
149,0.0
150,0.0
151,0.0
152,0.0
153,0.0
154,0.0
155,0.0
156,0.0
157,0.0
158,0.0
159,0.0
160,0.0
161,0.0
162,0.0
163,0.0
164,0.0
165,0.0
166,0.0
167,0.0
168,0.0
169,0.0
170,0.0
171,0.0
172,0.0
173,0.0
174,0.0
175,0.0
176,0.0
177,0.0
178,0.0
179,0.0
180,0.0
181,0.0
182,0.0
183,0.0
184,0.0
185,0.0
186,0.0
187,0.0
188,0.0
189,0.0
190,0.0
191,0.0
192,0.0
193,0.0
194,0.0
195,0.0
196,0.0
197,0.0
198,0.0
199,0.0
200,0.0
201,0.0
202,0.0
203,0.0
204,0.0
205,0.0
206,0.0
207,0.0
208,0.0
209,0.0
210,0.0
211,0.0
212,0.0
213,0.0
214,0.0
215,0.0
216,0.0
217,0.0
218,0.0
219,0.0
220,0.0
221,0.0
222,0.0
223,0.0
224,0.0
225,0.0
226,0.0
227,0.0
228,0.0
229,0.0
230,0.0
231,0.0
232,0.0
233,0.0
234,0.0
235,0.0
236,0.0
237,0.0
238,0.0
239,0.0
240,0.0
241,0.0
242,0.0
243,0.0
244,0.0
245,0.0
246,0.0
247,0.0
248,0.0
249,0.0
250,0.0
251,0.0
252,0.0
253,0.0
254,0.0
255,0.0
256,0.0
257,0.0
258,0.0
259,0.0
260,0.0
261,0.0
262,0.0
263,0.0
264,0.0
265,0.0
266,0.0
267,0.0
268,0.0
269,0.0
270,0.0
271,0.0
272,0.0
273,0.0
274,0.0
275,0.0
276,0.0
277,0.0
278,0.0
279,0.0
280,0.0
281,0.0
282,0.0
283,0.0
284,0.0
285,0.0
286,0.0
287,0.0
288,0.0
289,0.0
290,0.0
291,0.0
292,0.0
293,0.0
294,0.0
295,0.0
296,0.0
297,0.0
298,0.0
299,0.0
300,0.0
301,0.0
302,0.0
303,0.0
304,0.0
305,0.0
306,0.0
307,0.0
308,0.0
309,0.0
310,0.0
311,0.0
312,0.0
313,0.0
314,0.0
315,0.0
316,0.0
317,0.0
318,0.0
319,0.0
320,0.0
321,0.0
322,0.0
323,0.0
324,0.0
325,0.0
326,0.0
327,0.0
328,0.0
329,0.0
330,0.0
331,0.0
332,0.0
333,0.0
334,0.0
335,0.0
336,0.0
337,0.0
338,0.0
339,0.0
340,0.0
341,0.0
342,0.0
343,0.0
344,0.0
345,0.0
346,0.0
347,0.0
348,0.0
349,0.0
350,0.0
351,0.0
352,0.0
353,0.0
354,0.0
355,0.0
356,0.0
357,0.0
358,0.0
359,0.0
360,0.0
361,0.0
362,0.0
363,0.0
364,0.0
365,0.0
366,0.0
367,0.0
368,0.0
369,0.0
370,0.0
371,0.0
372,0.0
373,0.0
374,0.0
375,0.0
376,0.0
377,0.0
378,0.0
379,0.0
380,0.0
381,0.0
382,0.0
383,0.0
384,0.0
385,0.0
386,0.0
387,0.0
388,0.0
389,0.0
390,0.0
391,0.0
392,0.0
393,0.0
394,0.0
395,0.0
396,0.0
397,0.0
398,0.0
399,0.0
400,0.0
401,0.0
402,0.0
403,0.0
404,0.0
405,0.0
406,0.0
407,0.0
408,0.0
409,0.0
410,0.0
411,0.0
412,0.0
413,0.0
414,0.0
415,0.0
416,0.0
417,0.0
418,0.0
419,0.0
420,0.0
421,0.0
422,0.0
423,0.0
424,0.0
425,0.0
426,0.0
427,0.0
428,0.0
429,0.0
430,0.0
431,0.0
432,0.0
433,0.0
434,0.0
435,0.0
436,0.0
437,0.0
438,0.0
439,0.0
440,0.0
441,0.0
442,0.0
443,0.0
444,0.0
445,0.0
446,0.0
447,0.0
448,0.0
449,0.0
450,0.0
451,0.0
452,0.0
453,0.0
454,0.0
455,0.0
456,0.0
457,0.0
458,0.0
459,0.0
460,0.0
461,0.0
462,0.0
463,0.0
464,0.0
465,0.0
466,0.0
467,0.0
468,0.0
469,0.0
470,0.0
471,0.0
472,0.0
473,0.0
474,0.0
475,0.0
476,0.0
477,0.0
478,0.0
479,0.0
480,0.0
481,0.0
482,0.0
483,0.0
484,0.0
485,0.0
486,0.0
487,0.0
488,0.0
489,0.0
490,0.0
491,0.0
492,0.0
493,0.0
494,0.0
495,0.0
496,0.0
497,0.0
498,0.0
499,0.0
