0,49.0
1,34.0
2,33.0
3,33.0
4,31.0
5,36.0
6,27.0
7,22.0
8,26.0
9,16.0
10,20.0
11,16.0
12,16.0
13,18.0
14,18.0
15,16.0
16,18.0
17,18.0
18,19.0
19,11.0
20,14.0
21,8.0
22,14.0
23,11.0
24,8.0
25,9.0
26,9.0
27,9.0
28,9.0
29,12.0
30,10.0
31,12.0
32,10.0
33,20.0
34,9.0
35,11.0
36,12.0
37,12.0
38,12.0
39,12.0
40,11.0
41,11.0
42,11.0
43,11.0
44,11.0
45,11.0
46,11.0
47,11.0
48,11.0
49,11.0
50,11.0
51,11.0
52,11.0
53,11.0
54,11.0
55,11.0
56,13.0
57,13.0
58,15.0
59,15.0
60,6.0
61,11.0
62,6.0
63,11.0
64,6.0
65,11.0
66,6.0
67,11.0
68,6.0
69,11.0
70,6.0
71,11.0
72,8.0
73,13.0
74,8.0
75,15.0
76,6.0
77,13.0
78,8.0
79,13.0
80,8.0
81,13.0
82,6.0
83,9.0
84,8.0
85,7.0
86,8.0
87,13.0
88,6.0
89,9.0
90,6.0
91,9.0
92,6.0
93,9.0
94,8.0
95,9.0
96,6.0
97,9.0
98,6.0
99,9.0
100,6.0
101,6.0
102,9.0
103,6.0
104,6.0
105,9.0
106,6.0
107,6.0
108,9.0
109,6.0
110,6.0
111,9.0
112,10.0
113,7.0
114,6.0
115,11.0
116,6.0
117,11.0
118,6.0
119,11.0
120,6.0
121,11.0
122,6.0
123,11.0
124,6.0
125,6.0
126,9.0
127,6.0
128,6.0
129,9.0
130,6.0
131,6.0
132,9.0
133,6.0
134,6.0
135,9.0
136,6.0
137,6.0
138,8.0
139,7.0
140,8.0
141,7.0
142,6.0
143,10.0
144,7.0
145,4.0
146,6.0
147,9.0
148,6.0
149,8.0
150,7.0
151,6.0
152,10.0
153,7.0
154,8.0
155,7.0
156,6.0
157,8.0
158,7.0
159,6.0
160,4.0
161,6.0
162,9.0
163,6.0
164,6.0
165,6.0
166,7.0
167,6.0
168,6.0
169,7.0
170,6.0
171,6.0
172,7.0
173,6.0
174,6.0
175,7.0
176,6.0
177,6.0
178,7.0
179,6.0
180,6.0
181,7.0
182,6.0
183,6.0
184,4.0
185,6.0
186,7.0
187,6.0
188,4.0
189,7.0
190,6.0
191,6.0
192,4.0
193,6.0
194,7.0
195,6.0
196,4.0
197,6.0
198,8.0
199,7.0
200,6.0
201,6.0
202,4.0
203,4.0
204,7.0
205,6.0
206,6.0
207,4.0
208,6.0
209,7.0
210,6.0
211,4.0
212,6.0
213,6.0
214,7.0
215,6.0
216,4.0
217,6.0
218,7.0
219,6.0
220,4.0
221,6.0
222,4.0
223,6.0
224,7.0
225,6.0
226,4.0
227,6.0
228,4.0
229,6.0
230,7.0
231,6.0
232,4.0
233,6.0
234,4.0
235,6.0
236,9.0
237,6.0
238,6.0
239,7.0
240,6.0
241,6.0
242,6.0
243,6.0
244,7.0
245,6.0
246,6.0
247,6.0
248,6.0
249,7.0
250,6.0
251,6.0
252,6.0
253,6.0
254,5.0
255,6.0
256,4.0
257,4.0
258,7.0
259,6.0
260,6.0
261,6.0
262,6.0
263,6.0
264,5.0
265,6.0
266,4.0
267,4.0
268,7.0
269,6.0
270,4.0
271,6.0
272,6.0
273,7.0
274,6.0
275,6.0
276,6.0
277,4.0
278,4.0
279,7.0
280,6.0
281,6.0
282,6.0
283,6.0
284,7.0
285,6.0
286,4.0
287,6.0
288,4.0
289,6.0
290,7.0
291,6.0
292,6.0
293,5.0
294,6.0
295,4.0
296,4.0
297,7.0
298,6.0
299,6.0
300,6.0
301,4.0
302,6.0
303,5.0
304,6.0
305,4.0
306,4.0
307,7.0
308,6.0
309,6.0
310,6.0
311,4.0
312,6.0
313,9.0
314,6.0
315,6.0
316,4.0
317,7.0
318,6.0
319,4.0
320,6.0
321,6.0
322,4.0
323,9.0
324,6.0
325,4.0
326,4.0
327,4.0
328,9.0
329,6.0
330,6.0
331,4.0
332,9.0
333,6.0
334,6.0
335,4.0
336,7.0
337,6.0
338,6.0
339,6.0
340,6.0
341,4.0
342,9.0
343,6.0
344,4.0
345,4.0
346,7.0
347,6.0
348,6.0
349,4.0
350,7.0
351,6.0
352,6.0
353,6.0
354,4.0
355,7.0
356,6.0
357,6.0
358,6.0
359,4.0
360,9.0
361,6.0
362,4.0
363,4.0
364,7.0
365,6.0
366,4.0
367,4.0
368,7.0
369,6.0
370,6.0
371,6.0
372,4.0
373,7.0
374,6.0
375,6.0
376,6.0
377,4.0
378,4.0
379,9.0
380,6.0
381,6.0
382,4.0
383,4.0
384,9.0
385,6.0
386,6.0
387,6.0
388,4.0
389,4.0
390,9.0
391,6.0
392,6.0
393,4.0
394,4.0
395,9.0
396,4.0
397,6.0
398,6.0
399,4.0
400,9.0
401,6.0
402,6.0
403,6.0
404,4.0
405,4.0
406,4.0
407,9.0
408,6.0
409,4.0
410,4.0
411,4.0
412,9.0
413,6.0
414,4.0
415,4.0
416,4.0
417,9.0
418,6.0
419,4.0
420,4.0
421,4.0
422,9.0
423,6.0
424,6.0
425,6.0
426,4.0
427,9.0
428,6.0
429,6.0
430,6.0
431,4.0
432,4.0
433,4.0
434,9.0
435,6.0
436,6.0
437,4.0
438,4.0
439,4.0
440,4.0
441,4.0
442,9.0
443,6.0
444,6.0
445,6.0
446,4.0
447,4.0
448,4.0
449,9.0
450,6.0
451,6.0
452,6.0
453,4.0
454,9.0
455,6.0
456,6.0
457,6.0
458,4.0
459,4.0
460,9.0
461,6.0
462,6.0
463,6.0
464,4.0
465,4.0
466,9.0
467,6.0
468,6.0
469,6.0
470,4.0
471,4.0
472,9.0
473,6.0
474,6.0
475,6.0
476,4.0
477,4.0
478,4.0
479,9.0
480,6.0
481,6.0
482,6.0
483,4.0
484,4.0
485,4.0
486,4.0
487,9.0
488,6.0
489,6.0
490,6.0
491,4.0
492,4.0
493,4.0
494,4.0
495,4.0
496,9.0
497,6.0
498,6.0
499,6.0
0,39.0
1,26.0
2,24.0
3,28.0
4,23.0
5,23.0
6,23.0
7,23.0
8,18.0
9,23.0
10,16.0
11,18.0
12,16.0
13,16.0
14,18.0
15,18.0
16,16.0
17,18.0
18,18.0
19,18.0
20,18.0
21,18.0
22,18.0
23,18.0
24,16.0
25,17.0
26,18.0
27,18.0
28,18.0
29,16.0
30,15.0
31,11.0
32,20.0
33,18.0
34,15.0
35,15.0
36,13.0
37,15.0
38,15.0
39,15.0
40,13.0
41,15.0
42,15.0
43,13.0
44,15.0
45,15.0
46,15.0
47,15.0
48,15.0
49,13.0
50,15.0
51,15.0
52,11.0
53,6.0
54,13.0
55,13.0
56,11.0
57,6.0
58,13.0
59,13.0
60,11.0
61,6.0
62,13.0
63,13.0
64,11.0
65,8.0
66,6.0
67,13.0
68,13.0
69,11.0
70,6.0
71,13.0
72,13.0
73,11.0
74,4.0
75,11.0
76,8.0
77,6.0
78,13.0
79,11.0
80,4.0
81,11.0
82,8.0
83,6.0
84,13.0
85,13.0
86,11.0
87,8.0
88,4.0
89,6.0
90,9.0
91,6.0
92,4.0
93,11.0
94,8.0
95,6.0
96,13.0
97,11.0
98,8.0
99,11.0
100,6.0
101,8.0
102,9.0
103,6.0
104,6.0
105,11.0
106,6.0
107,6.0
108,11.0
109,8.0
110,9.0
111,6.0
112,4.0
113,6.0
114,9.0
115,6.0
116,4.0
117,9.0
118,8.0
119,4.0
120,8.0
121,9.0
122,4.0
123,9.0
124,8.0
125,6.0
126,11.0
127,6.0
128,11.0
129,6.0
130,11.0
131,4.0
132,9.0
133,8.0
134,6.0
135,8.0
136,9.0
137,6.0
138,11.0
139,6.0
140,6.0
141,8.0
142,9.0
143,6.0
144,6.0
145,11.0
146,6.0
147,6.0
148,8.0
149,9.0
150,6.0
151,6.0
152,9.0
153,8.0
154,6.0
155,8.0
156,7.0
157,6.0
158,6.0
159,8.0
160,9.0
161,6.0
162,6.0
163,9.0
164,6.0
165,6.0
166,6.0
167,6.0
168,9.0
169,6.0
170,6.0
171,6.0
172,9.0
173,6.0
174,6.0
175,6.0
176,9.0
177,6.0
178,6.0
179,6.0
180,6.0
181,9.0
182,6.0
183,6.0
184,6.0
185,9.0
186,6.0
187,6.0
188,6.0
189,6.0
190,9.0
191,6.0
192,6.0
193,6.0
194,9.0
195,6.0
196,6.0
197,6.0
198,11.0
199,6.0
200,6.0
201,6.0
202,4.0
203,9.0
204,6.0
205,6.0
206,6.0
207,9.0
208,6.0
209,6.0
210,6.0
211,4.0
212,9.0
213,6.0
214,6.0
215,6.0
216,9.0
217,6.0
218,6.0
219,6.0
220,4.0
221,9.0
222,6.0
223,6.0
224,6.0
225,9.0
226,6.0
227,6.0
228,6.0
229,4.0
230,9.0
231,6.0
232,6.0
233,6.0
234,6.0
235,9.0
236,8.0
237,11.0
238,6.0
239,6.0
240,6.0
241,6.0
242,9.0
243,6.0
244,6.0
245,6.0
246,6.0
247,7.0
248,6.0
249,6.0
250,6.0
251,6.0
252,9.0
253,6.0
254,8.0
255,8.0
256,9.0
257,6.0
258,8.0
259,8.0
260,9.0
261,6.0
262,8.0
263,8.0
264,9.0
265,6.0
266,8.0
267,4.0
268,6.0
269,9.0
270,8.0
271,4.0
272,6.0
273,4.0
274,7.0
275,6.0
276,6.0
277,6.0
278,6.0
279,9.0
280,6.0
281,8.0
282,2.0
283,6.0
284,4.0
285,7.0
286,6.0
287,8.0
288,4.0
289,6.0
290,9.0
291,6.0
292,8.0
293,2.0
294,6.0
295,4.0
296,7.0
297,6.0
298,8.0
299,4.0
300,6.0
301,9.0
302,6.0
303,6.0
304,6.0
305,9.0
306,6.0
307,8.0
308,4.0
309,4.0
310,9.0
311,6.0
312,8.0
313,4.0
314,6.0
315,9.0
316,6.0
317,8.0
318,6.0
319,9.0
320,6.0
321,8.0
322,4.0
323,4.0
324,9.0
325,6.0
326,8.0
327,4.0
328,4.0
329,9.0
330,6.0
331,8.0
332,4.0
333,4.0
334,4.0
335,4.0
336,7.0
337,6.0
338,8.0
339,4.0
340,4.0
341,9.0
342,6.0
343,8.0
344,4.0
345,4.0
346,9.0
347,6.0
348,8.0
349,4.0
350,4.0
351,4.0
352,7.0
353,6.0
354,8.0
355,4.0
356,6.0
357,9.0
358,6.0
359,8.0
360,4.0
361,4.0
362,9.0
363,6.0
364,8.0
365,4.0
366,4.0
367,9.0
368,6.0
369,8.0
370,4.0
371,4.0
372,4.0
373,4.0
374,7.0
375,6.0
376,8.0
377,2.0
378,4.0
379,4.0
380,4.0
381,4.0
382,4.0
383,7.0
384,6.0
385,8.0
386,4.0
387,4.0
388,9.0
389,6.0
390,8.0
391,4.0
392,4.0
393,4.0
394,4.0
395,7.0
396,6.0
397,8.0
398,2.0
399,4.0
400,4.0
401,4.0
402,4.0
403,4.0
404,7.0
405,6.0
406,8.0
407,2.0
408,4.0
409,4.0
410,4.0
411,4.0
412,4.0
413,7.0
414,6.0
415,8.0
416,4.0
417,4.0
418,4.0
419,4.0
420,4.0
421,4.0
422,7.0
423,6.0
424,8.0
425,4.0
426,4.0
427,4.0
428,4.0
429,4.0
430,4.0
431,7.0
432,6.0
433,8.0
434,2.0
435,4.0
436,4.0
437,4.0
438,4.0
439,4.0
440,7.0
441,6.0
442,8.0
443,4.0
444,4.0
445,4.0
446,4.0
447,4.0
448,4.0
449,7.0
450,6.0
451,8.0
452,2.0
453,4.0
454,4.0
455,4.0
456,4.0
457,4.0
458,7.0
459,6.0
460,8.0
461,6.0
462,4.0
463,4.0
464,4.0
465,4.0
466,7.0
467,6.0
468,8.0
469,4.0
470,4.0
471,4.0
472,4.0
473,7.0
474,6.0
475,8.0
476,2.0
477,4.0
478,4.0
479,4.0
480,4.0
481,4.0
482,7.0
483,6.0
484,8.0
485,2.0
486,4.0
487,4.0
488,4.0
489,4.0
490,4.0
491,7.0
492,6.0
493,8.0
494,2.0
495,4.0
496,4.0
497,4.0
498,4.0
499,4.0
0,42.0
1,30.0
2,25.0
3,31.0
4,26.0
5,22.0
6,30.0
7,18.0
8,23.0
9,20.0
10,16.0
11,20.0
12,14.0
13,15.0
14,14.0
15,15.0
16,20.0
17,18.0
18,20.0
19,18.0
20,18.0
21,13.0
22,18.0
23,13.0
24,11.0
25,13.0
26,18.0
27,13.0
28,13.0
29,11.0
30,13.0
31,11.0
32,13.0
33,11.0
34,13.0
35,13.0
36,13.0
37,13.0
38,13.0
39,13.0
40,13.0
41,13.0
42,13.0
43,13.0
44,13.0
45,15.0
46,13.0
47,13.0
48,13.0
49,13.0
50,15.0
51,13.0
52,15.0
53,13.0
54,15.0
55,13.0
56,10.0
57,11.0
58,13.0
59,11.0
60,10.0
61,11.0
62,13.0
63,11.0
64,8.0
65,11.0
66,8.0
67,13.0
68,11.0
69,8.0
70,11.0
71,8.0
72,9.0
73,10.0
74,11.0
75,8.0
76,11.0
77,8.0
78,13.0
79,11.0
80,8.0
81,11.0
82,8.0
83,9.0
84,10.0
85,11.0
86,10.0
87,11.0
88,8.0
89,11.0
90,8.0
91,11.0
92,8.0
93,9.0
94,8.0
95,9.0
96,10.0
97,9.0
98,8.0
99,8.0
100,11.0
101,10.0
102,7.0
103,8.0
104,8.0
105,11.0
106,8.0
107,9.0
108,10.0
109,9.0
110,8.0
111,10.0
112,7.0
113,8.0
114,8.0
115,11.0
116,8.0
117,11.0
118,8.0
119,9.0
120,8.0
121,10.0
122,7.0
123,8.0
124,8.0
125,11.0
126,8.0
127,11.0
128,8.0
129,11.0
130,8.0
131,9.0
132,8.0
133,6.0
134,9.0
135,8.0
136,6.0
137,9.0
138,8.0
139,6.0
140,9.0
141,8.0
142,6.0
143,9.0
144,8.0
145,6.0
146,9.0
147,8.0
148,8.0
149,6.0
150,9.0
151,6.0
152,11.0
153,6.0
154,11.0
155,6.0
156,11.0
157,6.0
158,8.0
159,9.0
160,8.0
161,4.0
162,4.0
163,6.0
164,9.0
165,6.0
166,8.0
167,9.0
168,6.0
169,4.0
170,9.0
171,8.0
172,6.0
173,4.0
174,9.0
175,8.0
176,6.0
177,4.0
178,9.0
179,8.0
180,6.0
181,4.0
182,9.0
183,8.0
184,6.0
185,9.0
186,8.0
187,6.0
188,4.0
189,9.0
190,8.0
191,6.0
192,4.0
193,4.0
194,4.0
195,4.0
196,4.0
197,4.0
198,6.0
199,9.0
200,6.0
201,4.0
202,8.0
203,9.0
204,6.0
205,4.0
206,4.0
207,4.0
208,4.0
209,4.0
210,4.0
211,4.0
212,6.0
213,9.0
214,6.0
215,4.0
216,8.0
217,9.0
218,6.0
219,4.0
220,4.0
221,4.0
222,4.0
223,4.0
224,4.0
225,6.0
226,9.0
227,6.0
228,4.0
229,8.0
230,9.0
231,6.0
232,4.0
233,4.0
234,4.0
235,4.0
236,4.0
237,4.0
238,4.0
239,6.0
240,9.0
241,6.0
242,4.0
243,4.0
244,4.0
245,4.0
246,4.0
247,4.0
248,4.0
249,4.0
250,9.0
251,6.0
252,6.0
253,4.0
254,9.0
255,6.0
256,6.0
257,4.0
258,9.0
259,6.0
260,6.0
261,4.0
262,9.0
263,6.0
264,6.0
265,4.0
266,4.0
267,4.0
268,4.0
269,4.0
270,4.0
271,4.0
272,9.0
273,6.0
274,6.0
275,4.0
276,9.0
277,6.0
278,6.0
279,4.0
280,9.0
281,6.0
282,6.0
283,4.0
284,9.0
285,6.0
286,6.0
287,4.0
288,9.0
289,6.0
290,6.0
291,4.0
292,4.0
293,4.0
294,4.0
295,4.0
296,4.0
297,4.0
298,9.0
299,8.0
300,6.0
301,4.0
302,9.0
303,8.0
304,6.0
305,4.0
306,9.0
307,8.0
308,6.0
309,4.0
310,9.0
311,8.0
312,6.0
313,4.0
314,9.0
315,6.0
316,6.0
317,6.0
318,4.0
319,8.0
320,7.0
321,6.0
322,4.0
323,4.0
324,4.0
325,4.0
326,4.0
327,4.0
328,4.0
329,8.0
330,7.0
331,6.0
332,6.0
333,4.0
334,4.0
335,4.0
336,8.0
337,7.0
338,6.0
339,6.0
340,4.0
341,4.0
342,8.0
343,7.0
344,6.0
345,6.0
346,4.0
347,4.0
348,8.0
349,7.0
350,6.0
351,4.0
352,4.0
353,4.0
354,8.0
355,9.0
356,6.0
357,4.0
358,4.0
359,4.0
360,4.0
361,8.0
362,7.0
363,6.0
364,4.0
365,4.0
366,4.0
367,8.0
368,9.0
369,6.0
370,4.0
371,4.0
372,4.0
373,4.0
374,8.0
375,9.0
376,6.0
377,4.0
378,4.0
379,4.0
380,8.0
381,9.0
382,6.0
383,4.0
384,4.0
385,4.0
386,4.0
387,8.0
388,9.0
389,6.0
390,4.0
391,4.0
392,4.0
393,8.0
394,9.0
395,6.0
396,4.0
397,4.0
398,4.0
399,4.0
400,9.0
401,6.0
402,6.0
403,4.0
404,4.0
405,9.0
406,6.0
407,6.0
408,4.0
409,4.0
410,9.0
411,6.0
412,6.0
413,4.0
414,4.0
415,9.0
416,6.0
417,6.0
418,4.0
419,4.0
420,9.0
421,6.0
422,6.0
423,4.0
424,4.0
425,9.0
426,6.0
427,6.0
428,4.0
429,4.0
430,9.0
431,6.0
432,6.0
433,4.0
434,4.0
435,9.0
436,6.0
437,6.0
438,4.0
439,4.0
440,9.0
441,6.0
442,6.0
443,4.0
444,4.0
445,9.0
446,6.0
447,6.0
448,4.0
449,4.0
450,9.0
451,6.0
452,6.0
453,4.0
454,4.0
455,9.0
456,6.0
457,6.0
458,4.0
459,4.0
460,6.0
461,9.0
462,6.0
463,6.0
464,4.0
465,4.0
466,4.0
467,8.0
468,9.0
469,6.0
470,6.0
471,4.0
472,4.0
473,4.0
474,4.0
475,4.0
476,4.0
477,4.0
478,4.0
479,4.0
480,4.0
481,4.0
482,4.0
483,4.0
484,4.0
485,4.0
486,4.0
487,4.0
488,4.0
489,4.0
490,4.0
491,4.0
492,4.0
493,4.0
494,4.0
495,4.0
496,4.0
497,4.0
498,4.0
499,4.0
0,38.0
1,28.0
2,26.0
3,25.0
4,22.0
5,25.0
6,23.0
7,25.0
8,23.0
9,22.0
10,20.0
11,20.0
12,22.0
13,20.0
14,20.0
15,20.0
16,20.0
17,22.0
18,20.0
19,17.0
20,16.0
21,17.0
22,20.0
23,22.0
24,15.0
25,16.0
26,13.0
27,17.0
28,15.0
29,16.0
30,18.0
31,13.0
32,17.0
33,16.0
34,15.0
35,13.0
36,16.0
37,12.0
38,14.0
39,13.0
40,13.0
41,13.0
42,13.0
43,13.0
44,13.0
45,13.0
46,10.0
47,11.0
48,14.0
49,13.0
50,10.0
51,14.0
52,10.0
53,11.0
54,11.0
55,11.0
56,11.0
57,11.0
58,9.0
59,8.0
60,11.0
61,11.0
62,9.0
63,8.0
64,11.0
65,11.0
66,9.0
67,8.0
68,11.0
69,11.0
70,9.0
71,6.0
72,9.0
73,6.0
74,9.0
75,6.0
76,9.0
77,6.0
78,9.0
79,6.0
80,9.0
81,6.0
82,9.0
83,6.0
84,9.0
85,6.0
86,9.0
87,6.0
88,9.0
89,6.0
90,9.0
91,6.0
92,9.0
93,6.0
94,9.0
95,6.0
96,9.0
97,6.0
98,9.0
99,6.0
100,9.0
101,6.0
102,9.0
103,6.0
104,9.0
105,8.0
106,9.0
107,8.0
108,9.0
109,8.0
110,9.0
111,8.0
112,13.0
113,6.0
114,13.0
115,6.0
116,8.0
117,11.0
118,6.0
119,8.0
120,11.0
121,6.0
122,8.0
123,11.0
124,6.0
125,8.0
126,11.0
127,6.0
128,6.0
129,11.0
130,6.0
131,8.0
132,9.0
133,6.0
134,6.0
135,9.0
136,6.0
137,11.0
138,6.0
139,6.0
140,11.0
141,6.0
142,6.0
143,11.0
144,6.0
145,6.0
146,11.0
147,6.0
148,6.0
149,11.0
150,6.0
151,6.0
152,6.0
153,9.0
154,6.0
155,11.0
156,6.0
157,6.0
158,13.0
159,6.0
160,6.0
161,6.0
162,11.0
163,6.0
164,6.0
165,11.0
166,6.0
167,6.0
168,13.0
169,6.0
170,6.0
171,6.0
172,11.0
173,6.0
174,6.0
175,13.0
176,6.0
177,6.0
178,6.0
179,11.0
180,6.0
181,6.0
182,11.0
183,6.0
184,6.0
185,9.0
186,6.0
187,6.0
188,6.0
189,9.0
190,6.0
191,6.0
192,13.0
193,6.0
194,6.0
195,6.0
196,9.0
197,6.0
198,6.0
199,12.0
200,7.0
201,6.0
202,6.0
203,9.0
204,6.0
205,6.0
206,13.0
207,6.0
208,6.0
209,6.0
210,2.0
211,9.0
212,6.0
213,6.0
214,6.0
215,2.0
216,9.0
217,6.0
218,6.0
219,6.0
220,9.0
221,6.0
222,6.0
223,6.0
224,2.0
225,9.0
226,6.0
227,6.0
228,8.0
229,7.0
230,6.0
231,6.0
232,6.0
233,4.0
234,7.0
235,6.0
236,6.0
237,6.0
238,4.0
239,7.0
240,6.0
241,6.0
242,6.0
243,4.0
244,7.0
245,6.0
246,6.0
247,6.0
248,8.0
249,7.0
250,6.0
251,6.0
252,4.0
253,7.0
254,6.0
255,6.0
256,6.0
257,4.0
258,7.0
259,6.0
260,6.0
261,6.0
262,4.0
263,7.0
264,6.0
265,6.0
266,6.0
267,4.0
268,7.0
269,6.0
270,6.0
271,6.0
272,4.0
273,7.0
274,6.0
275,6.0
276,6.0
277,4.0
278,7.0
279,6.0
280,6.0
281,6.0
282,4.0
283,7.0
284,6.0
285,6.0
286,6.0
287,6.0
288,7.0
289,6.0
290,6.0
291,6.0
292,8.0
293,7.0
294,6.0
295,6.0
296,6.0
297,4.0
298,7.0
299,6.0
300,6.0
301,6.0
302,4.0
303,7.0
304,6.0
305,6.0
306,6.0
307,4.0
308,7.0
309,6.0
310,6.0
311,6.0
312,2.0
313,7.0
314,6.0
315,6.0
316,6.0
317,4.0
318,7.0
319,6.0
320,6.0
321,6.0
322,4.0
323,7.0
324,6.0
325,6.0
326,6.0
327,4.0
328,6.0
329,7.0
330,6.0
331,6.0
332,6.0
333,2.0
334,4.0
335,7.0
336,6.0
337,6.0
338,6.0
339,4.0
340,4.0
341,7.0
342,6.0
343,6.0
344,6.0
345,4.0
346,4.0
347,7.0
348,6.0
349,6.0
350,6.0
351,4.0
352,2.0
353,2.0
354,7.0
355,6.0
356,6.0
357,6.0
358,4.0
359,4.0
360,7.0
361,6.0
362,6.0
363,6.0
364,6.0
365,2.0
366,4.0
367,7.0
368,6.0
369,6.0
370,6.0
371,4.0
372,2.0
373,7.0
374,6.0
375,6.0
376,6.0
377,4.0
378,2.0
379,4.0
380,7.0
381,6.0
382,6.0
383,6.0
384,4.0
385,2.0
386,7.0
387,6.0
388,6.0
389,6.0
390,4.0
391,2.0
392,7.0
393,6.0
394,6.0
395,6.0
396,4.0
397,2.0
398,7.0
399,6.0
400,6.0
401,6.0
402,4.0
403,2.0
404,4.0
405,7.0
406,6.0
407,6.0
408,6.0
409,4.0
410,2.0
411,7.0
412,6.0
413,6.0
414,6.0
415,4.0
416,2.0
417,7.0
418,6.0
419,6.0
420,6.0
421,4.0
422,2.0
423,4.0
424,4.0
425,7.0
426,6.0
427,6.0
428,6.0
429,2.0
430,2.0
431,2.0
432,4.0
433,6.0
434,7.0
435,6.0
436,6.0
437,4.0
438,2.0
439,4.0
440,7.0
441,6.0
442,6.0
443,6.0
444,4.0
445,2.0
446,4.0
447,4.0
448,7.0
449,6.0
450,6.0
451,6.0
452,2.0
453,2.0
454,4.0
455,4.0
456,7.0
457,6.0
458,6.0
459,6.0
460,2.0
461,2.0
462,2.0
463,4.0
464,6.0
465,7.0
466,6.0
467,6.0
468,4.0
469,2.0
470,4.0
471,4.0
472,7.0
473,6.0
474,6.0
475,6.0
476,2.0
477,2.0
478,4.0
479,4.0
480,7.0
481,6.0
482,6.0
483,6.0
484,4.0
485,2.0
486,4.0
487,7.0
488,6.0
489,6.0
490,6.0
491,4.0
492,2.0
493,4.0
494,6.0
495,7.0
496,6.0
497,6.0
498,2.0
499,2.0
0,41.0
1,33.0
2,33.0
3,33.0
4,31.0
5,22.0
6,23.0
7,19.0
8,21.0
9,24.0
10,18.0
11,19.0
12,18.0
13,22.0
14,19.0
15,16.0
16,20.0
17,18.0
18,18.0
19,18.0
20,18.0
21,18.0
22,15.0
23,16.0
24,13.0
25,14.0
26,8.0
27,16.0
28,16.0
29,13.0
30,7.0
31,12.0
32,12.0
33,12.0
34,12.0
35,8.0
36,14.0
37,12.0
38,5.0
39,8.0
40,11.0
41,14.0
42,8.0
43,11.0
44,11.0
45,11.0
46,5.0
47,8.0
48,8.0
49,7.0
50,8.0
51,11.0
52,6.0
53,9.0
54,8.0
55,7.0
56,10.0
57,5.0
58,12.0
59,5.0
60,8.0
61,8.0
62,7.0
63,8.0
64,6.0
65,9.0
66,8.0
67,7.0
68,8.0
69,6.0
70,9.0
71,8.0
72,7.0
73,10.0
74,6.0
75,7.0
76,8.0
77,6.0
78,9.0
79,8.0
80,7.0
81,8.0
82,6.0
83,9.0
84,8.0
85,7.0
86,8.0
87,5.0
88,12.0
89,5.0
90,12.0
91,6.0
92,9.0
93,8.0
94,7.0
95,8.0
96,6.0
97,9.0
98,8.0
99,7.0
100,8.0
101,6.0
102,7.0
103,12.0
104,6.0
105,6.0
106,7.0
107,8.0
108,6.0
109,9.0
110,8.0
111,7.0
112,12.0
113,6.0
114,7.0
115,8.0
116,6.0
117,9.0
118,8.0
119,7.0
120,12.0
121,6.0
122,7.0
123,12.0
124,6.0
125,7.0
126,10.0
127,6.0
128,6.0
129,9.0
130,8.0
131,7.0
132,12.0
133,6.0
134,7.0
135,12.0
136,6.0
137,7.0
138,10.0
139,6.0
140,6.0
141,11.0
142,6.0
143,7.0
144,12.0
145,6.0
146,7.0
147,10.0
148,6.0
149,6.0
150,11.0
151,6.0
152,7.0
153,12.0
154,6.0
155,7.0
156,10.0
157,6.0
158,6.0
159,11.0
160,6.0
161,7.0
162,8.0
163,6.0
164,6.0
165,7.0
166,8.0
167,6.0
168,6.0
169,7.0
170,8.0
171,6.0
172,6.0
173,7.0
174,10.0
175,6.0
176,6.0
177,7.0
178,8.0
179,6.0
180,6.0
181,7.0
182,8.0
183,6.0
184,6.0
185,7.0
186,8.0
187,6.0
188,6.0
189,7.0
190,8.0
191,6.0
192,6.0
193,5.0
194,6.0
195,8.0
196,6.0
197,6.0
198,9.0
199,6.0
200,6.0
201,9.0
202,6.0
203,6.0
204,9.0
205,6.0
206,6.0
207,6.0
208,7.0
209,8.0
210,6.0
211,6.0
212,9.0
213,6.0
214,6.0
215,7.0
216,4.0
217,6.0
218,6.0
219,6.0
220,7.0
221,8.0
222,6.0
223,6.0
224,9.0
225,6.0
226,6.0
227,7.0
228,4.0
229,6.0
230,6.0
231,6.0
232,7.0
233,8.0
234,6.0
235,6.0
236,6.0
237,6.0
238,7.0
239,6.0
240,6.0
241,6.0
242,7.0
243,6.0
244,6.0
245,6.0
246,6.0
247,7.0
248,8.0
249,6.0
250,6.0
251,6.0
252,6.0
253,7.0
254,6.0
255,6.0
256,6.0
257,6.0
258,6.0
259,7.0
260,6.0
261,4.0
262,6.0
263,6.0
264,6.0
265,7.0
266,6.0
267,6.0
268,6.0
269,6.0
270,6.0
271,7.0
272,6.0
273,6.0
274,6.0
275,6.0
276,6.0
277,7.0
278,6.0
279,4.0
280,6.0
281,6.0
282,6.0
283,7.0
284,6.0
285,6.0
286,6.0
287,6.0
288,6.0
289,5.0
290,6.0
291,6.0
292,6.0
293,6.0
294,6.0
295,6.0
296,7.0
297,6.0
298,6.0
299,6.0
300,6.0
301,6.0
302,5.0
303,6.0
304,6.0
305,6.0
306,6.0
307,6.0
308,6.0
309,7.0
310,6.0
311,6.0
312,6.0
313,6.0
314,6.0
315,5.0
316,6.0
317,6.0
318,6.0
319,6.0
320,6.0
321,6.0
322,7.0
323,6.0
324,6.0
325,6.0
326,6.0
327,6.0
328,5.0
329,6.0
330,6.0
331,6.0
332,6.0
333,6.0
334,6.0
335,5.0
336,6.0
337,6.0
338,6.0
339,5.0
340,6.0
341,6.0
342,6.0
343,7.0
344,6.0
345,6.0
346,6.0
347,7.0
348,6.0
349,4.0
350,6.0
351,6.0
352,7.0
353,6.0
354,6.0
355,6.0
356,6.0
357,6.0
358,7.0
359,6.0
360,4.0
361,6.0
362,6.0
363,7.0
364,6.0
365,6.0
366,6.0
367,7.0
368,6.0
369,4.0
370,6.0
371,6.0
372,6.0
373,6.0
374,6.0
375,7.0
376,6.0
377,4.0
378,6.0
379,6.0
380,6.0
381,6.0
382,6.0
383,7.0
384,6.0
385,4.0
386,6.0
387,8.0
388,7.0
389,6.0
390,6.0
391,6.0
392,6.0
393,6.0
394,6.0
395,6.0
396,7.0
397,6.0
398,4.0
399,6.0
400,6.0
401,6.0
402,6.0
403,6.0
404,7.0
405,6.0
406,4.0
407,6.0
408,6.0
409,6.0
410,6.0
411,6.0
412,6.0
413,7.0
414,6.0
415,4.0
416,6.0
417,6.0
418,6.0
419,6.0
420,6.0
421,7.0
422,6.0
423,6.0
424,6.0
425,6.0
426,6.0
427,6.0
428,6.0
429,7.0
430,6.0
431,6.0
432,8.0
433,6.0
434,7.0
435,6.0
436,6.0
437,6.0
438,6.0
439,6.0
440,6.0
441,6.0
442,7.0
443,6.0
444,6.0
445,6.0
446,6.0
447,6.0
448,7.0
449,6.0
450,6.0
451,8.0
452,6.0
453,7.0
454,6.0
455,6.0
456,6.0
457,6.0
458,6.0
459,6.0
460,6.0
461,7.0
462,6.0
463,6.0
464,6.0
465,6.0
466,6.0
467,6.0
468,6.0
469,7.0
470,6.0
471,4.0
472,6.0
473,6.0
474,6.0
475,6.0
476,6.0
477,7.0
478,6.0
479,6.0
480,6.0
481,6.0
482,6.0
483,6.0
484,6.0
485,7.0
486,6.0
487,4.0
488,6.0
489,6.0
490,6.0
491,6.0
492,6.0
493,7.0
494,6.0
495,6.0
496,6.0
497,8.0
498,6.0
499,6.0
