0,49.0
1,34.0
2,26.0
3,10.0
4,22.0
5,30.0
6,21.0
7,21.0
8,16.0
9,16.0
10,21.0
11,16.0
12,21.0
13,18.0
14,16.0
15,16.0
16,8.0
17,9.0
18,9.0
19,10.0
20,15.0
21,8.0
22,7.0
23,16.0
24,11.0
25,4.0
26,11.0
27,16.0
28,4.0
29,11.0
30,11.0
31,11.0
32,13.0
33,11.0
34,13.0
35,11.0
36,11.0
37,13.0
38,11.0
39,11.0
40,11.0
41,13.0
42,11.0
43,11.0
44,13.0
45,13.0
46,6.0
47,11.0
48,11.0
49,13.0
50,13.0
51,6.0
52,11.0
53,13.0
54,6.0
55,11.0
56,6.0
57,11.0
58,6.0
59,11.0
60,11.0
61,6.0
62,11.0
63,6.0
64,11.0
65,13.0
66,11.0
67,6.0
68,11.0
69,6.0
70,11.0
71,6.0
72,9.0
73,6.0
74,9.0
75,6.0
76,9.0
77,6.0
78,9.0
79,6.0
80,9.0
81,6.0
82,11.0
83,6.0
84,9.0
85,6.0
86,9.0
87,6.0
88,9.0
89,6.0
90,9.0
91,6.0
92,9.0
93,4.0
94,4.0
95,11.0
96,6.0
97,9.0
98,4.0
99,4.0
100,11.0
101,6.0
102,9.0
103,4.0
104,4.0
105,9.0
106,4.0
107,4.0
108,9.0
109,6.0
110,9.0
111,6.0
112,9.0
113,4.0
114,13.0
115,6.0
116,9.0
117,4.0
118,4.0
119,9.0
120,4.0
121,4.0
122,9.0
123,6.0
124,9.0
125,4.0
126,4.0
127,9.0
128,4.0
129,4.0
130,9.0
131,4.0
132,4.0
133,9.0
134,6.0
135,9.0
136,4.0
137,4.0
138,9.0
139,4.0
140,4.0
141,9.0
142,6.0
143,9.0
144,4.0
145,11.0
146,4.0
147,6.0
148,9.0
149,6.0
150,9.0
151,4.0
152,4.0
153,9.0
154,4.0
155,4.0
156,9.0
157,6.0
158,9.0
159,4.0
160,4.0
161,7.0
162,4.0
163,11.0
164,4.0
165,6.0
166,9.0
167,6.0
168,9.0
169,4.0
170,4.0
171,7.0
172,4.0
173,10.0
174,5.0
175,6.0
176,9.0
177,4.0
178,10.0
179,5.0
180,4.0
181,4.0
182,9.0
183,6.0
184,7.0
185,4.0
186,4.0
187,9.0
188,4.0
189,4.0
190,7.0
191,4.0
192,4.0
193,9.0
194,4.0
195,4.0
196,7.0
197,4.0
198,4.0
199,7.0
200,4.0
201,4.0
202,9.0
203,4.0
204,4.0
205,7.0
206,4.0
207,4.0
208,7.0
209,4.0
210,4.0
211,9.0
212,4.0
213,4.0
214,7.0
215,4.0
216,4.0
217,6.0
218,5.0
219,6.0
220,6.0
221,5.0
222,6.0
223,6.0
224,5.0
225,6.0
226,6.0
227,5.0
228,6.0
229,9.0
230,4.0
231,4.0
232,7.0
233,4.0
234,4.0
235,7.0
236,4.0
237,4.0
238,9.0
239,4.0
240,4.0
241,6.0
242,3.0
243,4.0
244,4.0
245,9.0
246,4.0
247,4.0
248,7.0
249,4.0
250,4.0
251,9.0
252,4.0
253,4.0
254,9.0
255,4.0
256,4.0
257,7.0
258,4.0
259,4.0
260,9.0
261,4.0
262,4.0
263,9.0
264,4.0
265,4.0
266,4.0
267,7.0
268,4.0
269,4.0
270,4.0
271,7.0
272,6.0
273,6.0
274,7.0
275,4.0
276,4.0
277,4.0
278,7.0
279,6.0
280,6.0
281,7.0
282,4.0
283,4.0
284,7.0
285,4.0
286,2.0
287,4.0
288,4.0
289,4.0
290,7.0
291,4.0
292,4.0
293,4.0
294,4.0
295,6.0
296,3.0
297,4.0
298,6.0
299,4.0
300,7.0
301,4.0
302,4.0
303,4.0
304,4.0
305,6.0
306,3.0
307,4.0
308,2.0
309,4.0
310,4.0
311,4.0
312,7.0
313,4.0
314,4.0
315,4.0
316,4.0
317,6.0
318,5.0
319,6.0
320,4.0
321,6.0
322,5.0
323,6.0
324,4.0
325,6.0
326,3.0
327,4.0
328,6.0
329,4.0
330,6.0
331,5.0
332,6.0
333,4.0
334,6.0
335,5.0
336,6.0
337,4.0
338,6.0
339,5.0
340,6.0
341,4.0
342,6.0
343,3.0
344,4.0
345,2.0
346,4.0
347,4.0
348,4.0
349,6.0
350,5.0
351,6.0
352,4.0
353,6.0
354,5.0
355,6.0
356,4.0
357,6.0
358,3.0
359,4.0
360,6.0
361,4.0
362,4.0
363,4.0
364,6.0
365,5.0
366,6.0
367,4.0
368,6.0
369,5.0
370,6.0
371,4.0
372,6.0
373,5.0
374,6.0
375,4.0
376,6.0
377,5.0
378,6.0
379,4.0
380,4.0
381,3.0
382,2.0
383,2.0
384,4.0
385,6.0
386,4.0
387,4.0
388,4.0
389,4.0
390,4.0
391,5.0
392,4.0
393,4.0
394,4.0
395,4.0
396,5.0
397,2.0
398,4.0
399,6.0
400,4.0
401,4.0
402,4.0
403,6.0
404,5.0
405,4.0
406,4.0
407,4.0
408,4.0
409,5.0
410,4.0
411,4.0
412,4.0
413,4.0
414,6.0
415,5.0
416,4.0
417,4.0
418,4.0
419,5.0
420,4.0
421,6.0
422,4.0
423,4.0
424,4.0
425,6.0
426,5.0
427,4.0
428,4.0
429,4.0
430,4.0
431,5.0
432,4.0
433,4.0
434,4.0
435,4.0
436,6.0
437,5.0
438,4.0
439,4.0
440,4.0
441,5.0
442,4.0
443,4.0
444,4.0
445,4.0
446,4.0
447,6.0
448,5.0
449,4.0
450,4.0
451,4.0
452,4.0
453,6.0
454,5.0
455,4.0
456,4.0
457,4.0
458,4.0
459,4.0
460,6.0
461,5.0
462,4.0
463,4.0
464,4.0
465,4.0
466,6.0
467,5.0
468,4.0
469,4.0
470,4.0
471,6.0
472,5.0
473,4.0
474,4.0
475,4.0
476,4.0
477,6.0
478,5.0
479,2.0
480,4.0
481,4.0
482,4.0
483,4.0
484,5.0
485,4.0
486,4.0
487,4.0
488,4.0
489,6.0
490,5.0
491,4.0
492,4.0
493,4.0
494,4.0
495,4.0
496,6.0
497,5.0
498,4.0
499,4.0
0,37.0
1,25.0
2,30.0
3,20.0
4,22.0
5,14.0
6,18.0
7,22.0
8,14.0
9,14.0
10,18.0
11,8.0
12,9.0
13,9.0
14,9.0
15,9.0
16,9.0
17,9.0
18,9.0
19,9.0
20,9.0
21,9.0
22,9.0
23,9.0
24,9.0
25,9.0
26,9.0
27,9.0
28,9.0
29,10.0
30,8.0
31,9.0
32,13.0
33,11.0
34,4.0
35,7.0
36,11.0
37,4.0
38,9.0
39,11.0
40,4.0
41,11.0
42,11.0
43,11.0
44,4.0
45,11.0
46,4.0
47,13.0
48,11.0
49,4.0
50,11.0
51,4.0
52,11.0
53,11.0
54,11.0
55,4.0
56,11.0
57,4.0
58,11.0
59,11.0
60,11.0
61,4.0
62,11.0
63,4.0
64,11.0
65,9.0
66,6.0
67,9.0
68,4.0
69,11.0
70,9.0
71,6.0
72,9.0
73,4.0
74,9.0
75,6.0
76,9.0
77,4.0
78,11.0
79,9.0
80,6.0
81,9.0
82,4.0
83,9.0
84,9.0
85,6.0
86,9.0
87,4.0
88,9.0
89,6.0
90,9.0
91,4.0
92,11.0
93,2.0
94,4.0
95,9.0
96,2.0
97,4.0
98,9.0
99,2.0
100,4.0
101,9.0
102,2.0
103,4.0
104,9.0
105,4.0
106,9.0
107,6.0
108,9.0
109,2.0
110,4.0
111,9.0
112,2.0
113,4.0
114,9.0
115,4.0
116,9.0
117,4.0
118,2.0
119,4.0
120,7.0
121,4.0
122,4.0
123,9.0
124,4.0
125,4.0
126,9.0
127,4.0
128,4.0
129,9.0
130,4.0
131,4.0
132,9.0
133,4.0
134,4.0
135,9.0
136,4.0
137,4.0
138,9.0
139,4.0
140,2.0
141,4.0
142,9.0
143,4.0
144,2.0
145,4.0
146,9.0
147,4.0
148,4.0
149,9.0
150,4.0
151,2.0
152,4.0
153,9.0
154,4.0
155,2.0
156,4.0
157,9.0
158,4.0
159,2.0
160,4.0
161,9.0
162,4.0
163,2.0
164,4.0
165,9.0
166,4.0
167,4.0
168,9.0
169,4.0
170,2.0
171,4.0
172,9.0
173,4.0
174,2.0
175,4.0
176,9.0
177,4.0
178,2.0
179,4.0
180,6.0
181,5.0
182,2.0
183,4.0
184,7.0
185,4.0
186,4.0
187,9.0
188,4.0
189,4.0
190,6.0
191,5.0
192,2.0
193,2.0
194,4.0
195,9.0
196,4.0
197,2.0
198,4.0
199,9.0
200,4.0
201,2.0
202,4.0
203,9.0
204,4.0
205,2.0
206,4.0
207,6.0
208,5.0
209,2.0
210,2.0
211,4.0
212,9.0
213,4.0
214,2.0
215,4.0
216,9.0
217,4.0
218,2.0
219,4.0
220,6.0
221,4.0
222,5.0
223,2.0
224,2.0
225,4.0
226,8.0
227,5.0
228,2.0
229,4.0
230,4.0
231,6.0
232,4.0
233,5.0
234,2.0
235,4.0
236,4.0
237,6.0
238,4.0
239,5.0
240,2.0
241,4.0
242,8.0
243,5.0
244,2.0
245,4.0
246,4.0
247,6.0
248,4.0
249,5.0
250,2.0
251,4.0
252,4.0
253,6.0
254,4.0
255,5.0
256,2.0
257,4.0
258,4.0
259,6.0
260,4.0
261,5.0
262,2.0
263,4.0
264,4.0
265,6.0
266,4.0
267,5.0
268,2.0
269,4.0
270,4.0
271,6.0
272,4.0
273,5.0
274,2.0
275,4.0
276,6.0
277,5.0
278,2.0
279,4.0
280,6.0
281,5.0
282,2.0
283,4.0
284,6.0
285,5.0
286,2.0
287,2.0
288,2.0
289,4.0
290,6.0
291,5.0
292,4.0
293,4.0
294,6.0
295,5.0
296,4.0
297,2.0
298,2.0
299,4.0
300,6.0
301,4.0
302,5.0
303,2.0
304,4.0
305,6.0
306,5.0
307,4.0
308,2.0
309,2.0
310,4.0
311,6.0
312,4.0
313,5.0
314,2.0
315,4.0
316,6.0
317,4.0
318,5.0
319,2.0
320,4.0
321,6.0
322,5.0
323,4.0
324,2.0
325,2.0
326,4.0
327,6.0
328,4.0
329,5.0
330,2.0
331,4.0
332,6.0
333,5.0
334,4.0
335,2.0
336,2.0
337,4.0
338,6.0
339,4.0
340,5.0
341,2.0
342,4.0
343,6.0
344,4.0
345,5.0
346,2.0
347,4.0
348,4.0
349,4.0
350,5.0
351,2.0
352,2.0
353,4.0
354,6.0
355,4.0
356,5.0
357,2.0
358,4.0
359,4.0
360,4.0
361,5.0
362,4.0
363,2.0
364,4.0
365,6.0
366,4.0
367,5.0
368,2.0
369,4.0
370,6.0
371,4.0
372,5.0
373,2.0
374,4.0
375,4.0
376,4.0
377,5.0
378,4.0
379,2.0
380,4.0
381,6.0
382,4.0
383,5.0
384,2.0
385,4.0
386,4.0
387,4.0
388,5.0
389,4.0
390,2.0
391,4.0
392,4.0
393,4.0
394,6.0
395,5.0
396,4.0
397,4.0
398,4.0
399,4.0
400,4.0
401,5.0
402,4.0
403,4.0
404,4.0
405,4.0
406,4.0
407,5.0
408,4.0
409,4.0
410,4.0
411,6.0
412,4.0
413,5.0
414,0.0
415,0.0
416,0.0
417,0.0
418,0.0
419,0.0
420,0.0
421,0.0
422,0.0
423,0.0
424,0.0
425,0.0
426,0.0
427,0.0
428,0.0
429,0.0
430,0.0
431,0.0
432,0.0
433,0.0
434,0.0
435,0.0
436,0.0
437,0.0
438,0.0
439,0.0
440,0.0
441,0.0
442,0.0
443,0.0
444,0.0
445,0.0
446,0.0
447,0.0
448,0.0
449,0.0
450,0.0
451,0.0
452,0.0
453,0.0
454,0.0
455,0.0
456,0.0
457,0.0
458,0.0
459,0.0
460,0.0
461,0.0
462,0.0
463,0.0
464,0.0
465,0.0
466,0.0
467,0.0
468,0.0
469,0.0
470,0.0
471,0.0
472,0.0
473,0.0
474,0.0
475,0.0
476,0.0
477,0.0
478,0.0
479,0.0
480,0.0
481,0.0
482,0.0
483,0.0
484,0.0
485,0.0
486,0.0
487,0.0
488,0.0
489,0.0
490,0.0
491,0.0
492,0.0
493,0.0
494,0.0
495,0.0
496,0.0
497,0.0
498,0.0
499,0.0
0,34.0
1,23.0
2,16.0
3,21.0
4,16.0
5,16.0
6,25.0
7,23.0
8,6.0
9,21.0
10,16.0
11,6.0
12,18.0
13,21.0
14,13.0
15,6.0
16,18.0
17,25.0
18,13.0
19,11.0
20,13.0
21,16.0
22,13.0
23,6.0
24,13.0
25,9.0
26,15.0
27,11.0
28,16.0
29,6.0
30,13.0
31,11.0
32,15.0
33,9.0
34,8.0
35,15.0
36,11.0
37,11.0
38,13.0
39,6.0
40,13.0
41,9.0
42,15.0
43,13.0
44,8.0
45,11.0
46,13.0
47,6.0
48,13.0
49,13.0
50,13.0
51,6.0
52,9.0
53,8.0
54,9.0
55,13.0
56,6.0
57,11.0
58,15.0
59,6.0
60,13.0
61,13.0
62,6.0
63,11.0
64,13.0
65,6.0
66,11.0
67,13.0
68,6.0
69,11.0
70,13.0
71,6.0
72,11.0
73,11.0
74,8.0
75,11.0
76,6.0
77,11.0
78,13.0
79,6.0
80,11.0
81,13.0
82,6.0
83,11.0
84,15.0
85,6.0
86,9.0
87,8.0
88,11.0
89,11.0
90,8.0
91,11.0
92,6.0
93,9.0
94,8.0
95,11.0
96,8.0
97,11.0
98,6.0
99,9.0
100,8.0
101,11.0
102,8.0
103,11.0
104,6.0
105,9.0
106,8.0
107,11.0
108,6.0
109,11.0
110,6.0
111,11.0
112,6.0
113,9.0
114,8.0
115,8.0
116,9.0
117,11.0
118,8.0
119,8.0
120,9.0
121,13.0
122,8.0
123,8.0
124,9.0
125,11.0
126,8.0
127,8.0
128,9.0
129,13.0
130,8.0
131,9.0
132,8.0
133,9.0
134,8.0
135,8.0
136,9.0
137,13.0
138,8.0
139,8.0
140,9.0
141,11.0
142,8.0
143,8.0
144,9.0
145,6.0
146,8.0
147,9.0
148,8.0
149,9.0
150,6.0
151,8.0
152,9.0
153,6.0
154,9.0
155,8.0
156,8.0
157,9.0
158,11.0
159,8.0
160,9.0
161,8.0
162,6.0
163,11.0
164,6.0
165,6.0
166,9.0
167,6.0
168,6.0
169,11.0
170,6.0
171,6.0
172,9.0
173,6.0
174,6.0
175,9.0
176,6.0
177,6.0
178,9.0
179,6.0
180,6.0
181,7.0
182,8.0
183,6.0
184,11.0
185,6.0
186,6.0
187,7.0
188,6.0
189,6.0
190,6.0
191,9.0
192,6.0
193,6.0
194,7.0
195,6.0
196,6.0
197,6.0
198,9.0
199,6.0
200,6.0
201,7.0
202,6.0
203,4.0
204,6.0
205,11.0
206,6.0
207,6.0
208,7.0
209,6.0
210,4.0
211,6.0
212,11.0
213,6.0
214,6.0
215,6.0
216,9.0
217,6.0
218,6.0
219,9.0
220,6.0
221,6.0
222,6.0
223,9.0
224,6.0
225,6.0
226,9.0
227,6.0
228,6.0
229,11.0
230,6.0
231,6.0
232,6.0
233,9.0
234,6.0
235,6.0
236,9.0
237,6.0
238,6.0
239,11.0
240,6.0
241,6.0
242,6.0
243,9.0
244,6.0
245,6.0
246,9.0
247,8.0
248,4.0
249,6.0
250,9.0
251,6.0
252,6.0
253,9.0
254,8.0
255,4.0
256,6.0
257,9.0
258,8.0
259,4.0
260,8.0
261,9.0
262,6.0
263,6.0
264,9.0
265,8.0
266,4.0
267,6.0
268,9.0
269,8.0
270,4.0
271,8.0
272,9.0
273,4.0
274,4.0
275,6.0
276,9.0
277,8.0
278,4.0
279,8.0
280,9.0
281,4.0
282,4.0
283,6.0
284,9.0
285,8.0
286,4.0
287,8.0
288,9.0
289,4.0
290,4.0
291,6.0
292,9.0
293,8.0
294,4.0
295,8.0
296,7.0
297,8.0
298,4.0
299,4.0
300,6.0
301,7.0
302,8.0
303,4.0
304,4.0
305,8.0
306,7.0
307,8.0
308,4.0
309,4.0
310,6.0
311,7.0
312,8.0
313,4.0
314,4.0
315,8.0
316,7.0
317,8.0
318,4.0
319,4.0
320,6.0
321,7.0
322,8.0
323,4.0
324,4.0
325,9.0
326,8.0
327,4.0
328,4.0
329,11.0
330,8.0
331,4.0
332,6.0
333,9.0
334,4.0
335,4.0
336,4.0
337,9.0
338,8.0
339,4.0
340,6.0
341,9.0
342,4.0
343,4.0
344,6.0
345,9.0
346,4.0
347,4.0
348,4.0
349,8.0
350,7.0
351,8.0
352,4.0
353,4.0
354,9.0
355,8.0
356,4.0
357,6.0
358,9.0
359,4.0
360,4.0
361,4.0
362,9.0
363,8.0
364,4.0
365,6.0
366,7.0
367,6.0
368,4.0
369,4.0
370,4.0
371,9.0
372,8.0
373,4.0
374,6.0
375,7.0
376,6.0
377,6.0
378,4.0
379,4.0
380,9.0
381,8.0
382,4.0
383,6.0
384,7.0
385,6.0
386,6.0
387,4.0
388,4.0
389,9.0
390,6.0
391,4.0
392,4.0
393,6.0
394,7.0
395,6.0
396,4.0
397,4.0
398,6.0
399,7.0
400,6.0
401,6.0
402,4.0
403,6.0
404,7.0
405,6.0
406,6.0
407,4.0
408,4.0
409,6.0
410,7.0
411,6.0
412,2.0
413,4.0
414,4.0
415,6.0
416,7.0
417,6.0
418,6.0
419,4.0
420,4.0
421,6.0
422,7.0
423,6.0
424,2.0
425,4.0
426,4.0
427,6.0
428,7.0
429,6.0
430,6.0
431,4.0
432,4.0
433,6.0
434,7.0
435,6.0
436,2.0
437,4.0
438,4.0
439,4.0
440,6.0
441,7.0
442,6.0
443,2.0
444,4.0
445,4.0
446,6.0
447,7.0
448,6.0
449,6.0
450,4.0
451,4.0
452,6.0
453,7.0
454,6.0
455,2.0
456,4.0
457,4.0
458,6.0
459,7.0
460,6.0
461,6.0
462,4.0
463,4.0
464,6.0
465,7.0
466,6.0
467,4.0
468,4.0
469,4.0
470,4.0
471,6.0
472,7.0
473,6.0
474,4.0
475,4.0
476,4.0
477,6.0
478,7.0
479,6.0
480,6.0
481,4.0
482,4.0
483,6.0
484,7.0
485,6.0
486,4.0
487,2.0
488,4.0
489,4.0
490,6.0
491,7.0
492,6.0
493,4.0
494,4.0
495,2.0
496,4.0
497,4.0
498,6.0
499,7.0
0,36.0
1,31.0
2,27.0
3,26.0
4,20.0
5,23.0
6,13.0
7,23.0
8,19.0
9,16.0
10,22.0
11,13.0
12,18.0
13,19.0
14,19.0
15,11.0
16,19.0
17,19.0
18,13.0
19,13.0
20,13.0
21,13.0
22,13.0
23,13.0
24,13.0
25,13.0
26,13.0
27,13.0
28,13.0
29,13.0
30,13.0
31,13.0
32,13.0
33,13.0
34,13.0
35,13.0
36,6.0
37,11.0
38,13.0
39,13.0
40,13.0
41,13.0
42,13.0
43,13.0
44,13.0
45,13.0
46,6.0
47,11.0
48,13.0
49,13.0
50,13.0
51,13.0
52,13.0
53,13.0
54,13.0
55,13.0
56,6.0
57,11.0
58,13.0
59,13.0
60,11.0
61,8.0
62,11.0
63,6.0
64,9.0
65,6.0
66,9.0
67,6.0
68,11.0
69,6.0
70,9.0
71,6.0
72,9.0
73,6.0
74,11.0
75,8.0
76,9.0
77,8.0
78,9.0
79,8.0
80,9.0
81,6.0
82,11.0
83,6.0
84,11.0
85,6.0
86,11.0
87,6.0
88,11.0
89,6.0
90,11.0
91,6.0
92,11.0
93,6.0
94,11.0
95,6.0
96,11.0
97,8.0
98,11.0
99,6.0
100,11.0
101,6.0
102,11.0
103,8.0
104,11.0
105,6.0
106,11.0
107,8.0
108,11.0
109,6.0
110,11.0
111,6.0
112,11.0
113,8.0
114,9.0
115,8.0
116,9.0
117,8.0
118,9.0
119,8.0
120,9.0
121,8.0
122,9.0
123,8.0
124,9.0
125,8.0
126,9.0
127,8.0
128,9.0
129,8.0
130,9.0
131,8.0
132,9.0
133,8.0
134,9.0
135,6.0
136,4.0
137,9.0
138,6.0
139,11.0
140,6.0
141,4.0
142,9.0
143,6.0
144,11.0
145,6.0
146,4.0
147,9.0
148,6.0
149,11.0
150,6.0
151,4.0
152,9.0
153,6.0
154,11.0
155,6.0
156,4.0
157,9.0
158,6.0
159,11.0
160,6.0
161,6.0
162,9.0
163,6.0
164,11.0
165,6.0
166,6.0
167,9.0
168,6.0
169,11.0
170,6.0
171,6.0
172,9.0
173,6.0
174,6.0
175,11.0
176,6.0
177,9.0
178,6.0
179,8.0
180,9.0
181,6.0
182,9.0
183,6.0
184,4.0
185,9.0
186,6.0
187,6.0
188,9.0
189,6.0
190,11.0
191,6.0
192,4.0
193,4.0
194,11.0
195,6.0
196,4.0
197,9.0
198,6.0
199,4.0
200,4.0
201,11.0
202,6.0
203,4.0
204,9.0
205,6.0
206,4.0
207,4.0
208,11.0
209,6.0
210,4.0
211,4.0
212,11.0
213,6.0
214,2.0
215,9.0
216,6.0
217,2.0
218,9.0
219,6.0
220,2.0
221,9.0
222,6.0
223,2.0
224,9.0
225,6.0
226,6.0
227,11.0
228,6.0
229,4.0
230,9.0
231,6.0
232,4.0
233,9.0
234,6.0
235,4.0
236,9.0
237,6.0
238,4.0
239,9.0
240,6.0
241,4.0
242,4.0
243,11.0
244,6.0
245,4.0
246,9.0
247,6.0
248,4.0
249,9.0
250,6.0
251,4.0
252,9.0
253,6.0
254,4.0
255,4.0
256,9.0
257,6.0
258,4.0
259,4.0
260,11.0
261,6.0
262,4.0
263,4.0
264,11.0
265,6.0
266,4.0
267,4.0
268,11.0
269,6.0
270,6.0
271,9.0
272,6.0
273,4.0
274,4.0
275,11.0
276,6.0
277,4.0
278,4.0
279,8.0
280,5.0
281,6.0
282,6.0
283,4.0
284,11.0
285,6.0
286,4.0
287,4.0
288,4.0
289,11.0
290,6.0
291,4.0
292,4.0
293,4.0
294,9.0
295,6.0
296,4.0
297,6.0
298,9.0
299,6.0
300,4.0
301,6.0
302,8.0
303,7.0
304,6.0
305,4.0
306,9.0
307,6.0
308,4.0
309,4.0
310,4.0
311,9.0
312,6.0
313,4.0
314,4.0
315,4.0
316,9.0
317,6.0
318,4.0
319,4.0
320,8.0
321,7.0
322,6.0
323,4.0
324,4.0
325,4.0
326,11.0
327,6.0
328,4.0
329,4.0
330,8.0
331,7.0
332,6.0
333,4.0
334,4.0
335,8.0
336,7.0
337,6.0
338,4.0
339,8.0
340,7.0
341,4.0
342,4.0
343,4.0
344,8.0
345,7.0
346,6.0
347,4.0
348,4.0
349,4.0
350,9.0
351,6.0
352,4.0
353,4.0
354,4.0
355,4.0
356,8.0
357,7.0
358,4.0
359,4.0
360,4.0
361,4.0
362,8.0
363,7.0
364,4.0
365,4.0
366,4.0
367,7.0
368,4.0
369,6.0
370,6.0
371,4.0
372,4.0
373,4.0
374,4.0
375,8.0
376,7.0
377,4.0
378,4.0
379,4.0
380,7.0
381,4.0
382,6.0
383,6.0
384,4.0
385,4.0
386,4.0
387,4.0
388,8.0
389,7.0
390,4.0
391,4.0
392,4.0
393,4.0
394,6.0
395,8.0
396,7.0
397,4.0
398,4.0
399,4.0
400,8.0
401,7.0
402,4.0
403,4.0
404,4.0
405,4.0
406,4.0
407,8.0
408,7.0
409,4.0
410,4.0
411,4.0
412,4.0
413,4.0
414,8.0
415,7.0
416,4.0
417,4.0
418,4.0
419,4.0
420,4.0
421,6.0
422,7.0
423,6.0
424,4.0
425,4.0
426,4.0
427,8.0
428,7.0
429,4.0
430,4.0
431,4.0
432,4.0
433,8.0
434,7.0
435,4.0
436,4.0
437,4.0
438,8.0
439,7.0
440,4.0
441,4.0
442,4.0
443,4.0
444,4.0
445,6.0
446,7.0
447,6.0
448,4.0
449,4.0
450,4.0
451,8.0
452,7.0
453,4.0
454,4.0
455,4.0
456,8.0
457,7.0
458,4.0
459,4.0
460,4.0
461,4.0
462,4.0
463,8.0
464,7.0
465,4.0
466,4.0
467,4.0
468,4.0
469,4.0
470,6.0
471,7.0
472,6.0
473,4.0
474,4.0
475,4.0
476,4.0
477,6.0
478,7.0
479,4.0
480,4.0
481,4.0
482,4.0
483,4.0
484,6.0
485,7.0
486,4.0
487,4.0
488,4.0
489,4.0
490,4.0
491,6.0
492,7.0
493,4.0
494,4.0
495,4.0
496,4.0
497,4.0
498,6.0
499,7.0
0,42.0
1,19.0
2,28.0
3,19.0
4,23.0
5,15.0
6,16.0
7,16.0
8,16.0
9,11.0
10,11.0
11,11.0
12,11.0
13,16.0
14,16.0
15,16.0
16,16.0
17,16.0
18,16.0
19,11.0
20,9.0
21,9.0
22,11.0
23,11.0
24,11.0
25,11.0
26,9.0
27,9.0
28,11.0
29,13.0
30,11.0
31,13.0
32,11.0
33,13.0
34,11.0
35,13.0
36,11.0
37,4.0
38,11.0
39,13.0
40,11.0
41,13.0
42,11.0
43,4.0
44,11.0
45,13.0
46,11.0
47,13.0
48,11.0
49,4.0
50,11.0
51,13.0
52,4.0
53,9.0
54,15.0
55,4.0
56,9.0
57,15.0
58,4.0
59,9.0
60,15.0
61,4.0
62,9.0
63,15.0
64,4.0
65,9.0
66,15.0
67,4.0
68,7.0
69,8.0
70,9.0
71,15.0
72,4.0
73,9.0
74,15.0
75,4.0
76,9.0
77,15.0
78,4.0
79,9.0
80,6.0
81,9.0
82,8.0
83,9.0
84,8.0
85,9.0
86,6.0
87,9.0
88,8.0
89,9.0
90,8.0
91,9.0
92,6.0
93,9.0
94,8.0
95,9.0
96,8.0
97,9.0
98,6.0
99,9.0
100,8.0
101,9.0
102,8.0
103,7.0
104,8.0
105,9.0
106,8.0
107,7.0
108,8.0
109,9.0
110,8.0
111,7.0
112,8.0
113,9.0
114,8.0
115,7.0
116,8.0
117,9.0
118,8.0
119,7.0
120,8.0
121,9.0
122,6.0
123,6.0
124,7.0
125,8.0
126,9.0
127,6.0
128,6.0
129,9.0
130,8.0
131,7.0
132,8.0
133,9.0
134,6.0
135,6.0
136,9.0
137,6.0
138,6.0
139,7.0
140,8.0
141,9.0
142,6.0
143,6.0
144,7.0
145,8.0
146,9.0
147,6.0
148,6.0
149,6.0
150,7.0
151,6.0
152,6.0
153,7.0
154,6.0
155,6.0
156,6.0
157,7.0
158,6.0
159,6.0
160,6.0
161,7.0
162,6.0
163,4.0
164,7.0
165,8.0
166,6.0
167,6.0
168,7.0
169,6.0
170,6.0
171,7.0
172,8.0
173,6.0
174,6.0
175,7.0
176,6.0
177,6.0
178,7.0
179,6.0
180,6.0
181,6.0
182,7.0
183,6.0
184,6.0
185,7.0
186,8.0
187,6.0
188,6.0
189,7.0
190,6.0
191,6.0
192,7.0
193,6.0
194,6.0
195,6.0
196,7.0
197,6.0
198,6.0
199,7.0
200,8.0
201,6.0
202,6.0
203,7.0
204,6.0
205,6.0
206,7.0
207,6.0
208,6.0
209,6.0
210,7.0
211,6.0
212,8.0
213,7.0
214,8.0
215,6.0
216,8.0
217,7.0
218,8.0
219,6.0
220,6.0
221,5.0
222,6.0
223,6.0
224,8.0
225,7.0
226,8.0
227,6.0
228,6.0
229,5.0
230,6.0
231,6.0
232,6.0
233,7.0
234,6.0
235,6.0
236,5.0
237,6.0
238,6.0
239,6.0
240,5.0
241,6.0
242,6.0
243,8.0
244,7.0
245,8.0
246,6.0
247,6.0
248,5.0
249,6.0
250,6.0
251,8.0
252,7.0
253,6.0
254,6.0
255,6.0
256,7.0
257,6.0
258,6.0
259,5.0
260,6.0
261,6.0
262,6.0
263,5.0
264,6.0
265,6.0
266,8.0
267,7.0
268,8.0
269,6.0
270,6.0
271,5.0
272,6.0
273,6.0
274,8.0
275,7.0
276,6.0
277,6.0
278,8.0
279,7.0
280,4.0
281,6.0
282,6.0
283,8.0
284,5.0
285,6.0
286,6.0
287,8.0
288,7.0
289,4.0
290,6.0
291,6.0
292,8.0
293,5.0
294,6.0
295,6.0
296,8.0
297,7.0
298,4.0
299,6.0
300,6.0
301,8.0
302,5.0
303,6.0
304,6.0
305,8.0
306,7.0
307,4.0
308,6.0
309,6.0
310,8.0
311,5.0
312,6.0
313,6.0
314,8.0
315,7.0
316,4.0
317,6.0
318,6.0
319,8.0
320,5.0
321,6.0
322,6.0
323,8.0
324,5.0
325,4.0
326,6.0
327,6.0
328,8.0
329,5.0
330,4.0
331,6.0
332,6.0
333,8.0
334,5.0
335,4.0
336,6.0
337,6.0
338,8.0
339,5.0
340,4.0
341,6.0
342,6.0
343,8.0
344,5.0
345,6.0
346,6.0
347,6.0
348,5.0
349,4.0
350,6.0
351,6.0
352,8.0
353,5.0
354,6.0
355,6.0
356,6.0
357,5.0
358,4.0
359,6.0
360,6.0
361,8.0
362,5.0
363,6.0
364,6.0
365,8.0
366,5.0
367,4.0
368,6.0
369,6.0
370,8.0
371,5.0
372,4.0
373,6.0
374,6.0
375,8.0
376,5.0
377,6.0
378,6.0
379,6.0
380,5.0
381,4.0
382,6.0
383,6.0
384,8.0
385,5.0
386,6.0
387,6.0
388,6.0
389,5.0
390,4.0
391,6.0
392,6.0
393,8.0
394,5.0
395,6.0
396,6.0
397,8.0
398,5.0
399,4.0
400,6.0
401,6.0
402,8.0
403,5.0
404,6.0
405,6.0
406,6.0
407,5.0
408,4.0
409,6.0
410,6.0
411,7.0
412,4.0
413,4.0
414,4.0
415,6.0
416,6.0
417,8.0
418,5.0
419,6.0
420,6.0
421,8.0
422,5.0
423,4.0
424,6.0
425,4.0
426,4.0
427,6.0
428,6.0
429,7.0
430,4.0
431,4.0
432,4.0
433,6.0
434,6.0
435,8.0
436,5.0
437,4.0
438,4.0
439,4.0
440,4.0
441,6.0
442,6.0
443,6.0
444,5.0
445,4.0
446,6.0
447,4.0
448,6.0
449,6.0
450,6.0
451,5.0
452,4.0
453,4.0
454,4.0
455,4.0
456,6.0
457,6.0
458,6.0
459,5.0
460,4.0
461,4.0
462,4.0
463,4.0
464,6.0
465,6.0
466,8.0
467,5.0
468,4.0
469,4.0
470,6.0
471,6.0
472,6.0
473,5.0
474,4.0
475,4.0
476,4.0
477,4.0
478,6.0
479,6.0
480,6.0
481,5.0
482,4.0
483,4.0
484,4.0
485,6.0
486,6.0
487,6.0
488,5.0
489,4.0
490,4.0
491,4.0
492,4.0
493,6.0
494,6.0
495,6.0
496,5.0
497,4.0
498,4.0
499,4.0
